vel10,ang10,T,HR,P,vel2,ang2,vel6,ang6,station,date,altitud,latitud,longitud
2.6,273.0,17.1,54.0,926.4,-1.0,-1.0,-1.0,-1.0,CA,2010-09-08 00:00:00,693,41.95378,1.5851
1.0,230.0,11.8,95.0,933.7,-1.0,-1.0,-1.0,-1.0,CC,2010-09-08 00:00:00,626,42.07398,2.20862
1.2,52.0,15.2,57.0,909.2,-1.0,-1.0,-1.0,-1.0,CD,2010-09-08 00:00:00,849,42.37083,1.43277
2.6,254.0,18.8,56.0,968.1,-1.0,-1.0,-1.0,-1.0,CE,2010-09-08 00:00:00,316,41.53109,1.80813
0.9,296.0,9.6,83.0,851.5,-1.0,-1.0,-1.0,-1.0,CG,2010-09-08 00:00:00,1405,42.37717,2.41456
0.2,217.0,9.6,98.0,909.1,-1.0,-1.0,-1.0,-1.0,CI,2010-09-08 00:00:00,852,42.25839,2.36429
1.2,296.0,15.2,62.0,940.0,-1.0,-1.0,-1.0,-1.0,CJ,2010-09-08 00:00:00,566.5,42.21624,1.33132
1.0,210.0,18.0,55.0,964.2,-1.0,-1.0,-1.0,-1.0,CL,2010-09-08 00:00:00,349,41.67399,1.76796
1.2,261.0,16.2,56.0,927.3,-1.0,-1.0,-1.0,-1.0,CP,2010-09-08 00:00:00,690,42.13924,1.03893
0.5,279.0,16.9,55.0,937.8,-1.0,-1.0,-1.0,-1.0,CQ,2010-09-08 00:00:00,594,41.99546,1.02569
0.9,343.0,12.0,98.0,907.6,-1.0,-1.0,-1.0,-1.0,CR,2010-09-08 00:00:00,873,42.08032,1.9624
0.6,353.0,10.8,97.0,912.5,-1.0,-1.0,-1.0,-1.0,CT,2010-09-08 00:00:00,823,42.39811,0.74362
1.1,81.0,11.7,86.0,894.0,-1.0,-1.0,-1.0,-1.0,CU,2010-09-08 00:00:00,1002,42.69856,0.79397
0.6,327.0,13.9,76.0,946.3,-1.0,-1.0,-1.0,-1.0,CV,2010-09-08 00:00:00,513.3,42.23939,0.96434
4.2,253.0,17.9,60.0,954.7,-1.0,-1.0,-1.0,-1.0,CW,2010-09-08 00:00:00,446,41.39241,1.09894
5.6,254.0,15.9,62.0,913.1,-1.0,-1.0,-1.0,-1.0,CY,2010-09-08 00:00:00,816,41.87813,2.17873
3.6,226.0,17.7,65.0,974.9,-1.0,-1.0,-1.0,-1.0,C6,2010-09-08 00:00:00,264,41.6566,0.95172
3.8,254.0,18.2,55.0,956.6,-1.0,-1.0,-1.0,-1.0,C7,2010-09-08 00:00:00,427,41.66695,1.16234
5.3,276.0,16.9,57.0,941.1,-1.0,-1.0,-1.0,-1.0,C8,2010-09-08 00:00:00,554,41.67555,1.29609
-1.0,-1.0,23.3,44.0,978.0,-1.0,-1.0,-1.0,-1.0,C9,2010-09-08 00:00:00,240,40.71825,0.39988
8.0,321.0,23.1,40.0,984.5,-1.0,-1.0,-1.0,-1.0,DB,2010-09-08 00:00:00,179,40.87287,0.71581
1.5,203.0,14.0,94.0,955.8,-1.0,-1.0,-1.0,-1.0,DC,2010-09-08 00:00:00,421.5,42.19144,2.48263
1.1,326.0,17.7,85.0,998.6,-1.0,-1.0,-1.0,-1.0,DD,2010-09-08 00:00:00,44.5,41.51175,2.38674
1.0,206.0,15.5,94.0,1000.4,-1.0,-1.0,-1.0,-1.0,DF,2010-09-08 00:00:00,28.6,41.97751,3.03543
2.4,34.0,5.8,80.0,795.7,-1.0,-1.0,-1.0,-1.0,DG,2010-09-08 00:00:00,1971.4,42.39848,2.15517
5.8,302.0,20.5,48.0,957.2,-1.0,-1.0,-1.0,-1.0,DI,2010-09-08 00:00:00,415,41.43292,1.62386
2.4,298.0,17.0,91.0,983.4,-1.0,-1.0,-1.0,-1.0,DJ,2010-09-08 00:00:00,176,42.11653,2.78969
1.2,316.0,19.5,64.0,1004.1,-1.0,-1.0,-1.0,-1.0,DK,2010-09-08 00:00:00,2,41.14677,1.41846
2.8,314.0,22.2,56.0,1004.8,-1.0,-1.0,-1.0,-1.0,DL,2010-09-08 00:00:00,0.5,40.70719,0.83449
0.7,270.0,16.6,91.0,993.5,-1.0,-1.0,-1.0,-1.0,DM,2010-09-08 00:00:00,90,41.96012,2.80696
1.1,267.0,15.2,97.0,986.6,-1.0,-1.0,-1.0,-1.0,DN,2010-09-08 00:00:00,150,41.96095,2.63108
2.1,268.0,15.3,96.0,1002.2,-1.0,-1.0,-1.0,-1.0,DO,2010-09-08 00:00:00,14,41.80857,3.03241
2.8,86.0,9.5,82.0,883.7,-1.0,-1.0,-1.0,-1.0,DP,2010-09-08 00:00:00,1097,42.38605,1.8664
3.5,319.0,19.3,51.0,972.5,-1.0,-1.0,-1.0,-1.0,DQ,2010-09-08 00:00:00,287,41.30728,1.36259
-1.0,-1.0,15.3,89.0,959.8,-1.0,-1.0,-1.0,-1.0,D1,2010-09-08 00:00:00,404,41.28521,0.75383
-1.0,-1.0,13.9,96.0,965.1,-1.0,-1.0,-1.0,-1.0,D2,2010-09-08 00:00:00,343,41.59252,1.915
2.8,292.0,22.3,42.0,975.1,-1.0,-1.0,-1.0,-1.0,D3,2010-09-08 00:00:00,252,41.38197,1.93564
1.4,317.0,18.2,90.0,1000.5,-1.0,-1.0,-1.0,-1.0,D4,2010-09-08 00:00:00,24,42.27065,3.18165
1.5,176.0,19.1,49.0,957.4,-1.0,-1.0,-1.0,-1.0,D5,2010-09-08 00:00:00,411.2,41.41843,2.12388
8.6,10.0,19.3,69.0,980.9,-1.0,-1.0,-1.0,-1.0,D6,2010-09-08 00:00:00,196,42.43515,3.16622
2.4,310.0,19.3,72.0,999.6,-1.0,-1.0,-1.0,-1.0,D7,2010-09-08 00:00:00,53,41.18499,0.59376
6.0,297.0,18.9,54.0,948.1,-1.0,-1.0,-1.0,-1.0,D8,2010-09-08 00:00:00,515,40.95134,0.30565
4.0,317.0,23.4,38.0,997.8,-1.0,-1.0,-1.0,-1.0,D9,2010-09-08 00:00:00,59,41.21553,1.52121
1.4,55.0,16.0,76.0,966.3,-1.0,-1.0,-1.0,-1.0,H1,2010-09-08 00:00:00,333,41.58642,1.65306
1.4,22.0,15.3,92.0,980.0,-1.0,-1.0,-1.0,-1.0,R1,2010-09-08 00:00:00,210,41.70637,1.87276
-1.0,-1.0,23.0,49.0,-1.0,3.0,292.0,-1.0,-1.0,UA,2010-09-08 00:00:00,93,40.9091,0.76943
-1.0,-1.0,16.1,93.0,-1.0,0.4,259.0,-1.0,-1.0,UB,2010-09-08 00:00:00,15,42.05398,3.06195
-1.0,-1.0,15.7,93.0,-1.0,0.6,232.0,-1.0,-1.0,UC,2010-09-08 00:00:00,60,41.97726,2.99705
-1.0,-1.0,15.7,92.0,-1.0,-1.0,-1.0,-1.0,-1.0,UD,2010-09-08 00:00:00,12,42.02895,3.06227
-1.0,-1.0,16.1,96.0,-1.0,-1.0,-1.0,-1.0,-1.0,UE,2010-09-08 00:00:00,4,42.02306,3.15719
-1.0,-1.0,18.5,49.0,-1.0,4.7,303.0,-1.0,-1.0,UF,2010-09-08 00:00:00,573,41.28832,1.90775
-1.0,-1.0,22.9,47.0,-1.0,2.2,240.0,-1.0,-1.0,UG,2010-09-08 00:00:00,3,41.29928,2.03787
-1.0,-1.0,18.3,54.0,-1.0,1.3,258.0,2.7,269.0,UH,2010-09-08 00:00:00,545,41.34171,1.48769
-1.0,-1.0,9.8,78.0,-1.0,0.6,256.0,-1.0,-1.0,UI,2010-09-08 00:00:00,1386,42.26477,1.76218
-1.0,-1.0,15.9,63.0,-1.0,1.1,287.0,3.3,291.0,UJ,2010-09-08 00:00:00,709,41.52879,1.3683
-1.0,-1.0,21.6,45.0,-1.0,0.4,330.0,-1.0,-1.0,UK,2010-09-08 00:00:00,161,41.27861,1.80479
-1.0,-1.0,19.1,56.0,-1.0,2.1,247.0,-1.0,-1.0,UL,2010-09-08 00:00:00,228,41.52911,0.75303
-1.0,-1.0,17.3,60.0,-1.0,2.2,305.0,-1.0,-1.0,UM,2010-09-08 00:00:00,505,41.35991,0.66789
-1.0,-1.0,14.0,95.0,-1.0,0.3,71.0,-1.0,-1.0,UN,2010-09-08 00:00:00,171,41.87449,2.92694
-1.0,-1.0,14.6,93.0,-1.0,-1.0,-1.0,-1.0,-1.0,UO,2010-09-08 00:00:00,97,41.91461,2.82069
1.5,347.0,17.3,85.0,994.0,-1.0,-1.0,-1.0,-1.0,UP,2010-09-08 00:00:00,81,41.51773,2.37702
-1.0,-1.0,17.2,65.0,-1.0,0.6,253.0,-1.0,-1.0,UQ,2010-09-08 00:00:00,460,41.61991,2.44532
-1.0,-1.0,24.3,40.0,-1.0,1.5,308.0,-1.0,-1.0,US,2010-09-08 00:00:00,24,40.55786,0.52329
6.1,318.0,23.4,45.0,1005.0,-1.0,-1.0,-1.0,-1.0,UU,2010-09-08 00:00:00,3,40.70776,0.6321
-1.0,-1.0,23.2,41.0,-1.0,2.0,322.0,-1.0,-1.0,UV,2010-09-08 00:00:00,205,40.71727,0.41633
-1.0,-1.0,22.4,52.0,1006.0,2.4,328.0,-1.0,-1.0,UW,2010-09-08 00:00:00,0,40.62725,0.65922
-1.0,-1.0,23.0,41.0,-1.0,1.5,306.0,-1.0,-1.0,UX,2010-09-08 00:00:00,210,40.62652,0.37112
-1.0,-1.0,17.2,55.0,-1.0,0.8,270.0,1.9,280.0,UY,2010-09-08 00:00:00,576,41.87912,0.76103
-1.0,-1.0,17.3,92.0,-1.0,1.7,318.0,-1.0,-1.0,U1,2010-09-08 00:00:00,31,42.30648,2.95481
1.5,267.0,16.6,94.0,1004.0,-1.0,-1.0,-1.0,-1.0,U2,2010-09-08 00:00:00,4,42.17716,3.0968
-1.0,-1.0,19.0,54.0,-1.0,0.7,169.0,-1.0,-1.0,U3,2010-09-08 00:00:00,257,41.37491,1.63032
2.2,303.0,16.7,66.0,-1.0,1.2,298.0,-1.0,-1.0,U4,2010-09-08 00:00:00,507,41.83094,1.84699
-1.0,-1.0,14.2,68.0,-1.0,1.2,221.0,-1.0,-1.0,U5,2010-09-08 00:00:00,969,41.31349,0.99611
-1.0,-1.0,22.5,48.0,-1.0,1.0,266.0,-1.0,-1.0,U6,2010-09-08 00:00:00,29,41.08017,1.06661
-1.0,-1.0,23.3,41.0,-1.0,2.7,330.0,-1.0,-1.0,U7,2010-09-08 00:00:00,52,40.85936,0.50525
-1.0,-1.0,24.0,40.0,-1.0,2.3,314.0,-1.0,-1.0,U9,2010-09-08 00:00:00,62,40.76947,0.61635
-1.0,-1.0,20.9,52.0,-1.0,2.8,304.0,-1.0,-1.0,VA,2010-09-08 00:00:00,257,41.19645,0.51161
3.0,275.0,21.8,52.0,-1.0,-1.0,-1.0,-1.0,-1.0,VB,2010-09-08 00:00:00,32,41.06289,0.63517
-1.0,-1.0,22.9,48.0,-1.0,5.6,270.0,-1.0,-1.0,VC,2010-09-08 00:00:00,69,41.24415,0.43266
-1.0,-1.0,17.9,54.0,-1.0,4.9,250.0,-1.0,-1.0,VD,2010-09-08 00:00:00,429,41.68939,1.20381
-1.0,-1.0,19.0,62.0,-1.0,1.6,253.0,-1.0,-1.0,VE,2010-09-08 00:00:00,97,41.48692,0.46058
-1.0,-1.0,17.8,69.0,-1.0,0.7,242.0,-1.0,-1.0,VF,2010-09-08 00:00:00,122,41.56482,0.54999
-1.0,-1.0,17.4,65.0,-1.0,3.1,275.0,-1.0,-1.0,VH,2010-09-08 00:00:00,259,41.65814,0.39301
-1.0,-1.0,18.5,58.0,-1.0,1.6,248.0,-1.0,-1.0,VJ,2010-09-08 00:00:00,161,41.59957,0.6478
5.0,274.0,17.3,67.0,973.4,-1.0,-1.0,-1.0,-1.0,VK,2010-09-08 00:00:00,286,41.68328,0.4487
3.4,281.0,20.9,48.0,-1.0,1.5,263.0,-1.0,-1.0,VL,2010-09-08 00:00:00,100,41.46014,0.40562
-1.0,-1.0,18.7,58.0,-1.0,3.6,270.0,-1.0,-1.0,VM,2010-09-08 00:00:00,222,41.7145,0.62839
-1.0,-1.0,15.0,94.0,-1.0,-1.0,-1.0,-1.0,-1.0,VN,2010-09-08 00:00:00,117,41.88244,2.74262
-1.0,-1.0,14.1,63.0,-1.0,0.8,52.0,-1.0,-1.0,VO,2010-09-08 00:00:00,785,42.08745,1.42792
-1.0,-1.0,14.8,71.0,-1.0,2.3,254.0,3.3,268.0,VP,2010-09-08 00:00:00,659,41.80483,1.53853
3.3,270.0,19.7,55.0,992.0,-1.0,-1.0,-1.0,-1.0,VQ,2010-09-08 00:00:00,112,41.1713,1.16774
-1.0,-1.0,17.1,66.0,-1.0,0.7,218.0,-1.0,-1.0,VR,2010-09-08 00:00:00,291,41.68994,1.04401
2.7,10.0,4.9,96.0,769.8,-1.0,-1.0,-1.0,-1.0,VS,2010-09-08 00:00:00,2247,42.63835,0.77889
-1.0,-1.0,17.1,80.0,-1.0,0.4,301.0,-1.0,-1.0,VT,2010-09-08 00:00:00,84,41.48401,2.12745
-1.0,-1.0,16.6,66.0,-1.0,0.7,81.0,-1.0,-1.0,VU,2010-09-08 00:00:00,421,41.63286,1.91718
2.0,188.0,18.6,54.0,-1.0,-1.0,-1.0,-1.0,-1.0,VV,2010-09-08 00:00:00,528,41.68129,2.02647
-1.0,-1.0,14.5,64.0,-1.0,0.6,334.0,-1.0,-1.0,VX,2010-09-08 00:00:00,1030,41.74761,2.30291
-1.0,-1.0,19.0,56.0,-1.0,-1.0,-1.0,-1.0,-1.0,VY,2010-09-08 00:00:00,240,41.25095,1.29863
-1.0,-1.0,17.1,87.0,-1.0,-1.0,-1.0,-1.0,-1.0,VZ,2010-09-08 00:00:00,83,42.38443,3.00736
-1.0,-1.0,18.5,59.0,-1.0,2.0,246.0,-1.0,-1.0,V1,2010-09-08 00:00:00,238,41.78487,0.82939
-1.0,-1.0,13.1,95.0,-1.0,0.6,303.0,-1.0,-1.0,V3,2010-09-08 00:00:00,509,41.95224,2.23271
-1.0,-1.0,11.5,96.0,928.0,-1.0,-1.0,0.5,350.0,V4,2010-09-08 00:00:00,684,42.11477,2.21483
-1.0,-1.0,11.9,98.0,-1.0,0.7,108.0,1.0,96.0,V5,2010-09-08 00:00:00,774,42.03947,2.11993
-1.0,-1.0,16.6,70.0,-1.0,0.5,224.0,-1.0,-1.0,V8,2010-09-08 00:00:00,223,41.67279,0.87741
-1.0,-1.0,17.7,54.0,-1.0,1.7,293.0,-1.0,-1.0,WA,2010-09-08 00:00:00,443,41.87694,1.1541
-1.0,-1.0,17.5,60.0,-1.0,3.4,272.0,-1.0,-1.0,WB,2010-09-08 00:00:00,267,41.76036,0.67022
-1.0,-1.0,17.9,61.0,-1.0,1.3,230.0,-1.0,-1.0,WC,2010-09-08 00:00:00,261,41.63642,0.92446
-1.0,-1.0,19.4,56.0,-1.0,2.6,306.0,-1.0,-1.0,WD,2010-09-08 00:00:00,382,41.08671,0.31884
-1.0,-1.0,14.6,94.0,-1.0,0.9,73.0,-1.0,-1.0,WE,2010-09-08 00:00:00,126,41.5444,2.30014
-1.0,-1.0,14.9,94.0,-1.0,-1.0,-1.0,-1.0,-1.0,WF,2010-09-08 00:00:00,108,41.95425,2.77578
-1.0,-1.0,17.5,60.0,-1.0,1.0,262.0,-1.0,-1.0,WG,2010-09-08 00:00:00,301,41.80104,0.64804
-1.0,-1.0,19.2,54.0,-1.0,2.5,311.0,-1.0,-1.0,WI,2010-09-08 00:00:00,350,41.35741,0.4809
-1.0,-1.0,20.7,56.0,-1.0,2.3,307.0,-1.0,-1.0,WJ,2010-09-08 00:00:00,141,41.1223,0.72182
-1.0,-1.0,17.8,60.0,-1.0,1.6,280.0,-1.0,-1.0,WK,2010-09-08 00:00:00,268,41.81949,0.57768
-1.0,-1.0,18.0,57.0,-1.0,3.1,237.0,-1.0,-1.0,WL,2010-09-08 00:00:00,413,41.57236,1.0882
1.9,292.0,13.4,68.0,-1.0,-1.0,-1.0,-1.0,-1.0,WM,2010-09-08 00:00:00,1167,42.10736,1.8267
-1.0,-1.0,17.2,49.0,-1.0,-1.0,-1.0,4.6,318.0,WN,2010-09-08 00:00:00,916,41.59539,1.83751
-1.0,-1.0,21.1,45.0,-1.0,-1.0,-1.0,-1.0,-1.0,WO,2010-09-08 00:00:00,185,41.27151,1.46717
-1.0,-1.0,17.2,62.0,-1.0,0.9,69.0,-1.0,-1.0,WP,2010-09-08 00:00:00,325,41.48518,1.69337
9.4,308.0,9.4,76.0,835.1,-1.0,-1.0,-1.0,-1.0,WQ,2010-09-08 00:00:00,1572,42.0513,0.72952
-1.0,-1.0,20.0,54.0,-1.0,0.7,277.0,-1.0,-1.0,WR,2010-09-08 00:00:00,300,41.2163,0.79748
4.9,276.0,15.1,62.0,899.0,-1.0,-1.0,-1.0,-1.0,WS,2010-09-08 00:00:00,953,41.84008,2.41877
1.8,6.0,17.0,93.0,1004.0,-1.0,-1.0,-1.0,-1.0,WT,2010-09-08 00:00:00,2,41.64707,2.75658
-1.0,-1.0,22.6,49.0,999.0,-1.0,-1.0,3.5,278.0,WU,2010-09-08 00:00:00,42,41.45215,2.24757
0.6,313.0,10.5,98.0,917.0,-1.0,-1.0,-1.0,-1.0,WV,2010-09-08 00:00:00,788,42.23414,1.87485
-1.0,-1.0,14.2,97.0,-1.0,-1.0,-1.0,-1.0,-1.0,WW,2010-09-08 00:00:00,278,41.79423,1.9368
-1.0,-1.0,16.1,57.0,-1.0,1.9,270.0,-1.0,-1.0,WX,2010-09-08 00:00:00,668,41.9178,0.88175
-1.0,-1.0,19.6,59.0,-1.0,0.9,272.0,-1.0,-1.0,WY,2010-09-08 00:00:00,164,41.43386,1.79429
4.5,314.0,23.8,39.0,1002.0,-1.0,-1.0,-1.0,-1.0,WZ,2010-09-08 00:00:00,17,41.20187,1.63346
-1.0,-1.0,16.9,95.0,-1.0,-1.0,-1.0,-1.0,-1.0,W1,2010-09-08 00:00:00,2,42.24726,3.09021
-1.0,-1.0,15.7,94.0,-1.0,-1.0,-1.0,-1.0,-1.0,W2,2010-09-08 00:00:00,7,42.18259,3.05783
-1.0,-1.0,16.6,94.0,-1.0,-1.0,-1.0,-1.0,-1.0,W3,2010-09-08 00:00:00,4,42.15006,3.06494
-1.0,-1.0,20.5,50.0,-1.0,1.6,281.0,-1.0,-1.0,W4,2010-09-08 00:00:00,240,41.36619,1.72857
-1.0,-1.0,16.3,54.0,-1.0,0.8,64.0,-1.0,-1.0,W5,2010-09-08 00:00:00,490,42.07683,1.31489
-1.0,-1.0,21.8,50.0,-1.0,1.1,288.0,-1.0,-1.0,W6,2010-09-08 00:00:00,158,41.13738,1.0187
-1.0,-1.0,18.4,56.0,-1.0,-1.0,-1.0,-1.0,-1.0,W8,2010-09-08 00:00:00,438,41.44237,1.15998
-1.0,-1.0,13.3,98.0,-1.0,0.4,240.0,-1.0,-1.0,W9,2010-09-08 00:00:00,461,42.14557,2.45451
4.1,286.0,15.5,63.0,917.5,-1.0,-1.0,-1.0,-1.0,XA,2010-09-08 00:00:00,785,41.60257,1.4007
-1.0,-1.0,17.5,58.0,-1.0,-1.0,-1.0,-1.0,-1.0,XB,2010-09-08 00:00:00,584,41.4779,1.53529
2.6,319.0,19.9,54.0,987.6,-1.0,-1.0,-1.0,-1.0,XC,2010-09-08 00:00:00,147,41.47892,1.97546
4.4,297.0,17.3,56.0,928.0,-1.0,-1.0,-1.0,-1.0,XD,2010-09-08 00:00:00,687,41.32,0.8857
4.3,259.0,23.8,45.0,1004.1,-1.0,-1.0,-1.0,-1.0,XE,2010-09-08 00:00:00,5,41.10393,1.201
3.3,272.0,19.1,60.0,974.4,-1.0,-1.0,-1.0,-1.0,XF,2010-09-08 00:00:00,258,41.56568,2.06952
1.2,172.0,17.2,90.0,990.5,-1.0,-1.0,-1.0,-1.0,XG,2010-09-08 00:00:00,123,41.56734,2.22619
-1.0,-1.0,12.6,87.0,928.5,-1.0,-1.0,-1.0,-1.0,XH,2010-09-08 00:00:00,679,42.40533,1.12993
-1.0,-1.0,18.0,60.0,977.6,2.1,235.0,-1.0,-1.0,XI,2010-09-08 00:00:00,247,41.61817,0.87182
3.9,282.0,19.6,61.0,965.7,-1.0,-1.0,-1.0,-1.0,X1,2010-09-08 00:00:00,359,41.15374,0.81953
-1.0,-1.0,23.7,43.0,-1.0,-1.0,-1.0,-1.0,-1.0,X2,2010-09-08 00:00:00,7,41.38943,2.18847
7.0,270.0,16.4,71.0,963.0,-1.0,-1.0,-1.0,-1.0,X3,2010-09-08 00:00:00,370,41.74281,0.5358
2.0,282.0,23.4,45.0,999.9,-1.0,-1.0,-1.0,-1.0,X4,2010-09-08 00:00:00,33,41.3839,2.16775
7.3,256.0,14.0,68.0,890.6,-1.0,-1.0,-1.0,-1.0,X5,2010-09-08 00:00:00,1055,40.79705,0.31822
-1.0,-1.0,18.3,49.0,-1.0,0.7,303.0,-1.0,-1.0,X6,2010-09-08 00:00:00,366,41.92173,1.02901
-1.0,-1.0,19.0,56.0,-1.0,3.9,281.0,-1.0,-1.0,X7,2010-09-08 00:00:00,215,41.51909,0.55314
0.5,174.0,19.6,59.0,994.5,-1.0,-1.0,-1.0,-1.0,X8,2010-09-08 00:00:00,79,41.37919,2.1054
0.6,310.0,15.6,94.0,984.0,-1.0,-1.0,-1.0,-1.0,X9,2010-09-08 00:00:00,176,41.61265,2.16836
2.1,184.0,3.8,87.0,-1.0,-1.0,-1.0,-1.0,-1.0,ZB,2010-09-08 00:00:00,2451,42.51939,1.36597
-1.0,-1.0,4.5,99.0,-1.0,-1.0,-1.0,1.3,287.0,Z1,2010-09-08 00:00:00,2266,42.64691,0.98486
-1.0,-1.0,2.7,90.0,-1.0,-1.0,-1.0,4.1,298.0,Z2,2010-09-08 00:00:00,2535,42.46602,0.88405
-1.0,-1.0,5.5,75.0,-1.0,-1.0,-1.0,0.5,332.0,Z3,2010-09-08 00:00:00,2230,42.46605,1.7785
-1.0,-1.0,5.3,71.0,-1.0,-1.0,-1.0,1.7,252.0,Z4,2010-09-08 00:00:00,2364,42.42205,2.2524
-1.0,-1.0,4.6,91.0,-1.0,-1.0,-1.0,1.1,238.0,Z5,2010-09-08 00:00:00,2400,42.70029,1.27201
-1.0,-1.0,3.7,97.0,-1.0,-1.0,-1.0,0.7,330.0,Z6,2010-09-08 00:00:00,2228,42.77011,0.73198
1.9,223.0,4.2,76.0,-1.0,-1.0,-1.0,-1.0,-1.0,Z7,2010-09-08 00:00:00,2519,42.53412,1.05476
-1.0,-1.0,4.2,94.0,-1.0,-1.0,-1.0,8.2,266.0,Z8,2010-09-08 00:00:00,2316,42.18254,1.52407
0.6,200.0,5.9,84.0,-1.0,-1.0,-1.0,-1.0,-1.0,Z9,2010-09-08 00:00:00,2143,42.29265,1.71498
2.2,288.0,16.5,56.0,926.6,-1.0,-1.0,-1.0,-1.0,CA,2010-09-08 00:30:00,693,41.95378,1.5851
0.8,207.0,11.3,95.0,933.7,-1.0,-1.0,-1.0,-1.0,CC,2010-09-08 00:30:00,626,42.07398,2.20862
0.8,6.0,15.1,57.0,909.4,-1.0,-1.0,-1.0,-1.0,CD,2010-09-08 00:30:00,849,42.37083,1.43277
4.0,284.0,18.3,58.0,968.2,-1.0,-1.0,-1.0,-1.0,CE,2010-09-08 00:30:00,316,41.53109,1.80813
0.6,25.0,9.4,86.0,851.7,-1.0,-1.0,-1.0,-1.0,CG,2010-09-08 00:30:00,1405,42.37717,2.41456
0.8,15.0,10.0,98.0,909.3,-1.0,-1.0,-1.0,-1.0,CI,2010-09-08 00:30:00,852,42.25839,2.36429
1.0,280.0,14.4,65.0,940.2,-1.0,-1.0,-1.0,-1.0,CJ,2010-09-08 00:30:00,566.5,42.21624,1.33132
1.0,207.0,16.9,61.0,964.6,-1.0,-1.0,-1.0,-1.0,CL,2010-09-08 00:30:00,349,41.67399,1.76796
1.0,283.0,16.1,57.0,927.5,-1.0,-1.0,-1.0,-1.0,CP,2010-09-08 00:30:00,690,42.13924,1.03893
0.6,29.0,16.2,58.0,938.0,-1.0,-1.0,-1.0,-1.0,CQ,2010-09-08 00:30:00,594,41.99546,1.02569
0.8,349.0,11.6,98.0,907.6,-1.0,-1.0,-1.0,-1.0,CR,2010-09-08 00:30:00,873,42.08032,1.9624
0.9,19.0,10.5,97.0,912.6,-1.0,-1.0,-1.0,-1.0,CT,2010-09-08 00:30:00,823,42.39811,0.74362
1.4,33.0,11.2,85.0,894.4,-1.0,-1.0,-1.0,-1.0,CU,2010-09-08 00:30:00,1002,42.69856,0.79397
0.6,340.0,13.7,78.0,946.4,-1.0,-1.0,-1.0,-1.0,CV,2010-09-08 00:30:00,513.3,42.23939,0.96434
4.0,262.0,17.8,59.0,955.0,-1.0,-1.0,-1.0,-1.0,CW,2010-09-08 00:30:00,446,41.39241,1.09894
6.6,256.0,16.2,58.0,913.2,-1.0,-1.0,-1.0,-1.0,CY,2010-09-08 00:30:00,816,41.87813,2.17873
3.8,217.0,17.0,69.0,975.3,-1.0,-1.0,-1.0,-1.0,C6,2010-09-08 00:30:00,264,41.6566,0.95172
4.0,255.0,17.8,58.0,956.9,-1.0,-1.0,-1.0,-1.0,C7,2010-09-08 00:30:00,427,41.66695,1.16234
5.9,270.0,16.6,59.0,941.5,-1.0,-1.0,-1.0,-1.0,C8,2010-09-08 00:30:00,554,41.67555,1.29609
-1.0,-1.0,22.9,46.0,978.4,-1.0,-1.0,-1.0,-1.0,C9,2010-09-08 00:30:00,240,40.71825,0.39988
6.8,332.0,22.5,44.0,985.1,-1.0,-1.0,-1.0,-1.0,DB,2010-09-08 00:30:00,179,40.87287,0.71581
0.4,262.0,13.8,93.0,956.1,-1.0,-1.0,-1.0,-1.0,DC,2010-09-08 00:30:00,421.5,42.19144,2.48263
1.3,297.0,18.3,78.0,998.8,-1.0,-1.0,-1.0,-1.0,DD,2010-09-08 00:30:00,44.5,41.51175,2.38674
0.2,62.0,15.4,94.0,1000.9,-1.0,-1.0,-1.0,-1.0,DF,2010-09-08 00:30:00,28.6,41.97751,3.03543
1.6,34.0,5.9,78.0,795.9,-1.0,-1.0,-1.0,-1.0,DG,2010-09-08 00:30:00,1971.4,42.39848,2.15517
5.1,286.0,20.3,49.0,957.5,-1.0,-1.0,-1.0,-1.0,DI,2010-09-08 00:30:00,415,41.43292,1.62386
2.3,340.0,16.5,91.0,984.0,-1.0,-1.0,-1.0,-1.0,DJ,2010-09-08 00:30:00,176,42.11653,2.78969
1.5,305.0,19.6,62.0,1004.4,-1.0,-1.0,-1.0,-1.0,DK,2010-09-08 00:30:00,2,41.14677,1.41846
4.0,310.0,23.4,48.0,1005.1,-1.0,-1.0,-1.0,-1.0,DL,2010-09-08 00:30:00,0.5,40.70719,0.83449
0.5,260.0,16.5,92.0,993.9,-1.0,-1.0,-1.0,-1.0,DM,2010-09-08 00:30:00,90,41.96012,2.80696
1.5,297.0,15.4,95.0,987.0,-1.0,-1.0,-1.0,-1.0,DN,2010-09-08 00:30:00,150,41.96095,2.63108
2.0,263.0,15.2,95.0,1002.4,-1.0,-1.0,-1.0,-1.0,DO,2010-09-08 00:30:00,14,41.80857,3.03241
3.1,111.0,9.7,81.0,883.7,-1.0,-1.0,-1.0,-1.0,DP,2010-09-08 00:30:00,1097,42.38605,1.8664
3.5,321.0,19.4,51.0,972.8,-1.0,-1.0,-1.0,-1.0,DQ,2010-09-08 00:30:00,287,41.30728,1.36259
-1.0,-1.0,15.4,85.0,960.3,-1.0,-1.0,-1.0,-1.0,D1,2010-09-08 00:30:00,404,41.28521,0.75383
-1.0,-1.0,13.9,96.0,965.3,-1.0,-1.0,-1.0,-1.0,D2,2010-09-08 00:30:00,343,41.59252,1.915
2.9,285.0,22.2,43.0,975.2,-1.0,-1.0,-1.0,-1.0,D3,2010-09-08 00:30:00,252,41.38197,1.93564
2.6,340.0,18.1,87.0,1001.4,-1.0,-1.0,-1.0,-1.0,D4,2010-09-08 00:30:00,24,42.27065,3.18165
1.8,163.0,19.3,48.0,957.6,-1.0,-1.0,-1.0,-1.0,D5,2010-09-08 00:30:00,411.2,41.41843,2.12388
14.1,10.0,17.9,63.0,980.9,-1.0,-1.0,-1.0,-1.0,D6,2010-09-08 00:30:00,196,42.43515,3.16622
2.5,319.0,20.0,68.0,1000.1,-1.0,-1.0,-1.0,-1.0,D7,2010-09-08 00:30:00,53,41.18499,0.59376
7.4,303.0,17.9,57.0,948.7,-1.0,-1.0,-1.0,-1.0,D8,2010-09-08 00:30:00,515,40.95134,0.30565
3.4,309.0,22.9,40.0,998.1,-1.0,-1.0,-1.0,-1.0,D9,2010-09-08 00:30:00,59,41.21553,1.52121
2.0,32.0,16.0,73.0,966.5,-1.0,-1.0,-1.0,-1.0,H1,2010-09-08 00:30:00,333,41.58642,1.65306
1.1,8.0,15.0,92.0,980.4,-1.0,-1.0,-1.0,-1.0,R1,2010-09-08 00:30:00,210,41.70637,1.87276
4.1,270.0,21.5,48.0,992.0,-1.0,-1.0,-1.0,-1.0,VQ,2010-09-08 00:30:00,112,41.1713,1.16774
2.9,7.0,4.6,97.0,769.9,-1.0,-1.0,-1.0,-1.0,VS,2010-09-08 00:30:00,2247,42.63835,0.77889
-1.0,-1.0,22.4,49.0,999.0,-1.0,-1.0,3.0,285.0,WU,2010-09-08 00:30:00,42,41.45215,2.24757
5.6,317.0,23.8,40.0,1003.0,-1.0,-1.0,-1.0,-1.0,WZ,2010-09-08 00:30:00,17,41.20187,1.63346
4.3,287.0,15.2,64.0,917.8,-1.0,-1.0,-1.0,-1.0,XA,2010-09-08 00:30:00,785,41.60257,1.4007
3.4,319.0,19.3,56.0,987.8,-1.0,-1.0,-1.0,-1.0,XC,2010-09-08 00:30:00,147,41.47892,1.97546
6.0,291.0,16.7,60.0,928.5,-1.0,-1.0,-1.0,-1.0,XD,2010-09-08 00:30:00,687,41.32,0.8857
2.8,250.0,22.7,50.0,1004.5,-1.0,-1.0,-1.0,-1.0,XE,2010-09-08 00:30:00,5,41.10393,1.201
2.3,308.0,18.4,64.0,974.5,-1.0,-1.0,-1.0,-1.0,XF,2010-09-08 00:30:00,258,41.56568,2.06952
1.4,47.0,16.9,89.0,990.7,-1.0,-1.0,-1.0,-1.0,XG,2010-09-08 00:30:00,123,41.56734,2.22619
-1.0,-1.0,12.6,87.0,928.9,-1.0,-1.0,-1.0,-1.0,XH,2010-09-08 00:30:00,679,42.40533,1.12993
0.6,205.0,19.7,57.0,994.8,-1.0,-1.0,-1.0,-1.0,X8,2010-09-08 00:30:00,79,41.37919,2.1054
2.0,179.0,3.2,92.0,-1.0,-1.0,-1.0,-1.0,-1.0,ZB,2010-09-08 00:30:00,2451,42.51939,1.36597
-1.0,-1.0,4.5,100.0,-1.0,-1.0,-1.0,1.7,292.0,Z1,2010-09-08 00:30:00,2266,42.64691,0.98486
-1.0,-1.0,2.3,96.0,-1.0,-1.0,-1.0,2.3,310.0,Z2,2010-09-08 00:30:00,2535,42.46602,0.88405
-1.0,-1.0,5.6,75.0,-1.0,-1.0,-1.0,1.0,332.0,Z3,2010-09-08 00:30:00,2230,42.46605,1.7785
-1.0,-1.0,5.1,76.0,-1.0,-1.0,-1.0,1.3,218.0,Z4,2010-09-08 00:30:00,2364,42.42205,2.2524
-1.0,-1.0,4.0,96.0,-1.0,-1.0,-1.0,1.5,278.0,Z5,2010-09-08 00:30:00,2400,42.70029,1.27201
-1.0,-1.0,2.9,97.0,-1.0,-1.0,-1.0,0.8,346.0,Z6,2010-09-08 00:30:00,2228,42.77011,0.73198
1.8,200.0,4.2,78.0,-1.0,-1.0,-1.0,-1.0,-1.0,Z7,2010-09-08 00:30:00,2519,42.53412,1.05476
-1.0,-1.0,3.6,98.0,-1.0,-1.0,-1.0,8.3,271.0,Z8,2010-09-08 00:30:00,2316,42.18254,1.52407
1.9,249.0,5.5,86.0,-1.0,-1.0,-1.0,-1.0,-1.0,Z9,2010-09-08 00:30:00,2143,42.29265,1.71498
2.3,239.0,15.7,61.0,926.8,-1.0,-1.0,-1.0,-1.0,CA,2010-09-08 01:00:00,693,41.95378,1.5851
0.9,214.0,11.3,96.0,933.9,-1.0,-1.0,-1.0,-1.0,CC,2010-09-08 01:00:00,626,42.07398,2.20862
0.7,262.0,14.1,62.0,909.6,-1.0,-1.0,-1.0,-1.0,CD,2010-09-08 01:00:00,849,42.37083,1.43277
4.2,293.0,17.9,59.0,968.5,-1.0,-1.0,-1.0,-1.0,CE,2010-09-08 01:00:00,316,41.53109,1.80813
0.7,301.0,9.4,87.0,851.7,-1.0,-1.0,-1.0,-1.0,CG,2010-09-08 01:00:00,1405,42.37717,2.41456
0.8,13.0,9.9,97.0,909.4,-1.0,-1.0,-1.0,-1.0,CI,2010-09-08 01:00:00,852,42.25839,2.36429
1.1,289.0,14.4,65.0,940.3,-1.0,-1.0,-1.0,-1.0,CJ,2010-09-08 01:00:00,566.5,42.21624,1.33132
0.7,237.0,15.6,71.0,964.9,-1.0,-1.0,-1.0,-1.0,CL,2010-09-08 01:00:00,349,41.67399,1.76796
0.7,45.0,15.7,60.0,927.5,-1.0,-1.0,-1.0,-1.0,CP,2010-09-08 01:00:00,690,42.13924,1.03893
0.7,89.0,15.6,61.0,938.0,-1.0,-1.0,-1.0,-1.0,CQ,2010-09-08 01:00:00,594,41.99546,1.02569
0.8,347.0,11.3,99.0,907.7,-1.0,-1.0,-1.0,-1.0,CR,2010-09-08 01:00:00,873,42.08032,1.9624
0.5,34.0,10.0,96.0,912.7,-1.0,-1.0,-1.0,-1.0,CT,2010-09-08 01:00:00,823,42.39811,0.74362
0.6,140.0,10.8,88.0,894.7,-1.0,-1.0,-1.0,-1.0,CU,2010-09-08 01:00:00,1002,42.69856,0.79397
0.4,303.0,13.2,79.0,946.6,-1.0,-1.0,-1.0,-1.0,CV,2010-09-08 01:00:00,513.3,42.23939,0.96434
4.9,264.0,17.5,62.0,955.2,-1.0,-1.0,-1.0,-1.0,CW,2010-09-08 01:00:00,446,41.39241,1.09894
5.8,259.0,16.2,56.0,913.3,-1.0,-1.0,-1.0,-1.0,CY,2010-09-08 01:00:00,816,41.87813,2.17873
4.2,234.0,17.0,70.0,975.6,-1.0,-1.0,-1.0,-1.0,C6,2010-09-08 01:00:00,264,41.6566,0.95172
3.8,254.0,17.3,61.0,957.2,-1.0,-1.0,-1.0,-1.0,C7,2010-09-08 01:00:00,427,41.66695,1.16234
5.8,267.0,16.0,63.0,941.8,-1.0,-1.0,-1.0,-1.0,C8,2010-09-08 01:00:00,554,41.67555,1.29609
-1.0,-1.0,21.5,51.0,979.0,-1.0,-1.0,-1.0,-1.0,C9,2010-09-08 01:00:00,240,40.71825,0.39988
6.5,331.0,21.7,48.0,985.5,-1.0,-1.0,-1.0,-1.0,DB,2010-09-08 01:00:00,179,40.87287,0.71581
0.5,274.0,13.4,95.0,956.3,-1.0,-1.0,-1.0,-1.0,DC,2010-09-08 01:00:00,421.5,42.19144,2.48263
1.3,290.0,18.3,77.0,999.1,-1.0,-1.0,-1.0,-1.0,DD,2010-09-08 01:00:00,44.5,41.51175,2.38674
0.8,18.0,15.3,95.0,1001.6,-1.0,-1.0,-1.0,-1.0,DF,2010-09-08 01:00:00,28.6,41.97751,3.03543
1.4,36.0,5.3,81.0,795.8,-1.0,-1.0,-1.0,-1.0,DG,2010-09-08 01:00:00,1971.4,42.39848,2.15517
5.2,295.0,19.9,50.0,957.7,-1.0,-1.0,-1.0,-1.0,DI,2010-09-08 01:00:00,415,41.43292,1.62386
2.9,25.0,16.6,86.0,984.4,-1.0,-1.0,-1.0,-1.0,DJ,2010-09-08 01:00:00,176,42.11653,2.78969
1.9,307.0,19.8,61.0,1004.7,-1.0,-1.0,-1.0,-1.0,DK,2010-09-08 01:00:00,2,41.14677,1.41846
3.6,314.0,22.6,52.0,1005.5,-1.0,-1.0,-1.0,-1.0,DL,2010-09-08 01:00:00,0.5,40.70719,0.83449
1.3,27.0,16.2,91.0,994.3,-1.0,-1.0,-1.0,-1.0,DM,2010-09-08 01:00:00,90,41.96012,2.80696
0.8,254.0,15.3,95.0,987.3,-1.0,-1.0,-1.0,-1.0,DN,2010-09-08 01:00:00,150,41.96095,2.63108
2.5,256.0,15.0,96.0,1002.9,-1.0,-1.0,-1.0,-1.0,DO,2010-09-08 01:00:00,14,41.80857,3.03241
1.8,50.0,8.4,87.0,883.9,-1.0,-1.0,-1.0,-1.0,DP,2010-09-08 01:00:00,1097,42.38605,1.8664
2.3,311.0,19.2,53.0,973.2,-1.0,-1.0,-1.0,-1.0,DQ,2010-09-08 01:00:00,287,41.30728,1.36259
-1.0,-1.0,17.2,66.0,960.7,-1.0,-1.0,-1.0,-1.0,D1,2010-09-08 01:00:00,404,41.28521,0.75383
-1.0,-1.0,13.7,96.0,965.7,-1.0,-1.0,-1.0,-1.0,D2,2010-09-08 01:00:00,343,41.59252,1.915
3.5,278.0,22.0,44.0,975.6,-1.0,-1.0,-1.0,-1.0,D3,2010-09-08 01:00:00,252,41.38197,1.93564
3.8,16.0,19.3,65.0,1001.6,-1.0,-1.0,-1.0,-1.0,D4,2010-09-08 01:00:00,24,42.27065,3.18165
2.0,214.0,18.8,50.0,957.9,-1.0,-1.0,-1.0,-1.0,D5,2010-09-08 01:00:00,411.2,41.41843,2.12388
15.2,5.0,17.5,62.0,980.9,-1.0,-1.0,-1.0,-1.0,D6,2010-09-08 01:00:00,196,42.43515,3.16622
3.0,313.0,20.2,60.0,1000.6,-1.0,-1.0,-1.0,-1.0,D7,2010-09-08 01:00:00,53,41.18499,0.59376
6.5,300.0,16.4,59.0,949.0,-1.0,-1.0,-1.0,-1.0,D8,2010-09-08 01:00:00,515,40.95134,0.30565
4.1,304.0,22.9,41.0,998.4,-1.0,-1.0,-1.0,-1.0,D9,2010-09-08 01:00:00,59,41.21553,1.52121
2.1,322.0,16.8,68.0,966.8,-1.0,-1.0,-1.0,-1.0,H1,2010-09-08 01:00:00,333,41.58642,1.65306
1.0,10.0,14.7,92.0,980.6,-1.0,-1.0,-1.0,-1.0,R1,2010-09-08 01:00:00,210,41.70637,1.87276
-1.0,-1.0,21.4,55.0,-1.0,2.2,297.0,-1.0,-1.0,UA,2010-09-08 01:00:00,93,40.9091,0.76943
-1.0,-1.0,15.8,94.0,-1.0,0.4,216.0,-1.0,-1.0,UB,2010-09-08 01:00:00,15,42.05398,3.06195
-1.0,-1.0,16.2,93.0,-1.0,1.0,304.0,-1.0,-1.0,UC,2010-09-08 01:00:00,60,41.97726,2.99705
-1.0,-1.0,15.5,92.0,-1.0,-1.0,-1.0,-1.0,-1.0,UD,2010-09-08 01:00:00,12,42.02895,3.06227
-1.0,-1.0,16.8,96.0,-1.0,-1.0,-1.0,-1.0,-1.0,UE,2010-09-08 01:00:00,4,42.02306,3.15719
-1.0,-1.0,17.6,53.0,-1.0,4.3,298.0,-1.0,-1.0,UF,2010-09-08 01:00:00,573,41.28832,1.90775
-1.0,-1.0,22.0,51.0,-1.0,1.6,228.0,-1.0,-1.0,UG,2010-09-08 01:00:00,3,41.29928,2.03787
-1.0,-1.0,17.5,59.0,-1.0,1.3,277.0,2.6,285.0,UH,2010-09-08 01:00:00,545,41.34171,1.48769
-1.0,-1.0,10.1,73.0,-1.0,0.4,244.0,-1.0,-1.0,UI,2010-09-08 01:00:00,1386,42.26477,1.76218
-1.0,-1.0,15.1,67.0,-1.0,2.1,271.0,3.9,272.0,UJ,2010-09-08 01:00:00,709,41.52879,1.3683
-1.0,-1.0,21.2,47.0,-1.0,0.4,335.0,-1.0,-1.0,UK,2010-09-08 01:00:00,161,41.27861,1.80479
-1.0,-1.0,17.6,63.0,-1.0,2.0,251.0,-1.0,-1.0,UL,2010-09-08 01:00:00,228,41.52911,0.75303
-1.0,-1.0,15.9,64.0,-1.0,2.5,305.0,-1.0,-1.0,UM,2010-09-08 01:00:00,505,41.35991,0.66789
-1.0,-1.0,14.0,96.0,-1.0,0.4,66.0,-1.0,-1.0,UN,2010-09-08 01:00:00,171,41.87449,2.92694
-1.0,-1.0,14.6,94.0,-1.0,-1.0,-1.0,-1.0,-1.0,UO,2010-09-08 01:00:00,97,41.91461,2.82069
1.6,340.0,16.8,86.0,995.0,-1.0,-1.0,-1.0,-1.0,UP,2010-09-08 01:00:00,81,41.51773,2.37702
-1.0,-1.0,16.1,71.0,-1.0,0.6,66.0,-1.0,-1.0,UQ,2010-09-08 01:00:00,460,41.61991,2.44532
-1.0,-1.0,23.0,45.0,-1.0,1.8,320.0,-1.0,-1.0,US,2010-09-08 01:00:00,24,40.55786,0.52329
6.3,324.0,22.8,48.0,1006.0,-1.0,-1.0,-1.0,-1.0,UU,2010-09-08 01:00:00,3,40.70776,0.6321
-1.0,-1.0,21.1,49.0,-1.0,1.8,300.0,-1.0,-1.0,UV,2010-09-08 01:00:00,205,40.71727,0.41633
-1.0,-1.0,22.2,52.0,1006.0,4.1,329.0,-1.0,-1.0,UW,2010-09-08 01:00:00,0,40.62725,0.65922
-1.0,-1.0,21.7,45.0,-1.0,2.4,312.0,-1.0,-1.0,UX,2010-09-08 01:00:00,210,40.62652,0.37112
-1.0,-1.0,15.9,61.0,-1.0,1.1,263.0,2.4,268.0,UY,2010-09-08 01:00:00,576,41.87912,0.76103
-1.0,-1.0,17.8,73.0,-1.0,2.6,353.0,-1.0,-1.0,U1,2010-09-08 01:00:00,31,42.30648,2.95481
1.5,330.0,16.5,94.0,1005.0,-1.0,-1.0,-1.0,-1.0,U2,2010-09-08 01:00:00,4,42.17716,3.0968
-1.0,-1.0,19.2,53.0,-1.0,1.1,228.0,-1.0,-1.0,U3,2010-09-08 01:00:00,257,41.37491,1.63032
2.2,271.0,15.8,68.0,-1.0,1.2,281.0,-1.0,-1.0,U4,2010-09-08 01:00:00,507,41.83094,1.84699
-1.0,-1.0,13.0,71.0,-1.0,1.4,219.0,-1.0,-1.0,U5,2010-09-08 01:00:00,969,41.31349,0.99611
-1.0,-1.0,21.8,49.0,-1.0,1.2,292.0,-1.0,-1.0,U6,2010-09-08 01:00:00,29,41.08017,1.06661
-1.0,-1.0,21.2,49.0,-1.0,1.9,340.0,-1.0,-1.0,U7,2010-09-08 01:00:00,52,40.85936,0.50525
-1.0,-1.0,22.5,47.0,-1.0,2.0,312.0,-1.0,-1.0,U9,2010-09-08 01:00:00,62,40.76947,0.61635
-1.0,-1.0,19.3,50.0,-1.0,2.7,295.0,-1.0,-1.0,VA,2010-09-08 01:00:00,257,41.19645,0.51161
4.3,280.0,21.3,49.0,-1.0,-1.0,-1.0,-1.0,-1.0,VB,2010-09-08 01:00:00,32,41.06289,0.63517
-1.0,-1.0,21.3,47.0,-1.0,4.5,264.0,-1.0,-1.0,VC,2010-09-08 01:00:00,69,41.24415,0.43266
-1.0,-1.0,16.8,61.0,-1.0,4.7,252.0,-1.0,-1.0,VD,2010-09-08 01:00:00,429,41.68939,1.20381
-1.0,-1.0,18.6,58.0,-1.0,1.4,227.0,-1.0,-1.0,VE,2010-09-08 01:00:00,97,41.48692,0.46058
-1.0,-1.0,17.5,66.0,-1.0,0.7,238.0,-1.0,-1.0,VF,2010-09-08 01:00:00,122,41.56482,0.54999
-1.0,-1.0,16.3,66.0,-1.0,3.1,275.0,-1.0,-1.0,VH,2010-09-08 01:00:00,259,41.65814,0.39301
-1.0,-1.0,17.7,61.0,-1.0,1.9,245.0,-1.0,-1.0,VJ,2010-09-08 01:00:00,161,41.59957,0.6478
4.9,272.0,16.0,69.0,973.7,-1.0,-1.0,-1.0,-1.0,VK,2010-09-08 01:00:00,286,41.68328,0.4487
3.0,268.0,19.5,49.0,-1.0,1.5,252.0,-1.0,-1.0,VL,2010-09-08 01:00:00,100,41.46014,0.40562
-1.0,-1.0,16.9,65.0,-1.0,3.5,267.0,-1.0,-1.0,VM,2010-09-08 01:00:00,222,41.7145,0.62839
-1.0,-1.0,14.5,94.0,-1.0,-1.0,-1.0,-1.0,-1.0,VN,2010-09-08 01:00:00,117,41.88244,2.74262
-1.0,-1.0,14.3,62.0,-1.0,0.2,323.0,-1.0,-1.0,VO,2010-09-08 01:00:00,785,42.08745,1.42792
-1.0,-1.0,14.1,74.0,-1.0,1.9,248.0,2.6,257.0,VP,2010-09-08 01:00:00,659,41.80483,1.53853
3.5,300.0,20.9,51.0,992.0,-1.0,-1.0,-1.0,-1.0,VQ,2010-09-08 01:00:00,112,41.1713,1.16774
-1.0,-1.0,16.6,70.0,-1.0,0.7,219.0,-1.0,-1.0,VR,2010-09-08 01:00:00,291,41.68994,1.04401
2.9,61.0,3.9,98.0,769.9,-1.0,-1.0,-1.0,-1.0,VS,2010-09-08 01:00:00,2247,42.63835,0.77889
-1.0,-1.0,17.1,76.0,-1.0,0.3,295.0,-1.0,-1.0,VT,2010-09-08 01:00:00,84,41.48401,2.12745
-1.0,-1.0,15.3,72.0,-1.0,0.8,68.0,-1.0,-1.0,VU,2010-09-08 01:00:00,421,41.63286,1.91718
1.9,129.0,17.9,56.0,-1.0,-1.0,-1.0,-1.0,-1.0,VV,2010-09-08 01:00:00,528,41.68129,2.02647
-1.0,-1.0,14.8,58.0,-1.0,0.6,322.0,-1.0,-1.0,VX,2010-09-08 01:00:00,1030,41.74761,2.30291
-1.0,-1.0,20.2,50.0,-1.0,-1.0,-1.0,-1.0,-1.0,VY,2010-09-08 01:00:00,240,41.25095,1.29863
-1.0,-1.0,17.6,69.0,-1.0,-1.0,-1.0,-1.0,-1.0,VZ,2010-09-08 01:00:00,83,42.38443,3.00736
-1.0,-1.0,17.5,66.0,-1.0,2.6,257.0,-1.0,-1.0,V1,2010-09-08 01:00:00,238,41.78487,0.82939
-1.0,-1.0,13.1,95.0,-1.0,0.6,178.0,-1.0,-1.0,V3,2010-09-08 01:00:00,509,41.95224,2.23271
-1.0,-1.0,11.4,96.0,928.0,-1.0,-1.0,0.7,345.0,V4,2010-09-08 01:00:00,684,42.11477,2.21483
-1.0,-1.0,11.6,98.0,-1.0,0.7,102.0,0.9,97.0,V5,2010-09-08 01:00:00,774,42.03947,2.11993
-1.0,-1.0,15.6,77.0,-1.0,0.6,232.0,-1.0,-1.0,V8,2010-09-08 01:00:00,223,41.67279,0.87741
-1.0,-1.0,16.7,60.0,-1.0,2.9,250.0,-1.0,-1.0,WA,2010-09-08 01:00:00,443,41.87694,1.1541
-1.0,-1.0,15.9,68.0,-1.0,3.4,273.0,-1.0,-1.0,WB,2010-09-08 01:00:00,267,41.76036,0.67022
-1.0,-1.0,16.9,68.0,-1.0,1.5,248.0,-1.0,-1.0,WC,2010-09-08 01:00:00,261,41.63642,0.92446
-1.0,-1.0,17.3,58.0,-1.0,2.0,298.0,-1.0,-1.0,WD,2010-09-08 01:00:00,382,41.08671,0.31884
-1.0,-1.0,14.2,94.0,-1.0,0.8,74.0,-1.0,-1.0,WE,2010-09-08 01:00:00,126,41.5444,2.30014
-1.0,-1.0,14.8,95.0,-1.0,-1.0,-1.0,-1.0,-1.0,WF,2010-09-08 01:00:00,108,41.95425,2.77578
-1.0,-1.0,16.0,70.0,-1.0,2.2,259.0,-1.0,-1.0,WG,2010-09-08 01:00:00,301,41.80104,0.64804
-1.0,-1.0,17.2,55.0,-1.0,1.8,297.0,-1.0,-1.0,WI,2010-09-08 01:00:00,350,41.35741,0.4809
-1.0,-1.0,20.3,52.0,-1.0,2.6,319.0,-1.0,-1.0,WJ,2010-09-08 01:00:00,141,41.1223,0.72182
-1.0,-1.0,16.2,68.0,-1.0,1.4,284.0,-1.0,-1.0,WK,2010-09-08 01:00:00,268,41.81949,0.57768
-1.0,-1.0,16.7,65.0,-1.0,3.7,241.0,-1.0,-1.0,WL,2010-09-08 01:00:00,413,41.57236,1.0882
3.0,269.0,14.5,56.0,-1.0,-1.0,-1.0,-1.0,-1.0,WM,2010-09-08 01:00:00,1167,42.10736,1.8267
-1.0,-1.0,16.3,55.0,-1.0,-1.0,-1.0,3.9,300.0,WN,2010-09-08 01:00:00,916,41.59539,1.83751
-1.0,-1.0,20.5,49.0,-1.0,-1.0,-1.0,-1.0,-1.0,WO,2010-09-08 01:00:00,185,41.27151,1.46717
-1.0,-1.0,16.4,66.0,-1.0,0.7,303.0,-1.0,-1.0,WP,2010-09-08 01:00:00,325,41.48518,1.69337
10.2,297.0,8.9,74.0,835.0,-1.0,-1.0,-1.0,-1.0,WQ,2010-09-08 01:00:00,1572,42.0513,0.72952
-1.0,-1.0,19.1,51.0,-1.0,1.0,226.0,-1.0,-1.0,WR,2010-09-08 01:00:00,300,41.2163,0.79748
3.7,275.0,15.4,56.0,899.0,-1.0,-1.0,-1.0,-1.0,WS,2010-09-08 01:00:00,953,41.84008,2.41877
2.5,351.0,16.7,93.0,1005.0,-1.0,-1.0,-1.0,-1.0,WT,2010-09-08 01:00:00,2,41.64707,2.75658
-1.0,-1.0,21.6,53.0,999.0,-1.0,-1.0,2.0,298.0,WU,2010-09-08 01:00:00,42,41.45215,2.24757
0.6,292.0,9.6,98.0,917.0,-1.0,-1.0,-1.0,-1.0,WV,2010-09-08 01:00:00,788,42.23414,1.87485
-1.0,-1.0,13.7,96.0,-1.0,-1.0,-1.0,-1.0,-1.0,WW,2010-09-08 01:00:00,278,41.79423,1.9368
-1.0,-1.0,15.3,60.0,-1.0,1.6,262.0,-1.0,-1.0,WX,2010-09-08 01:00:00,668,41.9178,0.88175
-1.0,-1.0,18.4,66.0,-1.0,1.1,286.0,-1.0,-1.0,WY,2010-09-08 01:00:00,164,41.43386,1.79429
4.7,308.0,23.7,41.0,1003.0,-1.0,-1.0,-1.0,-1.0,WZ,2010-09-08 01:00:00,17,41.20187,1.63346
-1.0,-1.0,16.6,94.0,-1.0,-1.0,-1.0,-1.0,-1.0,W1,2010-09-08 01:00:00,2,42.24726,3.09021
-1.0,-1.0,15.2,94.0,-1.0,-1.0,-1.0,-1.0,-1.0,W2,2010-09-08 01:00:00,7,42.18259,3.05783
-1.0,-1.0,16.2,93.0,-1.0,-1.0,-1.0,-1.0,-1.0,W3,2010-09-08 01:00:00,4,42.15006,3.06494
-1.0,-1.0,18.8,57.0,-1.0,0.8,276.0,-1.0,-1.0,W4,2010-09-08 01:00:00,240,41.36619,1.72857
-1.0,-1.0,15.4,60.0,-1.0,0.7,93.0,-1.0,-1.0,W5,2010-09-08 01:00:00,490,42.07683,1.31489
-1.0,-1.0,20.8,52.0,-1.0,0.8,301.0,-1.0,-1.0,W6,2010-09-08 01:00:00,158,41.13738,1.0187
-1.0,-1.0,17.3,61.0,-1.0,-1.0,-1.0,-1.0,-1.0,W8,2010-09-08 01:00:00,438,41.44237,1.15998
-1.0,-1.0,12.7,98.0,-1.0,0.3,348.0,-1.0,-1.0,W9,2010-09-08 01:00:00,461,42.14557,2.45451
6.1,293.0,15.0,66.0,917.8,-1.0,-1.0,-1.0,-1.0,XA,2010-09-08 01:00:00,785,41.60257,1.4007
-1.0,-1.0,17.0,60.0,-1.0,-1.0,-1.0,-1.0,-1.0,XB,2010-09-08 01:00:00,584,41.4779,1.53529
4.2,306.0,20.1,51.0,988.0,-1.0,-1.0,-1.0,-1.0,XC,2010-09-08 01:00:00,147,41.47892,1.97546
5.9,298.0,15.8,63.0,928.9,-1.0,-1.0,-1.0,-1.0,XD,2010-09-08 01:00:00,687,41.32,0.8857
4.3,281.0,22.7,51.0,1004.7,-1.0,-1.0,-1.0,-1.0,XE,2010-09-08 01:00:00,5,41.10393,1.201
1.1,254.0,16.8,75.0,974.8,-1.0,-1.0,-1.0,-1.0,XF,2010-09-08 01:00:00,258,41.56568,2.06952
1.6,349.0,16.8,88.0,990.9,-1.0,-1.0,-1.0,-1.0,XG,2010-09-08 01:00:00,123,41.56734,2.22619
-1.0,-1.0,13.2,82.0,928.8,-1.0,-1.0,-1.0,-1.0,XH,2010-09-08 01:00:00,679,42.40533,1.12993
-1.0,-1.0,17.1,66.0,978.1,2.9,244.0,-1.0,-1.0,XI,2010-09-08 01:00:00,247,41.61817,0.87182
3.8,292.0,18.7,59.0,966.4,-1.0,-1.0,-1.0,-1.0,X1,2010-09-08 01:00:00,359,41.15374,0.81953
-1.0,-1.0,23.4,44.0,-1.0,-1.0,-1.0,-1.0,-1.0,X2,2010-09-08 01:00:00,7,41.38943,2.18847
7.2,271.0,14.8,76.0,964.0,-1.0,-1.0,-1.0,-1.0,X3,2010-09-08 01:00:00,370,41.74281,0.5358
2.1,281.0,23.2,45.0,1000.5,-1.0,-1.0,-1.0,-1.0,X4,2010-09-08 01:00:00,33,41.3839,2.16775
7.7,252.0,11.5,75.0,891.0,-1.0,-1.0,-1.0,-1.0,X5,2010-09-08 01:00:00,1055,40.79705,0.31822
-1.0,-1.0,16.6,56.0,-1.0,0.9,260.0,-1.0,-1.0,X6,2010-09-08 01:00:00,366,41.92173,1.02901
-1.0,-1.0,17.5,61.0,-1.0,2.8,268.0,-1.0,-1.0,X7,2010-09-08 01:00:00,215,41.51909,0.55314
0.7,296.0,19.4,57.0,995.0,-1.0,-1.0,-1.0,-1.0,X8,2010-09-08 01:00:00,79,41.37919,2.1054
1.0,327.0,15.2,95.0,985.0,-1.0,-1.0,-1.0,-1.0,X9,2010-09-08 01:00:00,176,41.61265,2.16836
1.4,199.0,3.4,94.0,-1.0,-1.0,-1.0,-1.0,-1.0,ZB,2010-09-08 01:00:00,2451,42.51939,1.36597
-1.0,-1.0,3.9,100.0,-1.0,-1.0,-1.0,2.3,277.0,Z1,2010-09-08 01:00:00,2266,42.64691,0.98486
-1.0,-1.0,2.3,94.0,-1.0,-1.0,-1.0,2.3,304.0,Z2,2010-09-08 01:00:00,2535,42.46602,0.88405
-1.0,-1.0,5.5,78.0,-1.0,-1.0,-1.0,0.6,290.0,Z3,2010-09-08 01:00:00,2230,42.46605,1.7785
-1.0,-1.0,5.0,75.0,-1.0,-1.0,-1.0,2.4,250.0,Z4,2010-09-08 01:00:00,2364,42.42205,2.2524
-1.0,-1.0,3.2,94.0,-1.0,-1.0,-1.0,2.8,3.0,Z5,2010-09-08 01:00:00,2400,42.70029,1.27201
-1.0,-1.0,2.3,98.0,-1.0,-1.0,-1.0,0.8,17.0,Z6,2010-09-08 01:00:00,2228,42.77011,0.73198
1.3,79.0,3.5,88.0,-1.0,-1.0,-1.0,-1.0,-1.0,Z7,2010-09-08 01:00:00,2519,42.53412,1.05476
-1.0,-1.0,3.6,98.0,-1.0,-1.0,-1.0,7.2,269.0,Z8,2010-09-08 01:00:00,2316,42.18254,1.52407
1.1,254.0,5.5,84.0,-1.0,-1.0,-1.0,-1.0,-1.0,Z9,2010-09-08 01:00:00,2143,42.29265,1.71498
2.5,225.0,15.5,62.0,927.0,-1.0,-1.0,-1.0,-1.0,CA,2010-09-08 01:30:00,693,41.95378,1.5851
0.3,315.0,11.2,96.0,934.0,-1.0,-1.0,-1.0,-1.0,CC,2010-09-08 01:30:00,626,42.07398,2.20862
1.4,35.0,14.3,61.0,909.6,-1.0,-1.0,-1.0,-1.0,CD,2010-09-08 01:30:00,849,42.37083,1.43277
4.7,294.0,18.4,57.0,969.0,-1.0,-1.0,-1.0,-1.0,CE,2010-09-08 01:30:00,316,41.53109,1.80813
1.1,310.0,8.7,88.0,851.7,-1.0,-1.0,-1.0,-1.0,CG,2010-09-08 01:30:00,1405,42.37717,2.41456
0.1,153.0,9.5,97.0,909.5,-1.0,-1.0,-1.0,-1.0,CI,2010-09-08 01:30:00,852,42.25839,2.36429
1.2,6.0,13.8,68.0,940.4,-1.0,-1.0,-1.0,-1.0,CJ,2010-09-08 01:30:00,566.5,42.21624,1.33132
0.8,189.0,14.2,78.0,965.1,-1.0,-1.0,-1.0,-1.0,CL,2010-09-08 01:30:00,349,41.67399,1.76796
2.1,248.0,15.5,61.0,927.8,-1.0,-1.0,-1.0,-1.0,CP,2010-09-08 01:30:00,690,42.13924,1.03893
1.0,118.0,15.6,62.0,938.2,-1.0,-1.0,-1.0,-1.0,CQ,2010-09-08 01:30:00,594,41.99546,1.02569
1.0,291.0,11.1,99.0,907.7,-1.0,-1.0,-1.0,-1.0,CR,2010-09-08 01:30:00,873,42.08032,1.9624
0.7,45.0,9.8,97.0,913.0,-1.0,-1.0,-1.0,-1.0,CT,2010-09-08 01:30:00,823,42.39811,0.74362
0.6,165.0,10.6,89.0,895.0,-1.0,-1.0,-1.0,-1.0,CU,2010-09-08 01:30:00,1002,42.69856,0.79397
0.5,313.0,12.8,81.0,946.8,-1.0,-1.0,-1.0,-1.0,CV,2010-09-08 01:30:00,513.3,42.23939,0.96434
4.8,266.0,16.9,64.0,955.4,-1.0,-1.0,-1.0,-1.0,CW,2010-09-08 01:30:00,446,41.39241,1.09894
5.5,255.0,16.0,57.0,913.4,-1.0,-1.0,-1.0,-1.0,CY,2010-09-08 01:30:00,816,41.87813,2.17873
4.9,236.0,16.7,72.0,975.8,-1.0,-1.0,-1.0,-1.0,C6,2010-09-08 01:30:00,264,41.6566,0.95172
4.6,249.0,16.6,66.0,957.3,-1.0,-1.0,-1.0,-1.0,C7,2010-09-08 01:30:00,427,41.66695,1.16234
4.9,264.0,15.2,68.0,942.0,-1.0,-1.0,-1.0,-1.0,C8,2010-09-08 01:30:00,554,41.67555,1.29609
-1.0,-1.0,20.2,54.0,979.4,-1.0,-1.0,-1.0,-1.0,C9,2010-09-08 01:30:00,240,40.71825,0.39988
7.9,329.0,20.5,52.0,985.7,-1.0,-1.0,-1.0,-1.0,DB,2010-09-08 01:30:00,179,40.87287,0.71581
1.0,190.0,13.2,96.0,956.5,-1.0,-1.0,-1.0,-1.0,DC,2010-09-08 01:30:00,421.5,42.19144,2.48263
2.3,290.0,18.5,74.0,999.6,-1.0,-1.0,-1.0,-1.0,DD,2010-09-08 01:30:00,44.5,41.51175,2.38674
0.6,148.0,15.4,95.0,1001.9,-1.0,-1.0,-1.0,-1.0,DF,2010-09-08 01:30:00,28.6,41.97751,3.03543
0.8,75.0,5.0,84.0,795.8,-1.0,-1.0,-1.0,-1.0,DG,2010-09-08 01:30:00,1971.4,42.39848,2.15517
5.6,300.0,19.3,53.0,958.1,-1.0,-1.0,-1.0,-1.0,DI,2010-09-08 01:30:00,415,41.43292,1.62386
1.3,74.0,16.5,81.0,984.4,-1.0,-1.0,-1.0,-1.0,DJ,2010-09-08 01:30:00,176,42.11653,2.78969
2.5,301.0,19.9,60.0,1005.1,-1.0,-1.0,-1.0,-1.0,DK,2010-09-08 01:30:00,2,41.14677,1.41846
3.9,322.0,22.3,55.0,1006.0,-1.0,-1.0,-1.0,-1.0,DL,2010-09-08 01:30:00,0.5,40.70719,0.83449
1.7,25.0,16.8,86.0,994.6,-1.0,-1.0,-1.0,-1.0,DM,2010-09-08 01:30:00,90,41.96012,2.80696
1.2,279.0,14.8,96.0,987.5,-1.0,-1.0,-1.0,-1.0,DN,2010-09-08 01:30:00,150,41.96095,2.63108
2.1,254.0,15.2,95.0,1003.3,-1.0,-1.0,-1.0,-1.0,DO,2010-09-08 01:30:00,14,41.80857,3.03241
1.7,107.0,7.7,90.0,883.9,-1.0,-1.0,-1.0,-1.0,DP,2010-09-08 01:30:00,1097,42.38605,1.8664
3.5,294.0,18.7,56.0,973.5,-1.0,-1.0,-1.0,-1.0,DQ,2010-09-08 01:30:00,287,41.30728,1.36259
-1.0,-1.0,17.2,63.0,960.8,-1.0,-1.0,-1.0,-1.0,D1,2010-09-08 01:30:00,404,41.28521,0.75383
-1.0,-1.0,13.3,96.0,966.1,-1.0,-1.0,-1.0,-1.0,D2,2010-09-08 01:30:00,343,41.59252,1.915
3.7,290.0,21.4,46.0,975.8,-1.0,-1.0,-1.0,-1.0,D3,2010-09-08 01:30:00,252,41.38197,1.93564
4.8,24.0,19.2,59.0,1001.9,-1.0,-1.0,-1.0,-1.0,D4,2010-09-08 01:30:00,24,42.27065,3.18165
1.4,239.0,18.8,50.0,958.5,-1.0,-1.0,-1.0,-1.0,D5,2010-09-08 01:30:00,411.2,41.41843,2.12388
14.5,3.0,17.4,61.0,981.3,-1.0,-1.0,-1.0,-1.0,D6,2010-09-08 01:30:00,196,42.43515,3.16622
3.8,301.0,20.1,52.0,1000.9,-1.0,-1.0,-1.0,-1.0,D7,2010-09-08 01:30:00,53,41.18499,0.59376
5.9,296.0,15.6,59.0,949.3,-1.0,-1.0,-1.0,-1.0,D8,2010-09-08 01:30:00,515,40.95134,0.30565
3.6,300.0,22.4,43.0,998.7,-1.0,-1.0,-1.0,-1.0,D9,2010-09-08 01:30:00,59,41.21553,1.52121
3.8,290.0,17.7,64.0,967.2,-1.0,-1.0,-1.0,-1.0,H1,2010-09-08 01:30:00,333,41.58642,1.65306
0.6,44.0,14.3,91.0,980.9,-1.0,-1.0,-1.0,-1.0,R1,2010-09-08 01:30:00,210,41.70637,1.87276
2.7,292.0,20.4,51.0,993.0,-1.0,-1.0,-1.0,-1.0,VQ,2010-09-08 01:30:00,112,41.1713,1.16774
5.0,55.0,3.0,98.0,770.0,-1.0,-1.0,-1.0,-1.0,VS,2010-09-08 01:30:00,2247,42.63835,0.77889
-1.0,-1.0,21.5,53.0,1000.0,-1.0,-1.0,1.0,310.0,WU,2010-09-08 01:30:00,42,41.45215,2.24757
3.4,302.0,23.3,43.0,1003.0,-1.0,-1.0,-1.0,-1.0,WZ,2010-09-08 01:30:00,17,41.20187,1.63346
4.0,283.0,14.1,71.0,918.2,-1.0,-1.0,-1.0,-1.0,XA,2010-09-08 01:30:00,785,41.60257,1.4007
3.8,310.0,19.6,54.0,988.5,-1.0,-1.0,-1.0,-1.0,XC,2010-09-08 01:30:00,147,41.47892,1.97546
6.3,298.0,15.2,62.0,928.7,-1.0,-1.0,-1.0,-1.0,XD,2010-09-08 01:30:00,687,41.32,0.8857
3.9,312.0,22.3,52.0,1005.2,-1.0,-1.0,-1.0,-1.0,XE,2010-09-08 01:30:00,5,41.10393,1.201
0.7,277.0,15.8,79.0,975.3,-1.0,-1.0,-1.0,-1.0,XF,2010-09-08 01:30:00,258,41.56568,2.06952
0.9,119.0,16.8,87.0,991.4,-1.0,-1.0,-1.0,-1.0,XG,2010-09-08 01:30:00,123,41.56734,2.22619
-1.0,-1.0,12.8,83.0,929.0,-1.0,-1.0,-1.0,-1.0,XH,2010-09-08 01:30:00,679,42.40533,1.12993
0.4,254.0,19.1,58.0,995.5,-1.0,-1.0,-1.0,-1.0,X8,2010-09-08 01:30:00,79,41.37919,2.1054
1.9,173.0,3.1,96.0,-1.0,-1.0,-1.0,-1.0,-1.0,ZB,2010-09-08 01:30:00,2451,42.51939,1.36597
-1.0,-1.0,3.3,100.0,-1.0,-1.0,-1.0,3.1,263.0,Z1,2010-09-08 01:30:00,2266,42.64691,0.98486
-1.0,-1.0,2.4,90.0,-1.0,-1.0,-1.0,1.8,306.0,Z2,2010-09-08 01:30:00,2535,42.46602,0.88405
-1.0,-1.0,4.9,84.0,-1.0,-1.0,-1.0,0.1,308.0,Z3,2010-09-08 01:30:00,2230,42.46605,1.7785
-1.0,-1.0,4.9,78.0,-1.0,-1.0,-1.0,2.2,252.0,Z4,2010-09-08 01:30:00,2364,42.42205,2.2524
-1.0,-1.0,3.0,90.0,-1.0,-1.0,-1.0,4.4,37.0,Z5,2010-09-08 01:30:00,2400,42.70029,1.27201
-1.0,-1.0,1.5,98.0,-1.0,-1.0,-1.0,1.4,349.0,Z6,2010-09-08 01:30:00,2228,42.77011,0.73198
0.2,18.0,2.8,94.0,-1.0,-1.0,-1.0,-1.0,-1.0,Z7,2010-09-08 01:30:00,2519,42.53412,1.05476
-1.0,-1.0,3.5,100.0,-1.0,-1.0,-1.0,7.3,272.0,Z8,2010-09-08 01:30:00,2316,42.18254,1.52407
2.5,250.0,5.4,86.0,-1.0,-1.0,-1.0,-1.0,-1.0,Z9,2010-09-08 01:30:00,2143,42.29265,1.71498
3.8,221.0,14.0,71.0,927.2,-1.0,-1.0,-1.0,-1.0,CA,2010-09-08 02:00:00,693,41.95378,1.5851
1.0,220.0,11.1,96.0,934.1,-1.0,-1.0,-1.0,-1.0,CC,2010-09-08 02:00:00,626,42.07398,2.20862
1.1,283.0,13.7,63.0,909.8,-1.0,-1.0,-1.0,-1.0,CD,2010-09-08 02:00:00,849,42.37083,1.43277
4.7,291.0,18.2,58.0,969.2,-1.0,-1.0,-1.0,-1.0,CE,2010-09-08 02:00:00,316,41.53109,1.80813
0.7,346.0,8.9,87.0,851.8,-1.0,-1.0,-1.0,-1.0,CG,2010-09-08 02:00:00,1405,42.37717,2.41456
0.9,101.0,9.2,97.0,909.6,-1.0,-1.0,-1.0,-1.0,CI,2010-09-08 02:00:00,852,42.25839,2.36429
1.6,346.0,13.3,70.0,940.5,-1.0,-1.0,-1.0,-1.0,CJ,2010-09-08 02:00:00,566.5,42.21624,1.33132
1.1,183.0,14.2,75.0,965.4,-1.0,-1.0,-1.0,-1.0,CL,2010-09-08 02:00:00,349,41.67399,1.76796
2.7,270.0,14.9,63.0,927.9,-1.0,-1.0,-1.0,-1.0,CP,2010-09-08 02:00:00,690,42.13924,1.03893
1.3,160.0,16.1,59.0,938.3,-1.0,-1.0,-1.0,-1.0,CQ,2010-09-08 02:00:00,594,41.99546,1.02569
0.5,346.0,10.9,99.0,908.0,-1.0,-1.0,-1.0,-1.0,CR,2010-09-08 02:00:00,873,42.08032,1.9624
0.6,8.0,9.4,97.0,913.2,-1.0,-1.0,-1.0,-1.0,CT,2010-09-08 02:00:00,823,42.39811,0.74362
0.4,135.0,10.4,90.0,895.5,-1.0,-1.0,-1.0,-1.0,CU,2010-09-08 02:00:00,1002,42.69856,0.79397
0.7,282.0,12.9,80.0,947.0,-1.0,-1.0,-1.0,-1.0,CV,2010-09-08 02:00:00,513.3,42.23939,0.96434
3.8,253.0,16.3,65.0,955.9,-1.0,-1.0,-1.0,-1.0,CW,2010-09-08 02:00:00,446,41.39241,1.09894
5.4,246.0,15.9,57.0,913.7,-1.0,-1.0,-1.0,-1.0,CY,2010-09-08 02:00:00,816,41.87813,2.17873
4.5,233.0,15.7,76.0,975.8,-1.0,-1.0,-1.0,-1.0,C6,2010-09-08 02:00:00,264,41.6566,0.95172
4.2,235.0,15.6,71.0,957.5,-1.0,-1.0,-1.0,-1.0,C7,2010-09-08 02:00:00,427,41.66695,1.16234
4.8,255.0,14.3,74.0,942.2,-1.0,-1.0,-1.0,-1.0,C8,2010-09-08 02:00:00,554,41.67555,1.29609
-1.0,-1.0,19.8,52.0,979.3,-1.0,-1.0,-1.0,-1.0,C9,2010-09-08 02:00:00,240,40.71825,0.39988
7.7,330.0,19.7,51.0,985.8,-1.0,-1.0,-1.0,-1.0,DB,2010-09-08 02:00:00,179,40.87287,0.71581
0.4,217.0,12.9,96.0,956.6,-1.0,-1.0,-1.0,-1.0,DC,2010-09-08 02:00:00,421.5,42.19144,2.48263
1.2,342.0,17.6,79.0,1000.2,-1.0,-1.0,-1.0,-1.0,DD,2010-09-08 02:00:00,44.5,41.51175,2.38674
1.4,182.0,15.2,95.0,1002.0,-1.0,-1.0,-1.0,-1.0,DF,2010-09-08 02:00:00,28.6,41.97751,3.03543
0.6,72.0,5.1,85.0,795.8,-1.0,-1.0,-1.0,-1.0,DG,2010-09-08 02:00:00,1971.4,42.39848,2.15517
6.4,299.0,19.3,49.0,958.2,-1.0,-1.0,-1.0,-1.0,DI,2010-09-08 02:00:00,415,41.43292,1.62386
1.7,164.0,15.8,85.0,984.7,-1.0,-1.0,-1.0,-1.0,DJ,2010-09-08 02:00:00,176,42.11653,2.78969
2.9,292.0,20.9,54.0,1005.5,-1.0,-1.0,-1.0,-1.0,DK,2010-09-08 02:00:00,2,41.14677,1.41846
3.7,313.0,21.5,56.0,1006.6,-1.0,-1.0,-1.0,-1.0,DL,2010-09-08 02:00:00,0.5,40.70719,0.83449
1.2,19.0,17.0,80.0,994.8,-1.0,-1.0,-1.0,-1.0,DM,2010-09-08 02:00:00,90,41.96012,2.80696
1.1,172.0,15.0,96.0,987.9,-1.0,-1.0,-1.0,-1.0,DN,2010-09-08 02:00:00,150,41.96095,2.63108
1.4,278.0,15.1,95.0,1003.6,-1.0,-1.0,-1.0,-1.0,DO,2010-09-08 02:00:00,14,41.80857,3.03241
1.0,43.0,7.6,89.0,883.8,-1.0,-1.0,-1.0,-1.0,DP,2010-09-08 02:00:00,1097,42.38605,1.8664
4.5,302.0,17.9,59.0,973.7,-1.0,-1.0,-1.0,-1.0,DQ,2010-09-08 02:00:00,287,41.30728,1.36259
-1.0,-1.0,16.7,62.0,960.9,-1.0,-1.0,-1.0,-1.0,D1,2010-09-08 02:00:00,404,41.28521,0.75383
-1.0,-1.0,13.3,97.0,966.3,-1.0,-1.0,-1.0,-1.0,D2,2010-09-08 02:00:00,343,41.59252,1.915
3.8,290.0,20.9,48.0,976.2,-1.0,-1.0,-1.0,-1.0,D3,2010-09-08 02:00:00,252,41.38197,1.93564
5.3,32.0,19.3,57.0,1001.9,-1.0,-1.0,-1.0,-1.0,D4,2010-09-08 02:00:00,24,42.27065,3.18165
1.9,230.0,18.4,52.0,958.9,-1.0,-1.0,-1.0,-1.0,D5,2010-09-08 02:00:00,411.2,41.41843,2.12388
15.7,4.0,17.5,59.0,981.4,-1.0,-1.0,-1.0,-1.0,D6,2010-09-08 02:00:00,196,42.43515,3.16622
2.9,289.0,19.6,51.0,1001.3,-1.0,-1.0,-1.0,-1.0,D7,2010-09-08 02:00:00,53,41.18499,0.59376
4.1,281.0,14.9,62.0,949.6,-1.0,-1.0,-1.0,-1.0,D8,2010-09-08 02:00:00,515,40.95134,0.30565
4.5,310.0,21.6,45.0,999.0,-1.0,-1.0,-1.0,-1.0,D9,2010-09-08 02:00:00,59,41.21553,1.52121
2.6,306.0,17.4,65.0,967.3,-1.0,-1.0,-1.0,-1.0,H1,2010-09-08 02:00:00,333,41.58642,1.65306
0.4,212.0,14.1,92.0,981.2,-1.0,-1.0,-1.0,-1.0,R1,2010-09-08 02:00:00,210,41.70637,1.87276
-1.0,-1.0,19.8,54.0,-1.0,1.6,324.0,-1.0,-1.0,UA,2010-09-08 02:00:00,93,40.9091,0.76943
-1.0,-1.0,15.4,93.0,-1.0,0.5,300.0,-1.0,-1.0,UB,2010-09-08 02:00:00,15,42.05398,3.06195
-1.0,-1.0,15.5,93.0,-1.0,0.8,220.0,-1.0,-1.0,UC,2010-09-08 02:00:00,60,41.97726,2.99705
-1.0,-1.0,15.0,92.0,-1.0,-1.0,-1.0,-1.0,-1.0,UD,2010-09-08 02:00:00,12,42.02895,3.06227
-1.0,-1.0,15.7,96.0,-1.0,-1.0,-1.0,-1.0,-1.0,UE,2010-09-08 02:00:00,4,42.02306,3.15719
-1.0,-1.0,17.4,54.0,-1.0,5.9,311.0,-1.0,-1.0,UF,2010-09-08 02:00:00,573,41.28832,1.90775
-1.0,-1.0,21.2,54.0,-1.0,0.9,238.0,-1.0,-1.0,UG,2010-09-08 02:00:00,3,41.29928,2.03787
-1.0,-1.0,17.0,57.0,-1.0,1.4,280.0,3.1,289.0,UH,2010-09-08 02:00:00,545,41.34171,1.48769
-1.0,-1.0,9.0,79.0,-1.0,0.6,262.0,-1.0,-1.0,UI,2010-09-08 02:00:00,1386,42.26477,1.76218
-1.0,-1.0,14.1,69.0,-1.0,0.9,249.0,1.7,251.0,UJ,2010-09-08 02:00:00,709,41.52879,1.3683
-1.0,-1.0,20.4,50.0,-1.0,0.5,33.0,-1.0,-1.0,UK,2010-09-08 02:00:00,161,41.27861,1.80479
-1.0,-1.0,16.7,62.0,-1.0,1.9,253.0,-1.0,-1.0,UL,2010-09-08 02:00:00,228,41.52911,0.75303
-1.0,-1.0,14.9,62.0,-1.0,2.7,288.0,-1.0,-1.0,UM,2010-09-08 02:00:00,505,41.35991,0.66789
-1.0,-1.0,14.2,96.0,-1.0,0.4,10.0,-1.0,-1.0,UN,2010-09-08 02:00:00,171,41.87449,2.92694
-1.0,-1.0,14.5,94.0,-1.0,-1.0,-1.0,-1.0,-1.0,UO,2010-09-08 02:00:00,97,41.91461,2.82069
2.3,324.0,16.8,82.0,996.0,-1.0,-1.0,-1.0,-1.0,UP,2010-09-08 02:00:00,81,41.51773,2.37702
-1.0,-1.0,16.0,72.0,-1.0,0.5,125.0,-1.0,-1.0,UQ,2010-09-08 02:00:00,460,41.61991,2.44532
-1.0,-1.0,21.7,46.0,-1.0,1.8,338.0,-1.0,-1.0,US,2010-09-08 02:00:00,24,40.55786,0.52329
4.4,332.0,20.8,51.0,1007.0,-1.0,-1.0,-1.0,-1.0,UU,2010-09-08 02:00:00,3,40.70776,0.6321
-1.0,-1.0,19.5,50.0,-1.0,0.9,353.0,-1.0,-1.0,UV,2010-09-08 02:00:00,205,40.71727,0.41633
-1.0,-1.0,20.3,57.0,1007.0,3.6,328.0,-1.0,-1.0,UW,2010-09-08 02:00:00,0,40.62725,0.65922
-1.0,-1.0,19.6,48.0,-1.0,1.9,330.0,-1.0,-1.0,UX,2010-09-08 02:00:00,210,40.62652,0.37112
-1.0,-1.0,15.2,64.0,-1.0,1.3,279.0,2.9,288.0,UY,2010-09-08 02:00:00,576,41.87912,0.76103
-1.0,-1.0,17.9,67.0,-1.0,2.2,321.0,-1.0,-1.0,U1,2010-09-08 02:00:00,31,42.30648,2.95481
0.8,223.0,15.0,93.0,1005.0,-1.0,-1.0,-1.0,-1.0,U2,2010-09-08 02:00:00,4,42.17716,3.0968
-1.0,-1.0,19.3,49.0,-1.0,1.6,284.0,-1.0,-1.0,U3,2010-09-08 02:00:00,257,41.37491,1.63032
1.9,254.0,15.6,69.0,-1.0,1.0,281.0,-1.0,-1.0,U4,2010-09-08 02:00:00,507,41.83094,1.84699
-1.0,-1.0,11.9,69.0,-1.0,0.8,222.0,-1.0,-1.0,U5,2010-09-08 02:00:00,969,41.31349,0.99611
-1.0,-1.0,20.2,51.0,-1.0,0.6,254.0,-1.0,-1.0,U6,2010-09-08 02:00:00,29,41.08017,1.06661
-1.0,-1.0,19.8,47.0,-1.0,1.7,7.0,-1.0,-1.0,U7,2010-09-08 02:00:00,52,40.85936,0.50525
-1.0,-1.0,20.7,47.0,-1.0,1.8,315.0,-1.0,-1.0,U9,2010-09-08 02:00:00,62,40.76947,0.61635
-1.0,-1.0,17.6,56.0,-1.0,3.3,267.0,-1.0,-1.0,VA,2010-09-08 02:00:00,257,41.19645,0.51161
5.9,270.0,19.6,51.0,-1.0,-1.0,-1.0,-1.0,-1.0,VB,2010-09-08 02:00:00,32,41.06289,0.63517
-1.0,-1.0,19.6,54.0,-1.0,4.5,260.0,-1.0,-1.0,VC,2010-09-08 02:00:00,69,41.24415,0.43266
-1.0,-1.0,15.0,71.0,-1.0,4.7,237.0,-1.0,-1.0,VD,2010-09-08 02:00:00,429,41.68939,1.20381
-1.0,-1.0,17.9,56.0,-1.0,2.6,231.0,-1.0,-1.0,VE,2010-09-08 02:00:00,97,41.48692,0.46058
-1.0,-1.0,16.9,63.0,-1.0,0.6,244.0,-1.0,-1.0,VF,2010-09-08 02:00:00,122,41.56482,0.54999
-1.0,-1.0,15.9,63.0,-1.0,2.8,267.0,-1.0,-1.0,VH,2010-09-08 02:00:00,259,41.65814,0.39301
-1.0,-1.0,16.5,62.0,-1.0,1.5,234.0,-1.0,-1.0,VJ,2010-09-08 02:00:00,161,41.59957,0.6478
3.9,284.0,15.5,66.0,974.3,-1.0,-1.0,-1.0,-1.0,VK,2010-09-08 02:00:00,286,41.68328,0.4487
2.6,268.0,18.3,52.0,-1.0,1.3,254.0,-1.0,-1.0,VL,2010-09-08 02:00:00,100,41.46014,0.40562
-1.0,-1.0,16.0,65.0,-1.0,4.3,275.0,-1.0,-1.0,VM,2010-09-08 02:00:00,222,41.7145,0.62839
-1.0,-1.0,14.6,94.0,-1.0,-1.0,-1.0,-1.0,-1.0,VN,2010-09-08 02:00:00,117,41.88244,2.74262
-1.0,-1.0,12.7,70.0,-1.0,0.6,1.0,-1.0,-1.0,VO,2010-09-08 02:00:00,785,42.08745,1.42792
-1.0,-1.0,13.6,78.0,-1.0,2.3,240.0,3.2,248.0,VP,2010-09-08 02:00:00,659,41.80483,1.53853
3.5,287.0,20.0,49.0,993.0,-1.0,-1.0,-1.0,-1.0,VQ,2010-09-08 02:00:00,112,41.1713,1.16774
-1.0,-1.0,15.1,77.0,-1.0,0.6,230.0,-1.0,-1.0,VR,2010-09-08 02:00:00,291,41.68994,1.04401
4.8,46.0,2.6,98.0,770.3,-1.0,-1.0,-1.0,-1.0,VS,2010-09-08 02:00:00,2247,42.63835,0.77889
-1.0,-1.0,17.0,74.0,-1.0,0.8,277.0,-1.0,-1.0,VT,2010-09-08 02:00:00,84,41.48401,2.12745
-1.0,-1.0,15.0,72.0,-1.0,0.9,86.0,-1.0,-1.0,VU,2010-09-08 02:00:00,421,41.63286,1.91718
2.7,14.0,18.1,54.0,-1.0,-1.0,-1.0,-1.0,-1.0,VV,2010-09-08 02:00:00,528,41.68129,2.02647
-1.0,-1.0,13.8,64.0,-1.0,0.5,290.0,-1.0,-1.0,VX,2010-09-08 02:00:00,1030,41.74761,2.30291
-1.0,-1.0,19.5,48.0,-1.0,-1.0,-1.0,-1.0,-1.0,VY,2010-09-08 02:00:00,240,41.25095,1.29863
-1.0,-1.0,18.7,57.0,-1.0,-1.0,-1.0,-1.0,-1.0,VZ,2010-09-08 02:00:00,83,42.38443,3.00736
-1.0,-1.0,15.9,72.0,-1.0,2.6,249.0,-1.0,-1.0,V1,2010-09-08 02:00:00,238,41.78487,0.82939
-1.0,-1.0,12.9,95.0,-1.0,0.5,217.0,-1.0,-1.0,V3,2010-09-08 02:00:00,509,41.95224,2.23271
-1.0,-1.0,10.9,96.0,928.0,-1.0,-1.0,0.6,337.0,V4,2010-09-08 02:00:00,684,42.11477,2.21483
-1.0,-1.0,11.2,98.0,-1.0,0.7,104.0,1.0,97.0,V5,2010-09-08 02:00:00,774,42.03947,2.11993
-1.0,-1.0,14.7,78.0,-1.0,0.9,241.0,-1.0,-1.0,V8,2010-09-08 02:00:00,223,41.67279,0.87741
-1.0,-1.0,15.3,70.0,-1.0,2.1,276.0,-1.0,-1.0,WA,2010-09-08 02:00:00,443,41.87694,1.1541
-1.0,-1.0,14.6,71.0,-1.0,3.6,290.0,-1.0,-1.0,WB,2010-09-08 02:00:00,267,41.76036,0.67022
-1.0,-1.0,15.6,72.0,-1.0,1.7,264.0,-1.0,-1.0,WC,2010-09-08 02:00:00,261,41.63642,0.92446
-1.0,-1.0,16.0,60.0,-1.0,1.6,285.0,-1.0,-1.0,WD,2010-09-08 02:00:00,382,41.08671,0.31884
-1.0,-1.0,14.1,93.0,-1.0,0.8,81.0,-1.0,-1.0,WE,2010-09-08 02:00:00,126,41.5444,2.30014
-1.0,-1.0,14.5,95.0,-1.0,-1.0,-1.0,-1.0,-1.0,WF,2010-09-08 02:00:00,108,41.95425,2.77578
-1.0,-1.0,15.0,71.0,-1.0,3.7,262.0,-1.0,-1.0,WG,2010-09-08 02:00:00,301,41.80104,0.64804
-1.0,-1.0,16.4,57.0,-1.0,2.3,275.0,-1.0,-1.0,WI,2010-09-08 02:00:00,350,41.35741,0.4809
-1.0,-1.0,18.8,52.0,-1.0,3.0,307.0,-1.0,-1.0,WJ,2010-09-08 02:00:00,141,41.1223,0.72182
-1.0,-1.0,15.0,70.0,-1.0,1.5,283.0,-1.0,-1.0,WK,2010-09-08 02:00:00,268,41.81949,0.57768
-1.0,-1.0,15.1,71.0,-1.0,2.7,231.0,-1.0,-1.0,WL,2010-09-08 02:00:00,413,41.57236,1.0882
2.7,264.0,13.5,63.0,-1.0,-1.0,-1.0,-1.0,-1.0,WM,2010-09-08 02:00:00,1167,42.10736,1.8267
-1.0,-1.0,15.8,52.0,-1.0,-1.0,-1.0,5.2,296.0,WN,2010-09-08 02:00:00,916,41.59539,1.83751
-1.0,-1.0,19.0,55.0,-1.0,-1.0,-1.0,-1.0,-1.0,WO,2010-09-08 02:00:00,185,41.27151,1.46717
-1.0,-1.0,16.2,66.0,-1.0,0.8,344.0,-1.0,-1.0,WP,2010-09-08 02:00:00,325,41.48518,1.69337
10.7,304.0,9.1,67.0,835.1,-1.0,-1.0,-1.0,-1.0,WQ,2010-09-08 02:00:00,1572,42.0513,0.72952
-1.0,-1.0,18.0,50.0,-1.0,0.9,274.0,-1.0,-1.0,WR,2010-09-08 02:00:00,300,41.2163,0.79748
2.0,230.0,14.9,59.0,900.0,-1.0,-1.0,-1.0,-1.0,WS,2010-09-08 02:00:00,953,41.84008,2.41877
3.3,336.0,16.5,94.0,1006.0,-1.0,-1.0,-1.0,-1.0,WT,2010-09-08 02:00:00,2,41.64707,2.75658
-1.0,-1.0,21.4,53.0,1000.0,-1.0,-1.0,1.5,310.0,WU,2010-09-08 02:00:00,42,41.45215,2.24757
0.6,271.0,9.0,99.0,918.0,-1.0,-1.0,-1.0,-1.0,WV,2010-09-08 02:00:00,788,42.23414,1.87485
-1.0,-1.0,12.9,96.0,-1.0,-1.0,-1.0,-1.0,-1.0,WW,2010-09-08 02:00:00,278,41.79423,1.9368
-1.0,-1.0,14.4,63.0,-1.0,0.9,304.0,-1.0,-1.0,WX,2010-09-08 02:00:00,668,41.9178,0.88175
-1.0,-1.0,20.2,54.0,-1.0,1.1,241.0,-1.0,-1.0,WY,2010-09-08 02:00:00,164,41.43386,1.79429
4.2,312.0,22.6,45.0,1004.0,-1.0,-1.0,-1.0,-1.0,WZ,2010-09-08 02:00:00,17,41.20187,1.63346
-1.0,-1.0,15.2,94.0,-1.0,-1.0,-1.0,-1.0,-1.0,W1,2010-09-08 02:00:00,2,42.24726,3.09021
-1.0,-1.0,14.6,92.0,-1.0,-1.0,-1.0,-1.0,-1.0,W2,2010-09-08 02:00:00,7,42.18259,3.05783
-1.0,-1.0,15.2,92.0,-1.0,-1.0,-1.0,-1.0,-1.0,W3,2010-09-08 02:00:00,4,42.15006,3.06494
-1.0,-1.0,19.0,54.0,-1.0,1.1,295.0,-1.0,-1.0,W4,2010-09-08 02:00:00,240,41.36619,1.72857
-1.0,-1.0,14.8,63.0,-1.0,0.6,59.0,-1.0,-1.0,W5,2010-09-08 02:00:00,490,42.07683,1.31489
-1.0,-1.0,19.7,50.0,-1.0,0.8,269.0,-1.0,-1.0,W6,2010-09-08 02:00:00,158,41.13738,1.0187
-1.0,-1.0,15.7,67.0,-1.0,-1.0,-1.0,-1.0,-1.0,W8,2010-09-08 02:00:00,438,41.44237,1.15998
-1.0,-1.0,12.2,99.0,-1.0,0.3,249.0,-1.0,-1.0,W9,2010-09-08 02:00:00,461,42.14557,2.45451
3.6,266.0,13.6,74.0,918.4,-1.0,-1.0,-1.0,-1.0,XA,2010-09-08 02:00:00,785,41.60257,1.4007
-1.0,-1.0,16.4,58.0,-1.0,-1.0,-1.0,-1.0,-1.0,XB,2010-09-08 02:00:00,584,41.4779,1.53529
3.4,320.0,19.0,56.0,988.8,-1.0,-1.0,-1.0,-1.0,XC,2010-09-08 02:00:00,147,41.47892,1.97546
5.4,291.0,14.8,59.0,928.8,-1.0,-1.0,-1.0,-1.0,XD,2010-09-08 02:00:00,687,41.32,0.8857
1.8,298.0,21.5,53.0,1005.6,-1.0,-1.0,-1.0,-1.0,XE,2010-09-08 02:00:00,5,41.10393,1.201
1.9,275.0,15.9,77.0,975.7,-1.0,-1.0,-1.0,-1.0,XF,2010-09-08 02:00:00,258,41.56568,2.06952
1.6,76.0,16.4,88.0,991.9,-1.0,-1.0,-1.0,-1.0,XG,2010-09-08 02:00:00,123,41.56734,2.22619
-1.0,-1.0,12.1,88.0,929.4,-1.0,-1.0,-1.0,-1.0,XH,2010-09-08 02:00:00,679,42.40533,1.12993
-1.0,-1.0,16.0,68.0,978.5,3.1,253.0,-1.0,-1.0,XI,2010-09-08 02:00:00,247,41.61817,0.87182
3.4,271.0,17.1,60.0,967.0,-1.0,-1.0,-1.0,-1.0,X1,2010-09-08 02:00:00,359,41.15374,0.81953
-1.0,-1.0,22.4,54.0,-1.0,-1.0,-1.0,-1.0,-1.0,X2,2010-09-08 02:00:00,7,41.38943,2.18847
6.2,274.0,13.7,78.0,964.0,-1.0,-1.0,-1.0,-1.0,X3,2010-09-08 02:00:00,370,41.74281,0.5358
2.2,306.0,22.9,46.0,1001.4,-1.0,-1.0,-1.0,-1.0,X4,2010-09-08 02:00:00,33,41.3839,2.16775
6.5,259.0,10.2,74.0,891.7,-1.0,-1.0,-1.0,-1.0,X5,2010-09-08 02:00:00,1055,40.79705,0.31822
-1.0,-1.0,16.0,62.0,-1.0,1.0,105.0,-1.0,-1.0,X6,2010-09-08 02:00:00,366,41.92173,1.02901
-1.0,-1.0,16.4,63.0,-1.0,2.0,220.0,-1.0,-1.0,X7,2010-09-08 02:00:00,215,41.51909,0.55314
1.1,322.0,19.1,57.0,996.0,-1.0,-1.0,-1.0,-1.0,X8,2010-09-08 02:00:00,79,41.37919,2.1054
1.2,356.0,14.7,95.0,986.0,-1.0,-1.0,-1.0,-1.0,X9,2010-09-08 02:00:00,176,41.61265,2.16836
1.5,208.0,3.1,97.0,-1.0,-1.0,-1.0,-1.0,-1.0,ZB,2010-09-08 02:00:00,2451,42.51939,1.36597
-1.0,-1.0,2.5,100.0,-1.0,-1.0,-1.0,3.4,264.0,Z1,2010-09-08 02:00:00,2266,42.64691,0.98486
-1.0,-1.0,2.2,94.0,-1.0,-1.0,-1.0,2.0,320.0,Z2,2010-09-08 02:00:00,2535,42.46602,0.88405
-1.0,-1.0,4.7,84.0,-1.0,-1.0,-1.0,0.4,356.0,Z3,2010-09-08 02:00:00,2230,42.46605,1.7785
-1.0,-1.0,4.5,82.0,-1.0,-1.0,-1.0,1.8,266.0,Z4,2010-09-08 02:00:00,2364,42.42205,2.2524
-1.0,-1.0,2.0,88.0,-1.0,-1.0,-1.0,4.4,24.0,Z5,2010-09-08 02:00:00,2400,42.70029,1.27201
-1.0,-1.0,1.1,98.0,-1.0,-1.0,-1.0,1.6,336.0,Z6,2010-09-08 02:00:00,2228,42.77011,0.73198
0.5,94.0,2.9,96.0,-1.0,-1.0,-1.0,-1.0,-1.0,Z7,2010-09-08 02:00:00,2519,42.53412,1.05476
-1.0,-1.0,3.6,94.0,-1.0,-1.0,-1.0,7.1,271.0,Z8,2010-09-08 02:00:00,2316,42.18254,1.52407
3.3,239.0,5.7,75.0,-1.0,-1.0,-1.0,-1.0,-1.0,Z9,2010-09-08 02:00:00,2143,42.29265,1.71498
3.9,241.0,14.1,70.0,927.4,-1.0,-1.0,-1.0,-1.0,CA,2010-09-08 02:30:00,693,41.95378,1.5851
0.8,227.0,10.9,96.0,934.5,-1.0,-1.0,-1.0,-1.0,CC,2010-09-08 02:30:00,626,42.07398,2.20862
0.9,347.0,13.3,65.0,910.1,-1.0,-1.0,-1.0,-1.0,CD,2010-09-08 02:30:00,849,42.37083,1.43277
4.7,302.0,18.0,59.0,969.3,-1.0,-1.0,-1.0,-1.0,CE,2010-09-08 02:30:00,316,41.53109,1.80813
0.5,119.0,9.3,89.0,851.9,-1.0,-1.0,-1.0,-1.0,CG,2010-09-08 02:30:00,1405,42.37717,2.41456
0.6,90.0,9.6,97.0,909.8,-1.0,-1.0,-1.0,-1.0,CI,2010-09-08 02:30:00,852,42.25839,2.36429
1.4,312.0,13.4,69.0,940.7,-1.0,-1.0,-1.0,-1.0,CJ,2010-09-08 02:30:00,566.5,42.21624,1.33132
0.8,213.0,14.6,73.0,965.6,-1.0,-1.0,-1.0,-1.0,CL,2010-09-08 02:30:00,349,41.67399,1.76796
2.3,29.0,14.3,66.0,928.1,-1.0,-1.0,-1.0,-1.0,CP,2010-09-08 02:30:00,690,42.13924,1.03893
1.4,127.0,16.3,59.0,938.3,-1.0,-1.0,-1.0,-1.0,CQ,2010-09-08 02:30:00,594,41.99546,1.02569
0.5,320.0,10.6,99.0,908.2,-1.0,-1.0,-1.0,-1.0,CR,2010-09-08 02:30:00,873,42.08032,1.9624
0.8,76.0,9.1,97.0,913.4,-1.0,-1.0,-1.0,-1.0,CT,2010-09-08 02:30:00,823,42.39811,0.74362
0.9,190.0,10.1,91.0,895.7,-1.0,-1.0,-1.0,-1.0,CU,2010-09-08 02:30:00,1002,42.69856,0.79397
0.5,299.0,12.5,82.0,947.3,-1.0,-1.0,-1.0,-1.0,CV,2010-09-08 02:30:00,513.3,42.23939,0.96434
3.2,252.0,16.0,62.0,955.9,-1.0,-1.0,-1.0,-1.0,CW,2010-09-08 02:30:00,446,41.39241,1.09894
5.4,235.0,15.7,58.0,913.8,-1.0,-1.0,-1.0,-1.0,CY,2010-09-08 02:30:00,816,41.87813,2.17873
4.5,248.0,14.9,78.0,976.2,-1.0,-1.0,-1.0,-1.0,C6,2010-09-08 02:30:00,264,41.6566,0.95172
3.4,239.0,15.0,73.0,957.8,-1.0,-1.0,-1.0,-1.0,C7,2010-09-08 02:30:00,427,41.66695,1.16234
5.9,252.0,13.6,76.0,942.4,-1.0,-1.0,-1.0,-1.0,C8,2010-09-08 02:30:00,554,41.67555,1.29609
-1.0,-1.0,19.4,52.0,979.5,-1.0,-1.0,-1.0,-1.0,C9,2010-09-08 02:30:00,240,40.71825,0.39988
8.5,327.0,19.2,48.0,986.0,-1.0,-1.0,-1.0,-1.0,DB,2010-09-08 02:30:00,179,40.87287,0.71581
0.5,189.0,12.6,97.0,956.9,-1.0,-1.0,-1.0,-1.0,DC,2010-09-08 02:30:00,421.5,42.19144,2.48263
1.8,287.0,17.5,79.0,1000.6,-1.0,-1.0,-1.0,-1.0,DD,2010-09-08 02:30:00,44.5,41.51175,2.38674
0.9,159.0,15.2,95.0,1002.5,-1.0,-1.0,-1.0,-1.0,DF,2010-09-08 02:30:00,28.6,41.97751,3.03543
1.5,30.0,5.5,84.0,795.7,-1.0,-1.0,-1.0,-1.0,DG,2010-09-08 02:30:00,1971.4,42.39848,2.15517
8.3,293.0,19.4,46.0,958.3,-1.0,-1.0,-1.0,-1.0,DI,2010-09-08 02:30:00,415,41.43292,1.62386
1.5,176.0,15.5,86.0,985.0,-1.0,-1.0,-1.0,-1.0,DJ,2010-09-08 02:30:00,176,42.11653,2.78969
2.1,271.0,20.6,55.0,1005.9,-1.0,-1.0,-1.0,-1.0,DK,2010-09-08 02:30:00,2,41.14677,1.41846
2.1,311.0,20.7,58.0,1006.9,-1.0,-1.0,-1.0,-1.0,DL,2010-09-08 02:30:00,0.5,40.70719,0.83449
0.9,228.0,16.3,84.0,995.2,-1.0,-1.0,-1.0,-1.0,DM,2010-09-08 02:30:00,90,41.96012,2.80696
0.6,169.0,15.0,94.0,988.3,-1.0,-1.0,-1.0,-1.0,DN,2010-09-08 02:30:00,150,41.96095,2.63108
1.9,260.0,15.0,95.0,1004.1,-1.0,-1.0,-1.0,-1.0,DO,2010-09-08 02:30:00,14,41.80857,3.03241
1.0,154.0,7.4,94.0,883.9,-1.0,-1.0,-1.0,-1.0,DP,2010-09-08 02:30:00,1097,42.38605,1.8664
3.7,320.0,17.2,61.0,973.9,-1.0,-1.0,-1.0,-1.0,DQ,2010-09-08 02:30:00,287,41.30728,1.36259
-1.0,-1.0,16.2,62.0,961.2,-1.0,-1.0,-1.0,-1.0,D1,2010-09-08 02:30:00,404,41.28521,0.75383
-1.0,-1.0,13.3,96.0,966.5,-1.0,-1.0,-1.0,-1.0,D2,2010-09-08 02:30:00,343,41.59252,1.915
3.8,295.0,20.7,49.0,976.5,-1.0,-1.0,-1.0,-1.0,D3,2010-09-08 02:30:00,252,41.38197,1.93564
5.3,32.0,19.5,53.0,1002.2,-1.0,-1.0,-1.0,-1.0,D4,2010-09-08 02:30:00,24,42.27065,3.18165
1.4,240.0,18.4,52.0,959.2,-1.0,-1.0,-1.0,-1.0,D5,2010-09-08 02:30:00,411.2,41.41843,2.12388
17.2,7.0,17.6,54.0,981.5,-1.0,-1.0,-1.0,-1.0,D6,2010-09-08 02:30:00,196,42.43515,3.16622
2.9,291.0,18.8,55.0,1001.6,-1.0,-1.0,-1.0,-1.0,D7,2010-09-08 02:30:00,53,41.18499,0.59376
3.8,273.0,14.4,65.0,949.8,-1.0,-1.0,-1.0,-1.0,D8,2010-09-08 02:30:00,515,40.95134,0.30565
3.8,294.0,21.0,47.0,999.4,-1.0,-1.0,-1.0,-1.0,D9,2010-09-08 02:30:00,59,41.21553,1.52121
0.7,332.0,16.6,68.0,967.6,-1.0,-1.0,-1.0,-1.0,H1,2010-09-08 02:30:00,333,41.58642,1.65306
1.3,14.0,13.8,92.0,981.3,-1.0,-1.0,-1.0,-1.0,R1,2010-09-08 02:30:00,210,41.70637,1.87276
3.9,295.0,20.2,43.0,993.0,-1.0,-1.0,-1.0,-1.0,VQ,2010-09-08 02:30:00,112,41.1713,1.16774
6.3,41.0,2.2,98.0,770.4,-1.0,-1.0,-1.0,-1.0,VS,2010-09-08 02:30:00,2247,42.63835,0.77889
-1.0,-1.0,21.4,52.0,1001.0,-1.0,-1.0,2.1,288.0,WU,2010-09-08 02:30:00,42,41.45215,2.24757
3.4,299.0,21.8,47.0,1004.0,-1.0,-1.0,-1.0,-1.0,WZ,2010-09-08 02:30:00,17,41.20187,1.63346
2.8,267.0,13.0,74.0,918.3,-1.0,-1.0,-1.0,-1.0,XA,2010-09-08 02:30:00,785,41.60257,1.4007
1.6,351.0,18.8,57.0,989.2,-1.0,-1.0,-1.0,-1.0,XC,2010-09-08 02:30:00,147,41.47892,1.97546
3.7,281.0,14.4,57.0,929.0,-1.0,-1.0,-1.0,-1.0,XD,2010-09-08 02:30:00,687,41.32,0.8857
1.1,260.0,20.6,53.0,1006.0,-1.0,-1.0,-1.0,-1.0,XE,2010-09-08 02:30:00,5,41.10393,1.201
0.9,106.0,15.2,83.0,976.0,-1.0,-1.0,-1.0,-1.0,XF,2010-09-08 02:30:00,258,41.56568,2.06952
1.7,59.0,16.2,87.0,992.3,-1.0,-1.0,-1.0,-1.0,XG,2010-09-08 02:30:00,123,41.56734,2.22619
-1.0,-1.0,11.2,94.0,929.7,-1.0,-1.0,-1.0,-1.0,XH,2010-09-08 02:30:00,679,42.40533,1.12993
1.5,335.0,20.0,51.0,996.4,-1.0,-1.0,-1.0,-1.0,X8,2010-09-08 02:30:00,79,41.37919,2.1054
0.8,211.0,3.2,97.0,-1.0,-1.0,-1.0,-1.0,-1.0,ZB,2010-09-08 02:30:00,2451,42.51939,1.36597
-1.0,-1.0,2.1,100.0,-1.0,-1.0,-1.0,3.5,255.0,Z1,2010-09-08 02:30:00,2266,42.64691,0.98486
-1.0,-1.0,2.1,95.0,-1.0,-1.0,-1.0,1.3,333.0,Z2,2010-09-08 02:30:00,2535,42.46602,0.88405
-1.0,-1.0,4.5,84.0,-1.0,-1.0,-1.0,1.2,323.0,Z3,2010-09-08 02:30:00,2230,42.46605,1.7785
-1.0,-1.0,4.7,79.0,-1.0,-1.0,-1.0,2.0,261.0,Z4,2010-09-08 02:30:00,2364,42.42205,2.2524
-1.0,-1.0,1.7,90.0,-1.0,-1.0,-1.0,3.1,21.0,Z5,2010-09-08 02:30:00,2400,42.70029,1.27201
-1.0,-1.0,1.0,98.0,-1.0,-1.0,-1.0,0.7,9.0,Z6,2010-09-08 02:30:00,2228,42.77011,0.73198
1.1,88.0,2.9,98.0,-1.0,-1.0,-1.0,-1.0,-1.0,Z7,2010-09-08 02:30:00,2519,42.53412,1.05476
-1.0,-1.0,3.4,91.0,-1.0,-1.0,-1.0,6.8,268.0,Z8,2010-09-08 02:30:00,2316,42.18254,1.52407
2.2,258.0,5.6,79.0,-1.0,-1.0,-1.0,-1.0,-1.0,Z9,2010-09-08 02:30:00,2143,42.29265,1.71498
3.2,249.0,13.3,75.0,927.5,-1.0,-1.0,-1.0,-1.0,CA,2010-09-08 03:00:00,693,41.95378,1.5851
0.7,222.0,10.7,95.0,934.7,-1.0,-1.0,-1.0,-1.0,CC,2010-09-08 03:00:00,626,42.07398,2.20862
1.0,114.0,12.9,66.0,910.3,-1.0,-1.0,-1.0,-1.0,CD,2010-09-08 03:00:00,849,42.37083,1.43277
5.2,303.0,17.5,60.0,969.3,-1.0,-1.0,-1.0,-1.0,CE,2010-09-08 03:00:00,316,41.53109,1.80813
1.1,178.0,9.4,93.0,852.1,-1.0,-1.0,-1.0,-1.0,CG,2010-09-08 03:00:00,1405,42.37717,2.41456
0.5,333.0,9.8,97.0,910.0,-1.0,-1.0,-1.0,-1.0,CI,2010-09-08 03:00:00,852,42.25839,2.36429
2.2,311.0,12.8,72.0,940.9,-1.0,-1.0,-1.0,-1.0,CJ,2010-09-08 03:00:00,566.5,42.21624,1.33132
0.9,173.0,14.4,77.0,965.7,-1.0,-1.0,-1.0,-1.0,CL,2010-09-08 03:00:00,349,41.67399,1.76796
3.4,59.0,13.8,68.0,928.2,-1.0,-1.0,-1.0,-1.0,CP,2010-09-08 03:00:00,690,42.13924,1.03893
0.9,335.0,16.0,57.0,938.3,-1.0,-1.0,-1.0,-1.0,CQ,2010-09-08 03:00:00,594,41.99546,1.02569
2.0,253.0,11.0,98.0,908.3,-1.0,-1.0,-1.0,-1.0,CR,2010-09-08 03:00:00,873,42.08032,1.9624
0.5,20.0,8.7,97.0,913.6,-1.0,-1.0,-1.0,-1.0,CT,2010-09-08 03:00:00,823,42.39811,0.74362
0.6,188.0,9.9,92.0,896.0,-1.0,-1.0,-1.0,-1.0,CU,2010-09-08 03:00:00,1002,42.69856,0.79397
0.4,253.0,12.2,84.0,947.5,-1.0,-1.0,-1.0,-1.0,CV,2010-09-08 03:00:00,513.3,42.23939,0.96434
4.5,270.0,15.7,60.0,956.1,-1.0,-1.0,-1.0,-1.0,CW,2010-09-08 03:00:00,446,41.39241,1.09894
3.2,231.0,15.2,61.0,914.0,-1.0,-1.0,-1.0,-1.0,CY,2010-09-08 03:00:00,816,41.87813,2.17873
5.3,250.0,14.6,76.0,976.4,-1.0,-1.0,-1.0,-1.0,C6,2010-09-08 03:00:00,264,41.6566,0.95172
2.6,214.0,14.2,74.0,958.1,-1.0,-1.0,-1.0,-1.0,C7,2010-09-08 03:00:00,427,41.66695,1.16234
5.6,251.0,12.9,77.0,942.7,-1.0,-1.0,-1.0,-1.0,C8,2010-09-08 03:00:00,554,41.67555,1.29609
-1.0,-1.0,18.7,53.0,979.8,-1.0,-1.0,-1.0,-1.0,C9,2010-09-08 03:00:00,240,40.71825,0.39988
8.5,327.0,18.8,48.0,986.5,-1.0,-1.0,-1.0,-1.0,DB,2010-09-08 03:00:00,179,40.87287,0.71581
0.7,248.0,12.5,97.0,957.2,-1.0,-1.0,-1.0,-1.0,DC,2010-09-08 03:00:00,421.5,42.19144,2.48263
2.0,285.0,17.4,79.0,1000.7,-1.0,-1.0,-1.0,-1.0,DD,2010-09-08 03:00:00,44.5,41.51175,2.38674
1.3,180.0,15.0,94.0,1002.7,-1.0,-1.0,-1.0,-1.0,DF,2010-09-08 03:00:00,28.6,41.97751,3.03543
0.9,42.0,5.1,84.0,795.8,-1.0,-1.0,-1.0,-1.0,DG,2010-09-08 03:00:00,1971.4,42.39848,2.15517
6.7,295.0,19.1,44.0,958.6,-1.0,-1.0,-1.0,-1.0,DI,2010-09-08 03:00:00,415,41.43292,1.62386
1.5,179.0,15.0,88.0,985.4,-1.0,-1.0,-1.0,-1.0,DJ,2010-09-08 03:00:00,176,42.11653,2.78969
1.1,334.0,19.9,58.0,1005.9,-1.0,-1.0,-1.0,-1.0,DK,2010-09-08 03:00:00,2,41.14677,1.41846
3.2,313.0,20.0,56.0,1007.1,-1.0,-1.0,-1.0,-1.0,DL,2010-09-08 03:00:00,0.5,40.70719,0.83449
0.8,182.0,15.7,88.0,995.5,-1.0,-1.0,-1.0,-1.0,DM,2010-09-08 03:00:00,90,41.96012,2.80696
0.9,214.0,15.1,92.0,988.6,-1.0,-1.0,-1.0,-1.0,DN,2010-09-08 03:00:00,150,41.96095,2.63108
1.2,252.0,14.9,95.0,1004.5,-1.0,-1.0,-1.0,-1.0,DO,2010-09-08 03:00:00,14,41.80857,3.03241
1.0,263.0,8.2,92.0,884.1,-1.0,-1.0,-1.0,-1.0,DP,2010-09-08 03:00:00,1097,42.38605,1.8664
4.0,310.0,17.4,54.0,973.9,-1.0,-1.0,-1.0,-1.0,DQ,2010-09-08 03:00:00,287,41.30728,1.36259
-1.0,-1.0,15.8,63.0,961.5,-1.0,-1.0,-1.0,-1.0,D1,2010-09-08 03:00:00,404,41.28521,0.75383
-1.0,-1.0,13.5,95.0,966.5,-1.0,-1.0,-1.0,-1.0,D2,2010-09-08 03:00:00,343,41.59252,1.915
2.5,284.0,20.0,51.0,976.7,-1.0,-1.0,-1.0,-1.0,D3,2010-09-08 03:00:00,252,41.38197,1.93564
4.0,18.0,19.5,51.0,1002.7,-1.0,-1.0,-1.0,-1.0,D4,2010-09-08 03:00:00,24,42.27065,3.18165
1.4,260.0,18.1,53.0,959.4,-1.0,-1.0,-1.0,-1.0,D5,2010-09-08 03:00:00,411.2,41.41843,2.12388
15.5,4.0,17.6,52.0,981.9,-1.0,-1.0,-1.0,-1.0,D6,2010-09-08 03:00:00,196,42.43515,3.16622
2.5,297.0,18.1,58.0,1002.1,-1.0,-1.0,-1.0,-1.0,D7,2010-09-08 03:00:00,53,41.18499,0.59376
3.5,268.0,14.2,66.0,950.1,-1.0,-1.0,-1.0,-1.0,D8,2010-09-08 03:00:00,515,40.95134,0.30565
2.2,292.0,20.3,47.0,999.6,-1.0,-1.0,-1.0,-1.0,D9,2010-09-08 03:00:00,59,41.21553,1.52121
2.6,296.0,16.3,68.0,967.7,-1.0,-1.0,-1.0,-1.0,H1,2010-09-08 03:00:00,333,41.58642,1.65306
1.1,2.0,13.4,92.0,981.5,-1.0,-1.0,-1.0,-1.0,R1,2010-09-08 03:00:00,210,41.70637,1.87276
-1.0,-1.0,18.6,55.0,-1.0,1.6,326.0,-1.0,-1.0,UA,2010-09-08 03:00:00,93,40.9091,0.76943
-1.0,-1.0,14.7,92.0,-1.0,0.5,226.0,-1.0,-1.0,UB,2010-09-08 03:00:00,15,42.05398,3.06195
-1.0,-1.0,14.4,93.0,-1.0,0.9,222.0,-1.0,-1.0,UC,2010-09-08 03:00:00,60,41.97726,2.99705
-1.0,-1.0,14.2,91.0,-1.0,-1.0,-1.0,-1.0,-1.0,UD,2010-09-08 03:00:00,12,42.02895,3.06227
-1.0,-1.0,15.3,96.0,-1.0,-1.0,-1.0,-1.0,-1.0,UE,2010-09-08 03:00:00,4,42.02306,3.15719
-1.0,-1.0,17.2,49.0,-1.0,4.4,302.0,-1.0,-1.0,UF,2010-09-08 03:00:00,573,41.28832,1.90775
-1.0,-1.0,20.0,59.0,-1.0,0.5,216.0,-1.0,-1.0,UG,2010-09-08 03:00:00,3,41.29928,2.03787
-1.0,-1.0,16.4,54.0,-1.0,1.5,276.0,2.9,288.0,UH,2010-09-08 03:00:00,545,41.34171,1.48769
-1.0,-1.0,8.7,80.0,-1.0,0.5,252.0,-1.0,-1.0,UI,2010-09-08 03:00:00,1386,42.26477,1.76218
-1.0,-1.0,12.8,71.0,-1.0,2.2,269.0,3.7,270.0,UJ,2010-09-08 03:00:00,709,41.52879,1.3683
-1.0,-1.0,19.1,53.0,-1.0,0.4,13.0,-1.0,-1.0,UK,2010-09-08 03:00:00,161,41.27861,1.80479
-1.0,-1.0,16.0,61.0,-1.0,2.6,237.0,-1.0,-1.0,UL,2010-09-08 03:00:00,228,41.52911,0.75303
-1.0,-1.0,14.0,65.0,-1.0,2.9,264.0,-1.0,-1.0,UM,2010-09-08 03:00:00,505,41.35991,0.66789
-1.0,-1.0,14.2,95.0,-1.0,0.7,284.0,-1.0,-1.0,UN,2010-09-08 03:00:00,171,41.87449,2.92694
-1.0,-1.0,14.2,94.0,-1.0,-1.0,-1.0,-1.0,-1.0,UO,2010-09-08 03:00:00,97,41.91461,2.82069
2.4,330.0,16.6,82.0,996.0,-1.0,-1.0,-1.0,-1.0,UP,2010-09-08 03:00:00,81,41.51773,2.37702
-1.0,-1.0,16.8,74.0,-1.0,0.7,108.0,-1.0,-1.0,UQ,2010-09-08 03:00:00,460,41.61991,2.44532
-1.0,-1.0,19.0,55.0,-1.0,0.5,294.0,-1.0,-1.0,US,2010-09-08 03:00:00,24,40.55786,0.52329
4.0,338.0,19.9,50.0,1008.0,-1.0,-1.0,-1.0,-1.0,UU,2010-09-08 03:00:00,3,40.70776,0.6321
-1.0,-1.0,18.2,53.0,-1.0,0.5,176.0,-1.0,-1.0,UV,2010-09-08 03:00:00,205,40.71727,0.41633
-1.0,-1.0,19.0,59.0,1008.0,2.5,324.0,-1.0,-1.0,UW,2010-09-08 03:00:00,0,40.62725,0.65922
-1.0,-1.0,19.2,46.0,-1.0,2.1,327.0,-1.0,-1.0,UX,2010-09-08 03:00:00,210,40.62652,0.37112
-1.0,-1.0,14.3,63.0,-1.0,1.3,280.0,3.1,284.0,UY,2010-09-08 03:00:00,576,41.87912,0.76103
-1.0,-1.0,17.7,66.0,-1.0,0.8,298.0,-1.0,-1.0,U1,2010-09-08 03:00:00,31,42.30648,2.95481
0.9,210.0,14.4,94.0,1006.0,-1.0,-1.0,-1.0,-1.0,U2,2010-09-08 03:00:00,4,42.17716,3.0968
-1.0,-1.0,19.9,39.0,-1.0,2.4,254.0,-1.0,-1.0,U3,2010-09-08 03:00:00,257,41.37491,1.63032
1.4,256.0,14.5,76.0,-1.0,0.9,287.0,-1.0,-1.0,U4,2010-09-08 03:00:00,507,41.83094,1.84699
-1.0,-1.0,11.0,69.0,-1.0,1.2,219.0,-1.0,-1.0,U5,2010-09-08 03:00:00,969,41.31349,0.99611
-1.0,-1.0,19.2,50.0,-1.0,1.2,283.0,-1.0,-1.0,U6,2010-09-08 03:00:00,29,41.08017,1.06661
-1.0,-1.0,19.1,49.0,-1.0,2.2,330.0,-1.0,-1.0,U7,2010-09-08 03:00:00,52,40.85936,0.50525
-1.0,-1.0,19.6,48.0,-1.0,1.3,308.0,-1.0,-1.0,U9,2010-09-08 03:00:00,62,40.76947,0.61635
-1.0,-1.0,16.4,62.0,-1.0,3.7,256.0,-1.0,-1.0,VA,2010-09-08 03:00:00,257,41.19645,0.51161
9.0,279.0,18.6,53.0,-1.0,-1.0,-1.0,-1.0,-1.0,VB,2010-09-08 03:00:00,32,41.06289,0.63517
-1.0,-1.0,18.7,59.0,-1.0,2.8,248.0,-1.0,-1.0,VC,2010-09-08 03:00:00,69,41.24415,0.43266
-1.0,-1.0,13.8,73.0,-1.0,4.2,226.0,-1.0,-1.0,VD,2010-09-08 03:00:00,429,41.68939,1.20381
-1.0,-1.0,16.3,64.0,-1.0,1.9,212.0,-1.0,-1.0,VE,2010-09-08 03:00:00,97,41.48692,0.46058
-1.0,-1.0,14.6,73.0,-1.0,0.1,2.0,-1.0,-1.0,VF,2010-09-08 03:00:00,122,41.56482,0.54999
-1.0,-1.0,15.2,66.0,-1.0,2.0,286.0,-1.0,-1.0,VH,2010-09-08 03:00:00,259,41.65814,0.39301
-1.0,-1.0,15.5,64.0,-1.0,1.7,211.0,-1.0,-1.0,VJ,2010-09-08 03:00:00,161,41.59957,0.6478
2.6,281.0,14.1,72.0,974.9,-1.0,-1.0,-1.0,-1.0,VK,2010-09-08 03:00:00,286,41.68328,0.4487
2.9,259.0,17.4,55.0,-1.0,1.5,244.0,-1.0,-1.0,VL,2010-09-08 03:00:00,100,41.46014,0.40562
-1.0,-1.0,15.5,65.0,-1.0,4.3,272.0,-1.0,-1.0,VM,2010-09-08 03:00:00,222,41.7145,0.62839
-1.0,-1.0,14.8,94.0,-1.0,-1.0,-1.0,-1.0,-1.0,VN,2010-09-08 03:00:00,117,41.88244,2.74262
-1.0,-1.0,11.9,73.0,-1.0,0.3,37.0,-1.0,-1.0,VO,2010-09-08 03:00:00,785,42.08745,1.42792
-1.0,-1.0,13.0,80.0,-1.0,3.1,233.0,4.2,240.0,VP,2010-09-08 03:00:00,659,41.80483,1.53853
3.0,288.0,19.4,46.0,994.0,-1.0,-1.0,-1.0,-1.0,VQ,2010-09-08 03:00:00,112,41.1713,1.16774
-1.0,-1.0,14.1,77.0,-1.0,0.8,250.0,-1.0,-1.0,VR,2010-09-08 03:00:00,291,41.68994,1.04401
6.1,39.0,2.0,98.0,770.4,-1.0,-1.0,-1.0,-1.0,VS,2010-09-08 03:00:00,2247,42.63835,0.77889
-1.0,-1.0,18.2,66.0,-1.0,0.8,250.0,-1.0,-1.0,VT,2010-09-08 03:00:00,84,41.48401,2.12745
-1.0,-1.0,16.2,63.0,-1.0,0.7,290.0,-1.0,-1.0,VU,2010-09-08 03:00:00,421,41.63286,1.91718
1.1,290.0,16.0,64.0,-1.0,-1.0,-1.0,-1.0,-1.0,VV,2010-09-08 03:00:00,528,41.68129,2.02647
-1.0,-1.0,13.4,66.0,-1.0,0.8,183.0,-1.0,-1.0,VX,2010-09-08 03:00:00,1030,41.74761,2.30291
-1.0,-1.0,17.8,52.0,-1.0,-1.0,-1.0,-1.0,-1.0,VY,2010-09-08 03:00:00,240,41.25095,1.29863
-1.0,-1.0,19.1,48.0,-1.0,-1.0,-1.0,-1.0,-1.0,VZ,2010-09-08 03:00:00,83,42.38443,3.00736
-1.0,-1.0,14.8,75.0,-1.0,2.4,244.0,-1.0,-1.0,V1,2010-09-08 03:00:00,238,41.78487,0.82939
-1.0,-1.0,12.7,95.0,-1.0,0.3,349.0,-1.0,-1.0,V3,2010-09-08 03:00:00,509,41.95224,2.23271
-1.0,-1.0,10.4,96.0,929.0,-1.0,-1.0,0.6,352.0,V4,2010-09-08 03:00:00,684,42.11477,2.21483
-1.0,-1.0,10.6,98.0,-1.0,0.8,100.0,0.9,88.0,V5,2010-09-08 03:00:00,774,42.03947,2.11993
-1.0,-1.0,14.5,73.0,-1.0,1.3,240.0,-1.0,-1.0,V8,2010-09-08 03:00:00,223,41.67279,0.87741
-1.0,-1.0,13.9,76.0,-1.0,2.3,277.0,-1.0,-1.0,WA,2010-09-08 03:00:00,443,41.87694,1.1541
-1.0,-1.0,14.1,70.0,-1.0,4.0,280.0,-1.0,-1.0,WB,2010-09-08 03:00:00,267,41.76036,0.67022
-1.0,-1.0,14.9,70.0,-1.0,2.3,265.0,-1.0,-1.0,WC,2010-09-08 03:00:00,261,41.63642,0.92446
-1.0,-1.0,15.4,64.0,-1.0,1.4,274.0,-1.0,-1.0,WD,2010-09-08 03:00:00,382,41.08671,0.31884
-1.0,-1.0,14.1,92.0,-1.0,0.9,73.0,-1.0,-1.0,WE,2010-09-08 03:00:00,126,41.5444,2.30014
-1.0,-1.0,14.0,95.0,-1.0,-1.0,-1.0,-1.0,-1.0,WF,2010-09-08 03:00:00,108,41.95425,2.77578
-1.0,-1.0,13.9,74.0,-1.0,3.2,260.0,-1.0,-1.0,WG,2010-09-08 03:00:00,301,41.80104,0.64804
-1.0,-1.0,15.2,63.0,-1.0,2.5,263.0,-1.0,-1.0,WI,2010-09-08 03:00:00,350,41.35741,0.4809
-1.0,-1.0,17.4,57.0,-1.0,3.4,318.0,-1.0,-1.0,WJ,2010-09-08 03:00:00,141,41.1223,0.72182
-1.0,-1.0,14.0,72.0,-1.0,1.1,283.0,-1.0,-1.0,WK,2010-09-08 03:00:00,268,41.81949,0.57768
-1.0,-1.0,14.2,70.0,-1.0,2.9,229.0,-1.0,-1.0,WL,2010-09-08 03:00:00,413,41.57236,1.0882
2.5,256.0,11.9,73.0,-1.0,-1.0,-1.0,-1.0,-1.0,WM,2010-09-08 03:00:00,1167,42.10736,1.8267
-1.0,-1.0,15.2,48.0,-1.0,-1.0,-1.0,5.4,281.0,WN,2010-09-08 03:00:00,916,41.59539,1.83751
-1.0,-1.0,18.5,51.0,-1.0,-1.0,-1.0,-1.0,-1.0,WO,2010-09-08 03:00:00,185,41.27151,1.46717
-1.0,-1.0,15.6,65.0,-1.0,1.1,355.0,-1.0,-1.0,WP,2010-09-08 03:00:00,325,41.48518,1.69337
7.6,310.0,7.6,73.0,835.4,-1.0,-1.0,-1.0,-1.0,WQ,2010-09-08 03:00:00,1572,42.0513,0.72952
-1.0,-1.0,16.3,60.0,-1.0,0.9,271.0,-1.0,-1.0,WR,2010-09-08 03:00:00,300,41.2163,0.79748
2.2,195.0,14.6,61.0,900.0,-1.0,-1.0,-1.0,-1.0,WS,2010-09-08 03:00:00,953,41.84008,2.41877
2.4,347.0,16.7,93.0,1006.0,-1.0,-1.0,-1.0,-1.0,WT,2010-09-08 03:00:00,2,41.64707,2.75658
-1.0,-1.0,21.1,54.0,1001.0,-1.0,-1.0,2.2,294.0,WU,2010-09-08 03:00:00,42,41.45215,2.24757
0.7,262.0,8.5,99.0,918.0,-1.0,-1.0,-1.0,-1.0,WV,2010-09-08 03:00:00,788,42.23414,1.87485
-1.0,-1.0,12.4,97.0,-1.0,-1.0,-1.0,-1.0,-1.0,WW,2010-09-08 03:00:00,278,41.79423,1.9368
-1.0,-1.0,13.2,64.0,-1.0,0.6,278.0,-1.0,-1.0,WX,2010-09-08 03:00:00,668,41.9178,0.88175
-1.0,-1.0,17.1,68.0,-1.0,0.8,238.0,-1.0,-1.0,WY,2010-09-08 03:00:00,164,41.43386,1.79429
2.4,267.0,21.6,47.0,1004.0,-1.0,-1.0,-1.0,-1.0,WZ,2010-09-08 03:00:00,17,41.20187,1.63346
-1.0,-1.0,14.9,94.0,-1.0,-1.0,-1.0,-1.0,-1.0,W1,2010-09-08 03:00:00,2,42.24726,3.09021
-1.0,-1.0,14.4,88.0,-1.0,-1.0,-1.0,-1.0,-1.0,W2,2010-09-08 03:00:00,7,42.18259,3.05783
-1.0,-1.0,14.9,90.0,-1.0,-1.0,-1.0,-1.0,-1.0,W3,2010-09-08 03:00:00,4,42.15006,3.06494
-1.0,-1.0,18.4,53.0,-1.0,1.2,268.0,-1.0,-1.0,W4,2010-09-08 03:00:00,240,41.36619,1.72857
-1.0,-1.0,13.7,67.0,-1.0,0.6,68.0,-1.0,-1.0,W5,2010-09-08 03:00:00,490,42.07683,1.31489
-1.0,-1.0,18.5,52.0,-1.0,1.0,286.0,-1.0,-1.0,W6,2010-09-08 03:00:00,158,41.13738,1.0187
-1.0,-1.0,14.7,67.0,-1.0,-1.0,-1.0,-1.0,-1.0,W8,2010-09-08 03:00:00,438,41.44237,1.15998
-1.0,-1.0,11.9,99.0,-1.0,0.2,354.0,-1.0,-1.0,W9,2010-09-08 03:00:00,461,42.14557,2.45451
3.8,283.0,12.5,74.0,918.4,-1.0,-1.0,-1.0,-1.0,XA,2010-09-08 03:00:00,785,41.60257,1.4007
-1.0,-1.0,15.9,54.0,-1.0,-1.0,-1.0,-1.0,-1.0,XB,2010-09-08 03:00:00,584,41.4779,1.53529
1.1,324.0,18.7,57.0,989.4,-1.0,-1.0,-1.0,-1.0,XC,2010-09-08 03:00:00,147,41.47892,1.97546
3.3,278.0,13.6,62.0,929.2,-1.0,-1.0,-1.0,-1.0,XD,2010-09-08 03:00:00,687,41.32,0.8857
3.9,277.0,20.3,51.0,1006.1,-1.0,-1.0,-1.0,-1.0,XE,2010-09-08 03:00:00,5,41.10393,1.201
1.2,170.0,14.8,84.0,976.1,-1.0,-1.0,-1.0,-1.0,XF,2010-09-08 03:00:00,258,41.56568,2.06952
1.3,76.0,16.3,87.0,992.4,-1.0,-1.0,-1.0,-1.0,XG,2010-09-08 03:00:00,123,41.56734,2.22619
-1.0,-1.0,11.4,93.0,929.8,-1.0,-1.0,-1.0,-1.0,XH,2010-09-08 03:00:00,679,42.40533,1.12993
-1.0,-1.0,15.6,65.0,979.1,3.5,250.0,-1.0,-1.0,XI,2010-09-08 03:00:00,247,41.61817,0.87182
2.1,312.0,15.7,64.0,967.5,-1.0,-1.0,-1.0,-1.0,X1,2010-09-08 03:00:00,359,41.15374,0.81953
-1.0,-1.0,21.7,55.0,-1.0,-1.0,-1.0,-1.0,-1.0,X2,2010-09-08 03:00:00,7,41.38943,2.18847
5.9,267.0,13.1,78.0,965.0,-1.0,-1.0,-1.0,-1.0,X3,2010-09-08 03:00:00,370,41.74281,0.5358
1.9,295.0,22.3,48.0,1001.8,-1.0,-1.0,-1.0,-1.0,X4,2010-09-08 03:00:00,33,41.3839,2.16775
5.7,265.0,9.8,75.0,892.1,-1.0,-1.0,-1.0,-1.0,X5,2010-09-08 03:00:00,1055,40.79705,0.31822
-1.0,-1.0,14.8,67.0,-1.0,1.4,110.0,-1.0,-1.0,X6,2010-09-08 03:00:00,366,41.92173,1.02901
-1.0,-1.0,15.9,64.0,-1.0,2.6,243.0,-1.0,-1.0,X7,2010-09-08 03:00:00,215,41.51909,0.55314
1.5,6.0,19.9,52.0,996.5,-1.0,-1.0,-1.0,-1.0,X8,2010-09-08 03:00:00,79,41.37919,2.1054
1.6,332.0,14.2,90.0,986.0,-1.0,-1.0,-1.0,-1.0,X9,2010-09-08 03:00:00,176,41.61265,2.16836
0.5,131.0,3.2,97.0,-1.0,-1.0,-1.0,-1.0,-1.0,ZB,2010-09-08 03:00:00,2451,42.51939,1.36597
-1.0,-1.0,1.6,100.0,-1.0,-1.0,-1.0,3.6,250.0,Z1,2010-09-08 03:00:00,2266,42.64691,0.98486
-1.0,-1.0,2.3,93.0,-1.0,-1.0,-1.0,0.8,3.0,Z2,2010-09-08 03:00:00,2535,42.46602,0.88405
-1.0,-1.0,4.3,90.0,-1.0,-1.0,-1.0,0.1,358.0,Z3,2010-09-08 03:00:00,2230,42.46605,1.7785
-1.0,-1.0,4.5,81.0,-1.0,-1.0,-1.0,0.9,231.0,Z4,2010-09-08 03:00:00,2364,42.42205,2.2524
-1.0,-1.0,1.7,89.0,-1.0,-1.0,-1.0,2.8,16.0,Z5,2010-09-08 03:00:00,2400,42.70029,1.27201
-1.0,-1.0,0.8,98.0,-1.0,-1.0,-1.0,0.5,358.0,Z6,2010-09-08 03:00:00,2228,42.77011,0.73198
1.6,75.0,2.3,99.0,-1.0,-1.0,-1.0,-1.0,-1.0,Z7,2010-09-08 03:00:00,2519,42.53412,1.05476
-1.0,-1.0,3.6,86.0,-1.0,-1.0,-1.0,6.1,273.0,Z8,2010-09-08 03:00:00,2316,42.18254,1.52407
1.7,258.0,4.5,90.0,-1.0,-1.0,-1.0,-1.0,-1.0,Z9,2010-09-08 03:00:00,2143,42.29265,1.71498
4.5,234.0,12.6,80.0,927.7,-1.0,-1.0,-1.0,-1.0,CA,2010-09-08 03:30:00,693,41.95378,1.5851
0.8,236.0,10.4,96.0,935.0,-1.0,-1.0,-1.0,-1.0,CC,2010-09-08 03:30:00,626,42.07398,2.20862
1.7,74.0,12.3,70.0,910.4,-1.0,-1.0,-1.0,-1.0,CD,2010-09-08 03:30:00,849,42.37083,1.43277
5.5,309.0,17.5,57.0,969.5,-1.0,-1.0,-1.0,-1.0,CE,2010-09-08 03:30:00,316,41.53109,1.80813
1.4,190.0,9.5,94.0,852.2,-1.0,-1.0,-1.0,-1.0,CG,2010-09-08 03:30:00,1405,42.37717,2.41456
0.3,221.0,10.1,98.0,910.3,-1.0,-1.0,-1.0,-1.0,CI,2010-09-08 03:30:00,852,42.25839,2.36429
2.1,318.0,13.0,71.0,941.0,-1.0,-1.0,-1.0,-1.0,CJ,2010-09-08 03:30:00,566.5,42.21624,1.33132
1.5,179.0,13.4,80.0,966.0,-1.0,-1.0,-1.0,-1.0,CL,2010-09-08 03:30:00,349,41.67399,1.76796
2.4,335.0,13.5,69.0,928.4,-1.0,-1.0,-1.0,-1.0,CP,2010-09-08 03:30:00,690,42.13924,1.03893
0.7,7.0,14.5,62.0,938.5,-1.0,-1.0,-1.0,-1.0,CQ,2010-09-08 03:30:00,594,41.99546,1.02569
1.5,295.0,10.9,95.0,908.5,-1.0,-1.0,-1.0,-1.0,CR,2010-09-08 03:30:00,873,42.08032,1.9624
0.5,40.0,8.4,97.0,914.0,-1.0,-1.0,-1.0,-1.0,CT,2010-09-08 03:30:00,823,42.39811,0.74362
0.6,40.0,9.9,91.0,896.2,-1.0,-1.0,-1.0,-1.0,CU,2010-09-08 03:30:00,1002,42.69856,0.79397
0.7,342.0,11.9,85.0,947.7,-1.0,-1.0,-1.0,-1.0,CV,2010-09-08 03:30:00,513.3,42.23939,0.96434
4.8,268.0,15.3,61.0,956.3,-1.0,-1.0,-1.0,-1.0,CW,2010-09-08 03:30:00,446,41.39241,1.09894
2.8,221.0,14.1,67.0,914.3,-1.0,-1.0,-1.0,-1.0,CY,2010-09-08 03:30:00,816,41.87813,2.17873
6.1,240.0,14.6,73.0,976.6,-1.0,-1.0,-1.0,-1.0,C6,2010-09-08 03:30:00,264,41.6566,0.95172
3.4,196.0,13.4,75.0,958.3,-1.0,-1.0,-1.0,-1.0,C7,2010-09-08 03:30:00,427,41.66695,1.16234
5.0,252.0,12.4,77.0,943.1,-1.0,-1.0,-1.0,-1.0,C8,2010-09-08 03:30:00,554,41.67555,1.29609
-1.0,-1.0,18.8,51.0,980.0,-1.0,-1.0,-1.0,-1.0,C9,2010-09-08 03:30:00,240,40.71825,0.39988
7.5,323.0,18.3,50.0,986.7,-1.0,-1.0,-1.0,-1.0,DB,2010-09-08 03:30:00,179,40.87287,0.71581
0.8,205.0,12.4,97.0,957.5,-1.0,-1.0,-1.0,-1.0,DC,2010-09-08 03:30:00,421.5,42.19144,2.48263
1.8,275.0,17.6,77.0,1000.7,-1.0,-1.0,-1.0,-1.0,DD,2010-09-08 03:30:00,44.5,41.51175,2.38674
1.4,178.0,14.8,93.0,1002.9,-1.0,-1.0,-1.0,-1.0,DF,2010-09-08 03:30:00,28.6,41.97751,3.03543
0.8,3.0,5.5,84.0,795.9,-1.0,-1.0,-1.0,-1.0,DG,2010-09-08 03:30:00,1971.4,42.39848,2.15517
8.1,301.0,18.9,41.0,958.5,-1.0,-1.0,-1.0,-1.0,DI,2010-09-08 03:30:00,415,41.43292,1.62386
1.4,198.0,15.0,88.0,985.6,-1.0,-1.0,-1.0,-1.0,DJ,2010-09-08 03:30:00,176,42.11653,2.78969
1.2,304.0,19.1,56.0,1006.2,-1.0,-1.0,-1.0,-1.0,DK,2010-09-08 03:30:00,2,41.14677,1.41846
2.1,302.0,19.6,56.0,1007.6,-1.0,-1.0,-1.0,-1.0,DL,2010-09-08 03:30:00,0.5,40.70719,0.83449
0.8,150.0,15.4,89.0,995.7,-1.0,-1.0,-1.0,-1.0,DM,2010-09-08 03:30:00,90,41.96012,2.80696
0.7,310.0,14.5,94.0,988.8,-1.0,-1.0,-1.0,-1.0,DN,2010-09-08 03:30:00,150,41.96095,2.63108
1.8,256.0,15.0,95.0,1004.7,-1.0,-1.0,-1.0,-1.0,DO,2010-09-08 03:30:00,14,41.80857,3.03241
2.1,143.0,9.0,87.0,884.1,-1.0,-1.0,-1.0,-1.0,DP,2010-09-08 03:30:00,1097,42.38605,1.8664
4.6,318.0,17.1,53.0,974.2,-1.0,-1.0,-1.0,-1.0,DQ,2010-09-08 03:30:00,287,41.30728,1.36259
-1.0,-1.0,15.2,66.0,961.8,-1.0,-1.0,-1.0,-1.0,D1,2010-09-08 03:30:00,404,41.28521,0.75383
-1.0,-1.0,13.1,94.0,966.7,-1.0,-1.0,-1.0,-1.0,D2,2010-09-08 03:30:00,343,41.59252,1.915
2.2,274.0,19.2,53.0,976.8,-1.0,-1.0,-1.0,-1.0,D3,2010-09-08 03:30:00,252,41.38197,1.93564
4.0,29.0,19.4,49.0,1002.8,-1.0,-1.0,-1.0,-1.0,D4,2010-09-08 03:30:00,24,42.27065,3.18165
3.6,254.0,17.9,53.0,959.3,-1.0,-1.0,-1.0,-1.0,D5,2010-09-08 03:30:00,411.2,41.41843,2.12388
14.2,356.0,17.6,50.0,982.3,-1.0,-1.0,-1.0,-1.0,D6,2010-09-08 03:30:00,196,42.43515,3.16622
2.7,281.0,17.8,60.0,1002.3,-1.0,-1.0,-1.0,-1.0,D7,2010-09-08 03:30:00,53,41.18499,0.59376
3.0,258.0,14.0,66.0,950.2,-1.0,-1.0,-1.0,-1.0,D8,2010-09-08 03:30:00,515,40.95134,0.30565
1.9,257.0,19.0,53.0,999.8,-1.0,-1.0,-1.0,-1.0,D9,2010-09-08 03:30:00,59,41.21553,1.52121
3.5,281.0,16.3,66.0,968.2,-1.0,-1.0,-1.0,-1.0,H1,2010-09-08 03:30:00,333,41.58642,1.65306
1.0,11.0,13.5,92.0,981.8,-1.0,-1.0,-1.0,-1.0,R1,2010-09-08 03:30:00,210,41.70637,1.87276
3.4,273.0,18.0,51.0,994.0,-1.0,-1.0,-1.0,-1.0,VQ,2010-09-08 03:30:00,112,41.1713,1.16774
6.9,45.0,1.7,98.0,770.5,-1.0,-1.0,-1.0,-1.0,VS,2010-09-08 03:30:00,2247,42.63835,0.77889
-1.0,-1.0,20.8,54.0,1001.0,-1.0,-1.0,2.0,304.0,WU,2010-09-08 03:30:00,42,41.45215,2.24757
2.0,251.0,21.0,48.0,1005.0,-1.0,-1.0,-1.0,-1.0,WZ,2010-09-08 03:30:00,17,41.20187,1.63346
3.5,275.0,11.6,77.0,918.8,-1.0,-1.0,-1.0,-1.0,XA,2010-09-08 03:30:00,785,41.60257,1.4007
2.1,359.0,18.2,59.0,989.6,-1.0,-1.0,-1.0,-1.0,XC,2010-09-08 03:30:00,147,41.47892,1.97546
5.1,288.0,13.0,65.0,929.2,-1.0,-1.0,-1.0,-1.0,XD,2010-09-08 03:30:00,687,41.32,0.8857
4.9,274.0,20.2,49.0,1006.3,-1.0,-1.0,-1.0,-1.0,XE,2010-09-08 03:30:00,5,41.10393,1.201
1.1,349.0,14.4,85.0,976.3,-1.0,-1.0,-1.0,-1.0,XF,2010-09-08 03:30:00,258,41.56568,2.06952
0.8,46.0,16.1,87.0,992.5,-1.0,-1.0,-1.0,-1.0,XG,2010-09-08 03:30:00,123,41.56734,2.22619
-1.0,-1.0,11.9,90.0,929.9,-1.0,-1.0,-1.0,-1.0,XH,2010-09-08 03:30:00,679,42.40533,1.12993
1.1,334.0,19.0,57.0,996.5,-1.0,-1.0,-1.0,-1.0,X8,2010-09-08 03:30:00,79,41.37919,2.1054
1.6,15.0,2.8,98.0,-1.0,-1.0,-1.0,-1.0,-1.0,ZB,2010-09-08 03:30:00,2451,42.51939,1.36597
-1.0,-1.0,1.4,100.0,-1.0,-1.0,-1.0,4.1,238.0,Z1,2010-09-08 03:30:00,2266,42.64691,0.98486
-1.0,-1.0,2.1,92.0,-1.0,-1.0,-1.0,1.3,340.0,Z2,2010-09-08 03:30:00,2535,42.46602,0.88405
-1.0,-1.0,4.0,93.0,-1.0,-1.0,-1.0,0.3,227.0,Z3,2010-09-08 03:30:00,2230,42.46605,1.7785
-1.0,-1.0,3.8,92.0,-1.0,-1.0,-1.0,1.6,93.0,Z4,2010-09-08 03:30:00,2364,42.42205,2.2524
-1.0,-1.0,1.1,96.0,-1.0,-1.0,-1.0,2.7,17.0,Z5,2010-09-08 03:30:00,2400,42.70029,1.27201
-1.0,-1.0,0.9,98.0,-1.0,-1.0,-1.0,0.4,20.0,Z6,2010-09-08 03:30:00,2228,42.77011,0.73198
2.6,175.0,1.5,98.0,-1.0,-1.0,-1.0,-1.0,-1.0,Z7,2010-09-08 03:30:00,2519,42.53412,1.05476
-1.0,-1.0,3.8,84.0,-1.0,-1.0,-1.0,4.5,282.0,Z8,2010-09-08 03:30:00,2316,42.18254,1.52407
0.5,268.0,4.4,93.0,-1.0,-1.0,-1.0,-1.0,-1.0,Z9,2010-09-08 03:30:00,2143,42.29265,1.71498
5.0,228.0,12.0,84.0,928.0,-1.0,-1.0,-1.0,-1.0,CA,2010-09-08 04:00:00,693,41.95378,1.5851
0.9,211.0,10.2,96.0,935.2,-1.0,-1.0,-1.0,-1.0,CC,2010-09-08 04:00:00,626,42.07398,2.20862
1.2,272.0,12.9,68.0,910.6,-1.0,-1.0,-1.0,-1.0,CD,2010-09-08 04:00:00,849,42.37083,1.43277
5.4,303.0,16.6,58.0,969.8,-1.0,-1.0,-1.0,-1.0,CE,2010-09-08 04:00:00,316,41.53109,1.80813
1.7,183.0,9.4,94.0,852.2,-1.0,-1.0,-1.0,-1.0,CG,2010-09-08 04:00:00,1405,42.37717,2.41456
0.2,152.0,10.2,98.0,910.4,-1.0,-1.0,-1.0,-1.0,CI,2010-09-08 04:00:00,852,42.25839,2.36429
1.5,310.0,12.7,72.0,941.4,-1.0,-1.0,-1.0,-1.0,CJ,2010-09-08 04:00:00,566.5,42.21624,1.33132
0.9,209.0,13.8,71.0,966.3,-1.0,-1.0,-1.0,-1.0,CL,2010-09-08 04:00:00,349,41.67399,1.76796
2.9,350.0,13.4,70.0,928.6,-1.0,-1.0,-1.0,-1.0,CP,2010-09-08 04:00:00,690,42.13924,1.03893
1.1,1.0,13.0,68.0,938.7,-1.0,-1.0,-1.0,-1.0,CQ,2010-09-08 04:00:00,594,41.99546,1.02569
0.7,3.0,10.3,97.0,908.8,-1.0,-1.0,-1.0,-1.0,CR,2010-09-08 04:00:00,873,42.08032,1.9624
0.4,16.0,8.2,98.0,914.2,-1.0,-1.0,-1.0,-1.0,CT,2010-09-08 04:00:00,823,42.39811,0.74362
0.6,46.0,9.9,89.0,896.4,-1.0,-1.0,-1.0,-1.0,CU,2010-09-08 04:00:00,1002,42.69856,0.79397
0.6,313.0,11.8,85.0,947.9,-1.0,-1.0,-1.0,-1.0,CV,2010-09-08 04:00:00,513.3,42.23939,0.96434
4.0,266.0,14.6,64.0,956.6,-1.0,-1.0,-1.0,-1.0,CW,2010-09-08 04:00:00,446,41.39241,1.09894
1.8,210.0,13.8,68.0,914.6,-1.0,-1.0,-1.0,-1.0,CY,2010-09-08 04:00:00,816,41.87813,2.17873
6.4,238.0,14.7,72.0,976.9,-1.0,-1.0,-1.0,-1.0,C6,2010-09-08 04:00:00,264,41.6566,0.95172
3.4,206.0,13.4,73.0,958.6,-1.0,-1.0,-1.0,-1.0,C7,2010-09-08 04:00:00,427,41.66695,1.16234
5.8,248.0,12.2,76.0,943.3,-1.0,-1.0,-1.0,-1.0,C8,2010-09-08 04:00:00,554,41.67555,1.29609
-1.0,-1.0,18.6,51.0,980.6,-1.0,-1.0,-1.0,-1.0,C9,2010-09-08 04:00:00,240,40.71825,0.39988
6.5,318.0,18.2,50.0,987.2,-1.0,-1.0,-1.0,-1.0,DB,2010-09-08 04:00:00,179,40.87287,0.71581
0.3,206.0,12.0,97.0,957.8,-1.0,-1.0,-1.0,-1.0,DC,2010-09-08 04:00:00,421.5,42.19144,2.48263
2.0,312.0,17.4,77.0,1000.9,-1.0,-1.0,-1.0,-1.0,DD,2010-09-08 04:00:00,44.5,41.51175,2.38674
1.3,164.0,14.5,93.0,1003.1,-1.0,-1.0,-1.0,-1.0,DF,2010-09-08 04:00:00,28.6,41.97751,3.03543
1.0,43.0,5.8,84.0,795.9,-1.0,-1.0,-1.0,-1.0,DG,2010-09-08 04:00:00,1971.4,42.39848,2.15517
7.6,300.0,18.2,43.0,958.8,-1.0,-1.0,-1.0,-1.0,DI,2010-09-08 04:00:00,415,41.43292,1.62386
1.1,203.0,14.9,88.0,985.8,-1.0,-1.0,-1.0,-1.0,DJ,2010-09-08 04:00:00,176,42.11653,2.78969
1.8,264.0,19.3,51.0,1006.6,-1.0,-1.0,-1.0,-1.0,DK,2010-09-08 04:00:00,2,41.14677,1.41846
2.1,312.0,18.9,59.0,1007.9,-1.0,-1.0,-1.0,-1.0,DL,2010-09-08 04:00:00,0.5,40.70719,0.83449
0.4,143.0,15.0,89.0,996.0,-1.0,-1.0,-1.0,-1.0,DM,2010-09-08 04:00:00,90,41.96012,2.80696
0.9,291.0,14.2,96.0,989.1,-1.0,-1.0,-1.0,-1.0,DN,2010-09-08 04:00:00,150,41.96095,2.63108
2.0,251.0,15.0,94.0,1004.9,-1.0,-1.0,-1.0,-1.0,DO,2010-09-08 04:00:00,14,41.80857,3.03241
1.6,47.0,10.2,77.0,884.1,-1.0,-1.0,-1.0,-1.0,DP,2010-09-08 04:00:00,1097,42.38605,1.8664
4.9,330.0,16.3,56.0,974.5,-1.0,-1.0,-1.0,-1.0,DQ,2010-09-08 04:00:00,287,41.30728,1.36259
-1.0,-1.0,14.8,68.0,962.3,-1.0,-1.0,-1.0,-1.0,D1,2010-09-08 04:00:00,404,41.28521,0.75383
-1.0,-1.0,13.8,87.0,967.1,-1.0,-1.0,-1.0,-1.0,D2,2010-09-08 04:00:00,343,41.59252,1.915
1.9,294.0,19.2,50.0,977.1,-1.0,-1.0,-1.0,-1.0,D3,2010-09-08 04:00:00,252,41.38197,1.93564
4.4,30.0,19.2,48.0,1002.9,-1.0,-1.0,-1.0,-1.0,D4,2010-09-08 04:00:00,24,42.27065,3.18165
4.5,260.0,17.8,50.0,959.5,-1.0,-1.0,-1.0,-1.0,D5,2010-09-08 04:00:00,411.2,41.41843,2.12388
14.4,0.0,17.6,51.0,982.5,-1.0,-1.0,-1.0,-1.0,D6,2010-09-08 04:00:00,196,42.43515,3.16622
2.3,309.0,17.6,61.0,1002.8,-1.0,-1.0,-1.0,-1.0,D7,2010-09-08 04:00:00,53,41.18499,0.59376
2.6,253.0,13.8,66.0,950.4,-1.0,-1.0,-1.0,-1.0,D8,2010-09-08 04:00:00,515,40.95134,0.30565
3.5,303.0,19.7,44.0,1000.2,-1.0,-1.0,-1.0,-1.0,D9,2010-09-08 04:00:00,59,41.21553,1.52121
6.8,286.0,15.7,66.0,968.1,-1.0,-1.0,-1.0,-1.0,H1,2010-09-08 04:00:00,333,41.58642,1.65306
1.1,12.0,13.1,92.0,982.1,-1.0,-1.0,-1.0,-1.0,R1,2010-09-08 04:00:00,210,41.70637,1.87276
-1.0,-1.0,17.6,59.0,-1.0,1.1,338.0,-1.0,-1.0,UA,2010-09-08 04:00:00,93,40.9091,0.76943
-1.0,-1.0,14.1,92.0,-1.0,0.6,272.0,-1.0,-1.0,UB,2010-09-08 04:00:00,15,42.05398,3.06195
-1.0,-1.0,13.8,94.0,-1.0,0.6,213.0,-1.0,-1.0,UC,2010-09-08 04:00:00,60,41.97726,2.99705
-1.0,-1.0,14.1,91.0,-1.0,-1.0,-1.0,-1.0,-1.0,UD,2010-09-08 04:00:00,12,42.02895,3.06227
-1.0,-1.0,14.9,97.0,-1.0,-1.0,-1.0,-1.0,-1.0,UE,2010-09-08 04:00:00,4,42.02306,3.15719
-1.0,-1.0,15.9,53.0,-1.0,2.2,284.0,-1.0,-1.0,UF,2010-09-08 04:00:00,573,41.28832,1.90775
-1.0,-1.0,19.0,61.0,-1.0,0.8,273.0,-1.0,-1.0,UG,2010-09-08 04:00:00,3,41.29928,2.03787
-1.0,-1.0,14.7,62.0,-1.0,1.5,300.0,3.0,304.0,UH,2010-09-08 04:00:00,545,41.34171,1.48769
-1.0,-1.0,8.2,82.0,-1.0,0.4,256.0,-1.0,-1.0,UI,2010-09-08 04:00:00,1386,42.26477,1.76218
-1.0,-1.0,11.7,75.0,-1.0,1.9,264.0,3.2,264.0,UJ,2010-09-08 04:00:00,709,41.52879,1.3683
-1.0,-1.0,18.1,53.0,-1.0,0.3,14.0,-1.0,-1.0,UK,2010-09-08 04:00:00,161,41.27861,1.80479
-1.0,-1.0,15.5,63.0,-1.0,3.0,232.0,-1.0,-1.0,UL,2010-09-08 04:00:00,228,41.52911,0.75303
-1.0,-1.0,13.4,69.0,-1.0,2.6,247.0,-1.0,-1.0,UM,2010-09-08 04:00:00,505,41.35991,0.66789
-1.0,-1.0,13.1,94.0,-1.0,0.5,72.0,-1.0,-1.0,UN,2010-09-08 04:00:00,171,41.87449,2.92694
-1.0,-1.0,13.5,94.0,-1.0,-1.0,-1.0,-1.0,-1.0,UO,2010-09-08 04:00:00,97,41.91461,2.82069
2.1,331.0,16.4,81.0,997.0,-1.0,-1.0,-1.0,-1.0,UP,2010-09-08 04:00:00,81,41.51773,2.37702
-1.0,-1.0,17.0,80.0,-1.0,1.6,108.0,-1.0,-1.0,UQ,2010-09-08 04:00:00,460,41.61991,2.44532
-1.0,-1.0,15.7,72.0,-1.0,0.6,317.0,-1.0,-1.0,US,2010-09-08 04:00:00,24,40.55786,0.52329
5.8,335.0,19.3,51.0,1008.0,-1.0,-1.0,-1.0,-1.0,UU,2010-09-08 04:00:00,3,40.70776,0.6321
-1.0,-1.0,18.7,48.0,-1.0,0.9,285.0,-1.0,-1.0,UV,2010-09-08 04:00:00,205,40.71727,0.41633
-1.0,-1.0,18.0,61.0,1009.0,1.6,321.0,-1.0,-1.0,UW,2010-09-08 04:00:00,0,40.62725,0.65922
-1.0,-1.0,18.8,46.0,-1.0,1.4,336.0,-1.0,-1.0,UX,2010-09-08 04:00:00,210,40.62652,0.37112
-1.0,-1.0,13.2,67.0,-1.0,1.4,283.0,3.1,291.0,UY,2010-09-08 04:00:00,576,41.87912,0.76103
-1.0,-1.0,17.6,62.0,-1.0,1.3,279.0,-1.0,-1.0,U1,2010-09-08 04:00:00,31,42.30648,2.95481
1.6,269.0,15.0,92.0,1006.0,-1.0,-1.0,-1.0,-1.0,U2,2010-09-08 04:00:00,4,42.17716,3.0968
-1.0,-1.0,18.1,46.0,-1.0,1.2,284.0,-1.0,-1.0,U3,2010-09-08 04:00:00,257,41.37491,1.63032
1.2,291.0,13.6,77.0,-1.0,0.6,321.0,-1.0,-1.0,U4,2010-09-08 04:00:00,507,41.83094,1.84699
-1.0,-1.0,10.0,75.0,-1.0,1.3,218.0,-1.0,-1.0,U5,2010-09-08 04:00:00,969,41.31349,0.99611
-1.0,-1.0,18.2,55.0,-1.0,1.1,247.0,-1.0,-1.0,U6,2010-09-08 04:00:00,29,41.08017,1.06661
-1.0,-1.0,18.8,49.0,-1.0,2.7,328.0,-1.0,-1.0,U7,2010-09-08 04:00:00,52,40.85936,0.50525
-1.0,-1.0,18.9,50.0,-1.0,1.3,319.0,-1.0,-1.0,U9,2010-09-08 04:00:00,62,40.76947,0.61635
-1.0,-1.0,15.9,65.0,-1.0,3.3,257.0,-1.0,-1.0,VA,2010-09-08 04:00:00,257,41.19645,0.51161
9.1,280.0,18.2,55.0,-1.0,-1.0,-1.0,-1.0,-1.0,VB,2010-09-08 04:00:00,32,41.06289,0.63517
-1.0,-1.0,18.3,61.0,-1.0,2.8,244.0,-1.0,-1.0,VC,2010-09-08 04:00:00,69,41.24415,0.43266
-1.0,-1.0,13.4,70.0,-1.0,4.4,228.0,-1.0,-1.0,VD,2010-09-08 04:00:00,429,41.68939,1.20381
-1.0,-1.0,16.1,66.0,-1.0,2.1,221.0,-1.0,-1.0,VE,2010-09-08 04:00:00,97,41.48692,0.46058
-1.0,-1.0,12.9,81.0,-1.0,0.1,275.0,-1.0,-1.0,VF,2010-09-08 04:00:00,122,41.56482,0.54999
-1.0,-1.0,14.6,69.0,-1.0,2.2,268.0,-1.0,-1.0,VH,2010-09-08 04:00:00,259,41.65814,0.39301
-1.0,-1.0,14.4,68.0,-1.0,1.2,217.0,-1.0,-1.0,VJ,2010-09-08 04:00:00,161,41.59957,0.6478
2.5,260.0,13.7,74.0,975.4,-1.0,-1.0,-1.0,-1.0,VK,2010-09-08 04:00:00,286,41.68328,0.4487
3.0,264.0,17.0,59.0,-1.0,1.6,248.0,-1.0,-1.0,VL,2010-09-08 04:00:00,100,41.46014,0.40562
-1.0,-1.0,14.6,69.0,-1.0,3.6,270.0,-1.0,-1.0,VM,2010-09-08 04:00:00,222,41.7145,0.62839
-1.0,-1.0,13.7,94.0,-1.0,-1.0,-1.0,-1.0,-1.0,VN,2010-09-08 04:00:00,117,41.88244,2.74262
-1.0,-1.0,10.6,81.0,-1.0,0.1,83.0,-1.0,-1.0,VO,2010-09-08 04:00:00,785,42.08745,1.42792
-1.0,-1.0,12.0,81.0,-1.0,3.2,236.0,4.4,243.0,VP,2010-09-08 04:00:00,659,41.80483,1.53853
3.0,254.0,17.0,58.0,994.0,-1.0,-1.0,-1.0,-1.0,VQ,2010-09-08 04:00:00,112,41.1713,1.16774
-1.0,-1.0,14.0,74.0,-1.0,0.9,243.0,-1.0,-1.0,VR,2010-09-08 04:00:00,291,41.68994,1.04401
6.2,38.0,1.6,98.0,770.6,-1.0,-1.0,-1.0,-1.0,VS,2010-09-08 04:00:00,2247,42.63835,0.77889
-1.0,-1.0,15.8,80.0,-1.0,0.7,269.0,-1.0,-1.0,VT,2010-09-08 04:00:00,84,41.48401,2.12745
-1.0,-1.0,14.6,69.0,-1.0,0.6,47.0,-1.0,-1.0,VU,2010-09-08 04:00:00,421,41.63286,1.91718
0.7,18.0,11.9,85.0,-1.0,-1.0,-1.0,-1.0,-1.0,VV,2010-09-08 04:00:00,528,41.68129,2.02647
-1.0,-1.0,12.7,66.0,-1.0,0.8,229.0,-1.0,-1.0,VX,2010-09-08 04:00:00,1030,41.74761,2.30291
-1.0,-1.0,16.2,58.0,-1.0,-1.0,-1.0,-1.0,-1.0,VY,2010-09-08 04:00:00,240,41.25095,1.29863
-1.0,-1.0,19.3,46.0,-1.0,-1.0,-1.0,-1.0,-1.0,VZ,2010-09-08 04:00:00,83,42.38443,3.00736
-1.0,-1.0,14.1,77.0,-1.0,1.8,196.0,-1.0,-1.0,V1,2010-09-08 04:00:00,238,41.78487,0.82939
-1.0,-1.0,12.2,95.0,-1.0,0.1,243.0,-1.0,-1.0,V3,2010-09-08 04:00:00,509,41.95224,2.23271
-1.0,-1.0,10.1,96.0,930.0,-1.0,-1.0,0.6,355.0,V4,2010-09-08 04:00:00,684,42.11477,2.21483
-1.0,-1.0,10.1,98.0,-1.0,0.8,108.0,1.1,101.0,V5,2010-09-08 04:00:00,774,42.03947,2.11993
-1.0,-1.0,14.2,72.0,-1.0,1.3,236.0,-1.0,-1.0,V8,2010-09-08 04:00:00,223,41.67279,0.87741
-1.0,-1.0,12.6,78.0,-1.0,2.0,268.0,-1.0,-1.0,WA,2010-09-08 04:00:00,443,41.87694,1.1541
-1.0,-1.0,13.1,74.0,-1.0,2.9,282.0,-1.0,-1.0,WB,2010-09-08 04:00:00,267,41.76036,0.67022
-1.0,-1.0,14.7,68.0,-1.0,1.8,258.0,-1.0,-1.0,WC,2010-09-08 04:00:00,261,41.63642,0.92446
-1.0,-1.0,15.0,65.0,-1.0,1.4,284.0,-1.0,-1.0,WD,2010-09-08 04:00:00,382,41.08671,0.31884
-1.0,-1.0,13.5,92.0,-1.0,0.7,68.0,-1.0,-1.0,WE,2010-09-08 04:00:00,126,41.5444,2.30014
-1.0,-1.0,13.4,94.0,-1.0,-1.0,-1.0,-1.0,-1.0,WF,2010-09-08 04:00:00,108,41.95425,2.77578
-1.0,-1.0,13.5,73.0,-1.0,1.7,276.0,-1.0,-1.0,WG,2010-09-08 04:00:00,301,41.80104,0.64804
-1.0,-1.0,14.8,66.0,-1.0,2.8,269.0,-1.0,-1.0,WI,2010-09-08 04:00:00,350,41.35741,0.4809
-1.0,-1.0,17.0,60.0,-1.0,4.8,321.0,-1.0,-1.0,WJ,2010-09-08 04:00:00,141,41.1223,0.72182
-1.0,-1.0,13.6,73.0,-1.0,1.2,300.0,-1.0,-1.0,WK,2010-09-08 04:00:00,268,41.81949,0.57768
-1.0,-1.0,13.9,67.0,-1.0,2.9,232.0,-1.0,-1.0,WL,2010-09-08 04:00:00,413,41.57236,1.0882
1.9,256.0,10.9,81.0,-1.0,-1.0,-1.0,-1.0,-1.0,WM,2010-09-08 04:00:00,1167,42.10736,1.8267
-1.0,-1.0,14.5,46.0,-1.0,-1.0,-1.0,5.1,299.0,WN,2010-09-08 04:00:00,916,41.59539,1.83751
-1.0,-1.0,17.9,51.0,-1.0,-1.0,-1.0,-1.0,-1.0,WO,2010-09-08 04:00:00,185,41.27151,1.46717
-1.0,-1.0,15.5,62.0,-1.0,0.9,0.0,-1.0,-1.0,WP,2010-09-08 04:00:00,325,41.48518,1.69337
8.3,318.0,6.8,75.0,835.6,-1.0,-1.0,-1.0,-1.0,WQ,2010-09-08 04:00:00,1572,42.0513,0.72952
-1.0,-1.0,15.7,63.0,-1.0,1.3,261.0,-1.0,-1.0,WR,2010-09-08 04:00:00,300,41.2163,0.79748
1.6,157.0,12.9,79.0,900.0,-1.0,-1.0,-1.0,-1.0,WS,2010-09-08 04:00:00,953,41.84008,2.41877
2.3,355.0,16.5,92.0,1007.0,-1.0,-1.0,-1.0,-1.0,WT,2010-09-08 04:00:00,2,41.64707,2.75658
-1.0,-1.0,20.2,57.0,1001.0,-1.0,-1.0,2.1,288.0,WU,2010-09-08 04:00:00,42,41.45215,2.24757
0.6,250.0,8.2,100.0,918.0,-1.0,-1.0,-1.0,-1.0,WV,2010-09-08 04:00:00,788,42.23414,1.87485
-1.0,-1.0,12.0,97.0,-1.0,-1.0,-1.0,-1.0,-1.0,WW,2010-09-08 04:00:00,278,41.79423,1.9368
-1.0,-1.0,12.7,64.0,-1.0,1.5,290.0,-1.0,-1.0,WX,2010-09-08 04:00:00,668,41.9178,0.88175
-1.0,-1.0,15.2,77.0,-1.0,0.8,301.0,-1.0,-1.0,WY,2010-09-08 04:00:00,164,41.43386,1.79429
2.9,268.0,20.6,46.0,1005.0,-1.0,-1.0,-1.0,-1.0,WZ,2010-09-08 04:00:00,17,41.20187,1.63346
-1.0,-1.0,14.9,90.0,-1.0,-1.0,-1.0,-1.0,-1.0,W1,2010-09-08 04:00:00,2,42.24726,3.09021
-1.0,-1.0,14.3,92.0,-1.0,-1.0,-1.0,-1.0,-1.0,W2,2010-09-08 04:00:00,7,42.18259,3.05783
-1.0,-1.0,15.2,89.0,-1.0,-1.0,-1.0,-1.0,-1.0,W3,2010-09-08 04:00:00,4,42.15006,3.06494
-1.0,-1.0,16.7,57.0,-1.0,0.7,270.0,-1.0,-1.0,W4,2010-09-08 04:00:00,240,41.36619,1.72857
-1.0,-1.0,11.8,74.0,-1.0,0.7,63.0,-1.0,-1.0,W5,2010-09-08 04:00:00,490,42.07683,1.31489
-1.0,-1.0,17.1,60.0,-1.0,1.2,294.0,-1.0,-1.0,W6,2010-09-08 04:00:00,158,41.13738,1.0187
-1.0,-1.0,14.2,66.0,-1.0,-1.0,-1.0,-1.0,-1.0,W8,2010-09-08 04:00:00,438,41.44237,1.15998
-1.0,-1.0,11.4,99.0,-1.0,0.4,226.0,-1.0,-1.0,W9,2010-09-08 04:00:00,461,42.14557,2.45451
3.2,281.0,11.0,79.0,919.2,-1.0,-1.0,-1.0,-1.0,XA,2010-09-08 04:00:00,785,41.60257,1.4007
-1.0,-1.0,13.9,65.0,-1.0,-1.0,-1.0,-1.0,-1.0,XB,2010-09-08 04:00:00,584,41.4779,1.53529
1.5,344.0,17.7,58.0,990.0,-1.0,-1.0,-1.0,-1.0,XC,2010-09-08 04:00:00,147,41.47892,1.97546
5.9,287.0,12.9,66.0,929.5,-1.0,-1.0,-1.0,-1.0,XD,2010-09-08 04:00:00,687,41.32,0.8857
7.6,284.0,19.6,52.0,1006.5,-1.0,-1.0,-1.0,-1.0,XE,2010-09-08 04:00:00,5,41.10393,1.201
2.0,285.0,14.4,84.0,976.6,-1.0,-1.0,-1.0,-1.0,XF,2010-09-08 04:00:00,258,41.56568,2.06952
0.7,354.0,15.6,88.0,992.7,-1.0,-1.0,-1.0,-1.0,XG,2010-09-08 04:00:00,123,41.56734,2.22619
-1.0,-1.0,11.2,92.0,929.9,-1.0,-1.0,-1.0,-1.0,XH,2010-09-08 04:00:00,679,42.40533,1.12993
-1.0,-1.0,14.8,66.0,979.8,2.5,244.0,-1.0,-1.0,XI,2010-09-08 04:00:00,247,41.61817,0.87182
2.8,312.0,14.8,70.0,968.1,-1.0,-1.0,-1.0,-1.0,X1,2010-09-08 04:00:00,359,41.15374,0.81953
-1.0,-1.0,20.8,58.0,-1.0,-1.0,-1.0,-1.0,-1.0,X2,2010-09-08 04:00:00,7,41.38943,2.18847
5.5,266.0,12.6,80.0,965.0,-1.0,-1.0,-1.0,-1.0,X3,2010-09-08 04:00:00,370,41.74281,0.5358
1.7,300.0,22.1,48.0,1002.2,-1.0,-1.0,-1.0,-1.0,X4,2010-09-08 04:00:00,33,41.3839,2.16775
5.4,267.0,9.4,76.0,892.6,-1.0,-1.0,-1.0,-1.0,X5,2010-09-08 04:00:00,1055,40.79705,0.31822
-1.0,-1.0,13.8,69.0,-1.0,1.7,122.0,-1.0,-1.0,X6,2010-09-08 04:00:00,366,41.92173,1.02901
-1.0,-1.0,15.1,69.0,-1.0,2.2,224.0,-1.0,-1.0,X7,2010-09-08 04:00:00,215,41.51909,0.55314
1.8,288.0,18.6,59.0,996.8,-1.0,-1.0,-1.0,-1.0,X8,2010-09-08 04:00:00,79,41.37919,2.1054
2.1,332.0,14.0,86.0,987.0,-1.0,-1.0,-1.0,-1.0,X9,2010-09-08 04:00:00,176,41.61265,2.16836
2.5,359.0,2.0,98.0,-1.0,-1.0,-1.0,-1.0,-1.0,ZB,2010-09-08 04:00:00,2451,42.51939,1.36597
-1.0,-1.0,1.6,100.0,-1.0,-1.0,-1.0,4.0,258.0,Z1,2010-09-08 04:00:00,2266,42.64691,0.98486
-1.0,-1.0,1.8,95.0,-1.0,-1.0,-1.0,1.5,301.0,Z2,2010-09-08 04:00:00,2535,42.46602,0.88405
-1.0,-1.0,3.7,93.0,-1.0,-1.0,-1.0,0.1,45.0,Z3,2010-09-08 04:00:00,2230,42.46605,1.7785
-1.0,-1.0,3.4,97.0,-1.0,-1.0,-1.0,1.0,282.0,Z4,2010-09-08 04:00:00,2364,42.42205,2.2524
-1.0,-1.0,0.8,96.0,-1.0,-1.0,-1.0,2.7,6.0,Z5,2010-09-08 04:00:00,2400,42.70029,1.27201
-1.0,-1.0,0.8,98.0,-1.0,-1.0,-1.0,0.4,339.0,Z6,2010-09-08 04:00:00,2228,42.77011,0.73198
2.3,212.0,1.0,93.0,-1.0,-1.0,-1.0,-1.0,-1.0,Z7,2010-09-08 04:00:00,2519,42.53412,1.05476
-1.0,-1.0,3.5,87.0,-1.0,-1.0,-1.0,3.7,266.0,Z8,2010-09-08 04:00:00,2316,42.18254,1.52407
0.3,132.0,4.3,94.0,-1.0,-1.0,-1.0,-1.0,-1.0,Z9,2010-09-08 04:00:00,2143,42.29265,1.71498
5.3,232.0,11.2,86.0,928.5,-1.0,-1.0,-1.0,-1.0,CA,2010-09-08 04:30:00,693,41.95378,1.5851
0.5,250.0,10.0,96.0,935.6,-1.0,-1.0,-1.0,-1.0,CC,2010-09-08 04:30:00,626,42.07398,2.20862
1.0,14.0,12.8,68.0,910.9,-1.0,-1.0,-1.0,-1.0,CD,2010-09-08 04:30:00,849,42.37083,1.43277
6.0,307.0,16.0,60.0,970.2,-1.0,-1.0,-1.0,-1.0,CE,2010-09-08 04:30:00,316,41.53109,1.80813
2.4,195.0,9.2,94.0,852.5,-1.0,-1.0,-1.0,-1.0,CG,2010-09-08 04:30:00,1405,42.37717,2.41456
0.5,226.0,10.4,98.0,910.7,-1.0,-1.0,-1.0,-1.0,CI,2010-09-08 04:30:00,852,42.25839,2.36429
0.6,257.0,12.1,75.0,941.9,-1.0,-1.0,-1.0,-1.0,CJ,2010-09-08 04:30:00,566.5,42.21624,1.33132
1.2,175.0,13.5,72.0,966.7,-1.0,-1.0,-1.0,-1.0,CL,2010-09-08 04:30:00,349,41.67399,1.76796
1.9,350.0,13.7,69.0,929.0,-1.0,-1.0,-1.0,-1.0,CP,2010-09-08 04:30:00,690,42.13924,1.03893
1.0,154.0,12.8,69.0,939.2,-1.0,-1.0,-1.0,-1.0,CQ,2010-09-08 04:30:00,594,41.99546,1.02569
0.6,356.0,9.7,98.0,909.2,-1.0,-1.0,-1.0,-1.0,CR,2010-09-08 04:30:00,873,42.08032,1.9624
0.6,0.0,8.6,99.0,914.6,-1.0,-1.0,-1.0,-1.0,CT,2010-09-08 04:30:00,823,42.39811,0.74362
0.5,190.0,9.6,90.0,896.7,-1.0,-1.0,-1.0,-1.0,CU,2010-09-08 04:30:00,1002,42.69856,0.79397
0.4,276.0,11.6,86.0,948.3,-1.0,-1.0,-1.0,-1.0,CV,2010-09-08 04:30:00,513.3,42.23939,0.96434
4.6,263.0,14.3,65.0,957.0,-1.0,-1.0,-1.0,-1.0,CW,2010-09-08 04:30:00,446,41.39241,1.09894
2.2,220.0,13.3,69.0,915.0,-1.0,-1.0,-1.0,-1.0,CY,2010-09-08 04:30:00,816,41.87813,2.17873
5.0,236.0,14.2,73.0,977.6,-1.0,-1.0,-1.0,-1.0,C6,2010-09-08 04:30:00,264,41.6566,0.95172
2.7,219.0,13.5,70.0,959.1,-1.0,-1.0,-1.0,-1.0,C7,2010-09-08 04:30:00,427,41.66695,1.16234
5.3,251.0,12.0,75.0,943.9,-1.0,-1.0,-1.0,-1.0,C8,2010-09-08 04:30:00,554,41.67555,1.29609
-1.0,-1.0,18.4,50.0,980.9,-1.0,-1.0,-1.0,-1.0,C9,2010-09-08 04:30:00,240,40.71825,0.39988
5.6,310.0,17.7,52.0,987.5,-1.0,-1.0,-1.0,-1.0,DB,2010-09-08 04:30:00,179,40.87287,0.71581
0.9,208.0,11.8,98.0,958.0,-1.0,-1.0,-1.0,-1.0,DC,2010-09-08 04:30:00,421.5,42.19144,2.48263
1.1,301.0,16.7,81.0,1001.3,-1.0,-1.0,-1.0,-1.0,DD,2010-09-08 04:30:00,44.5,41.51175,2.38674
0.9,175.0,14.2,93.0,1003.4,-1.0,-1.0,-1.0,-1.0,DF,2010-09-08 04:30:00,28.6,41.97751,3.03543
0.8,83.0,5.4,85.0,796.0,-1.0,-1.0,-1.0,-1.0,DG,2010-09-08 04:30:00,1971.4,42.39848,2.15517
6.6,310.0,17.9,42.0,959.0,-1.0,-1.0,-1.0,-1.0,DI,2010-09-08 04:30:00,415,41.43292,1.62386
0.6,43.0,14.7,90.0,986.2,-1.0,-1.0,-1.0,-1.0,DJ,2010-09-08 04:30:00,176,42.11653,2.78969
1.5,23.0,18.1,58.0,1007.1,-1.0,-1.0,-1.0,-1.0,DK,2010-09-08 04:30:00,2,41.14677,1.41846
1.5,294.0,18.5,61.0,1008.3,-1.0,-1.0,-1.0,-1.0,DL,2010-09-08 04:30:00,0.5,40.70719,0.83449
0.3,89.0,14.8,90.0,996.2,-1.0,-1.0,-1.0,-1.0,DM,2010-09-08 04:30:00,90,41.96012,2.80696
1.4,289.0,14.0,96.0,989.3,-1.0,-1.0,-1.0,-1.0,DN,2010-09-08 04:30:00,150,41.96095,2.63108
1.7,287.0,14.7,93.0,1005.0,-1.0,-1.0,-1.0,-1.0,DO,2010-09-08 04:30:00,14,41.80857,3.03241
2.0,44.0,9.8,80.0,884.4,-1.0,-1.0,-1.0,-1.0,DP,2010-09-08 04:30:00,1097,42.38605,1.8664
4.5,6.0,15.6,60.0,975.1,-1.0,-1.0,-1.0,-1.0,DQ,2010-09-08 04:30:00,287,41.30728,1.36259
-1.0,-1.0,14.0,73.0,962.9,-1.0,-1.0,-1.0,-1.0,D1,2010-09-08 04:30:00,404,41.28521,0.75383
-1.0,-1.0,13.4,87.0,967.6,-1.0,-1.0,-1.0,-1.0,D2,2010-09-08 04:30:00,343,41.59252,1.915
1.7,347.0,19.2,47.0,977.4,-1.0,-1.0,-1.0,-1.0,D3,2010-09-08 04:30:00,252,41.38197,1.93564
3.4,10.0,19.4,47.0,1003.2,-1.0,-1.0,-1.0,-1.0,D4,2010-09-08 04:30:00,24,42.27065,3.18165
3.3,313.0,17.6,52.0,959.9,-1.0,-1.0,-1.0,-1.0,D5,2010-09-08 04:30:00,411.2,41.41843,2.12388
14.7,358.0,17.4,51.0,982.7,-1.0,-1.0,-1.0,-1.0,D6,2010-09-08 04:30:00,196,42.43515,3.16622
1.4,325.0,17.1,63.0,1003.4,-1.0,-1.0,-1.0,-1.0,D7,2010-09-08 04:30:00,53,41.18499,0.59376
2.1,247.0,13.7,66.0,950.9,-1.0,-1.0,-1.0,-1.0,D8,2010-09-08 04:30:00,515,40.95134,0.30565
5.2,306.0,19.2,45.0,1000.5,-1.0,-1.0,-1.0,-1.0,D9,2010-09-08 04:30:00,59,41.21553,1.52121
9.2,282.0,15.1,68.0,968.5,-1.0,-1.0,-1.0,-1.0,H1,2010-09-08 04:30:00,333,41.58642,1.65306
1.0,329.0,12.9,92.0,982.6,-1.0,-1.0,-1.0,-1.0,R1,2010-09-08 04:30:00,210,41.70637,1.87276
3.5,229.0,16.6,60.0,995.0,-1.0,-1.0,-1.0,-1.0,VQ,2010-09-08 04:30:00,112,41.1713,1.16774
5.4,45.0,1.3,97.0,770.9,-1.0,-1.0,-1.0,-1.0,VS,2010-09-08 04:30:00,2247,42.63835,0.77889
-1.0,-1.0,19.9,58.0,1002.0,-1.0,-1.0,3.1,282.0,WU,2010-09-08 04:30:00,42,41.45215,2.24757
3.5,298.0,20.1,46.0,1005.0,-1.0,-1.0,-1.0,-1.0,WZ,2010-09-08 04:30:00,17,41.20187,1.63346
3.9,283.0,11.0,78.0,919.5,-1.0,-1.0,-1.0,-1.0,XA,2010-09-08 04:30:00,785,41.60257,1.4007
2.8,333.0,17.4,57.0,990.2,-1.0,-1.0,-1.0,-1.0,XC,2010-09-08 04:30:00,147,41.47892,1.97546
5.8,282.0,12.4,70.0,930.0,-1.0,-1.0,-1.0,-1.0,XD,2010-09-08 04:30:00,687,41.32,0.8857
7.7,283.0,19.1,54.0,1007.0,-1.0,-1.0,-1.0,-1.0,XE,2010-09-08 04:30:00,5,41.10393,1.201
2.7,275.0,15.3,73.0,976.9,-1.0,-1.0,-1.0,-1.0,XF,2010-09-08 04:30:00,258,41.56568,2.06952
1.2,126.0,15.3,89.0,993.1,-1.0,-1.0,-1.0,-1.0,XG,2010-09-08 04:30:00,123,41.56734,2.22619
-1.0,-1.0,11.3,89.0,930.2,-1.0,-1.0,-1.0,-1.0,XH,2010-09-08 04:30:00,679,42.40533,1.12993
1.9,312.0,18.8,53.0,997.1,-1.0,-1.0,-1.0,-1.0,X8,2010-09-08 04:30:00,79,41.37919,2.1054
3.7,341.0,1.4,99.0,-1.0,-1.0,-1.0,-1.0,-1.0,ZB,2010-09-08 04:30:00,2451,42.51939,1.36597
-1.0,-1.0,1.6,100.0,-1.0,-1.0,-1.0,4.0,255.0,Z1,2010-09-08 04:30:00,2266,42.64691,0.98486
-1.0,-1.0,1.1,98.0,-1.0,-1.0,-1.0,1.5,306.0,Z2,2010-09-08 04:30:00,2535,42.46602,0.88405
-1.0,-1.0,3.5,93.0,-1.0,-1.0,-1.0,0.1,284.0,Z3,2010-09-08 04:30:00,2230,42.46605,1.7785
-1.0,-1.0,3.4,94.0,-1.0,-1.0,-1.0,1.0,192.0,Z4,2010-09-08 04:30:00,2364,42.42205,2.2524
-1.0,-1.0,0.9,95.0,-1.0,-1.0,-1.0,2.5,8.0,Z5,2010-09-08 04:30:00,2400,42.70029,1.27201
-1.0,-1.0,0.7,98.0,-1.0,-1.0,-1.0,0.6,333.0,Z6,2010-09-08 04:30:00,2228,42.77011,0.73198
3.1,261.0,0.7,91.0,-1.0,-1.0,-1.0,-1.0,-1.0,Z7,2010-09-08 04:30:00,2519,42.53412,1.05476
-1.0,-1.0,3.9,84.0,-1.0,-1.0,-1.0,3.5,278.0,Z8,2010-09-08 04:30:00,2316,42.18254,1.52407
0.5,120.0,4.1,94.0,-1.0,-1.0,-1.0,-1.0,-1.0,Z9,2010-09-08 04:30:00,2143,42.29265,1.71498
6.0,238.0,10.9,86.0,929.0,-1.0,-1.0,-1.0,-1.0,CA,2010-09-08 05:00:00,693,41.95378,1.5851
0.1,303.0,10.0,96.0,936.1,-1.0,-1.0,-1.0,-1.0,CC,2010-09-08 05:00:00,626,42.07398,2.20862
0.7,44.0,12.5,69.0,911.4,-1.0,-1.0,-1.0,-1.0,CD,2010-09-08 05:00:00,849,42.37083,1.43277
3.4,315.0,15.3,63.0,970.8,-1.0,-1.0,-1.0,-1.0,CE,2010-09-08 05:00:00,316,41.53109,1.80813
1.2,235.0,9.0,94.0,852.8,-1.0,-1.0,-1.0,-1.0,CG,2010-09-08 05:00:00,1405,42.37717,2.41456
0.8,238.0,10.3,98.0,911.1,-1.0,-1.0,-1.0,-1.0,CI,2010-09-08 05:00:00,852,42.25839,2.36429
0.7,302.0,12.1,76.0,942.5,-1.0,-1.0,-1.0,-1.0,CJ,2010-09-08 05:00:00,566.5,42.21624,1.33132
1.3,203.0,13.4,71.0,967.3,-1.0,-1.0,-1.0,-1.0,CL,2010-09-08 05:00:00,349,41.67399,1.76796
1.6,27.0,13.1,71.0,929.6,-1.0,-1.0,-1.0,-1.0,CP,2010-09-08 05:00:00,690,42.13924,1.03893
0.8,296.0,12.6,70.0,940.0,-1.0,-1.0,-1.0,-1.0,CQ,2010-09-08 05:00:00,594,41.99546,1.02569
0.3,346.0,9.4,98.0,909.7,-1.0,-1.0,-1.0,-1.0,CR,2010-09-08 05:00:00,873,42.08032,1.9624
0.4,350.0,8.7,98.0,915.1,-1.0,-1.0,-1.0,-1.0,CT,2010-09-08 05:00:00,823,42.39811,0.74362
0.5,193.0,9.6,91.0,897.1,-1.0,-1.0,-1.0,-1.0,CU,2010-09-08 05:00:00,1002,42.69856,0.79397
0.3,268.0,11.6,87.0,948.9,-1.0,-1.0,-1.0,-1.0,CV,2010-09-08 05:00:00,513.3,42.23939,0.96434
4.8,260.0,14.1,66.0,957.4,-1.0,-1.0,-1.0,-1.0,CW,2010-09-08 05:00:00,446,41.39241,1.09894
2.1,233.0,12.6,72.0,915.6,-1.0,-1.0,-1.0,-1.0,CY,2010-09-08 05:00:00,816,41.87813,2.17873
4.8,230.0,13.7,76.0,978.3,-1.0,-1.0,-1.0,-1.0,C6,2010-09-08 05:00:00,264,41.6566,0.95172
3.1,230.0,13.3,71.0,959.7,-1.0,-1.0,-1.0,-1.0,C7,2010-09-08 05:00:00,427,41.66695,1.16234
6.2,251.0,11.8,75.0,944.3,-1.0,-1.0,-1.0,-1.0,C8,2010-09-08 05:00:00,554,41.67555,1.29609
-1.0,-1.0,18.3,49.0,981.4,-1.0,-1.0,-1.0,-1.0,C9,2010-09-08 05:00:00,240,40.71825,0.39988
6.3,317.0,17.6,52.0,987.9,-1.0,-1.0,-1.0,-1.0,DB,2010-09-08 05:00:00,179,40.87287,0.71581
0.5,230.0,11.8,98.0,958.4,-1.0,-1.0,-1.0,-1.0,DC,2010-09-08 05:00:00,421.5,42.19144,2.48263
1.6,282.0,17.4,72.0,1001.8,-1.0,-1.0,-1.0,-1.0,DD,2010-09-08 05:00:00,44.5,41.51175,2.38674
1.2,180.0,14.0,93.0,1003.7,-1.0,-1.0,-1.0,-1.0,DF,2010-09-08 05:00:00,28.6,41.97751,3.03543
0.8,51.0,4.8,88.0,796.5,-1.0,-1.0,-1.0,-1.0,DG,2010-09-08 05:00:00,1971.4,42.39848,2.15517
4.2,312.0,17.9,42.0,959.7,-1.0,-1.0,-1.0,-1.0,DI,2010-09-08 05:00:00,415,41.43292,1.62386
0.4,328.0,14.6,90.0,986.4,-1.0,-1.0,-1.0,-1.0,DJ,2010-09-08 05:00:00,176,42.11653,2.78969
2.3,336.0,17.4,60.0,1007.7,-1.0,-1.0,-1.0,-1.0,DK,2010-09-08 05:00:00,2,41.14677,1.41846
1.9,293.0,18.3,60.0,1008.8,-1.0,-1.0,-1.0,-1.0,DL,2010-09-08 05:00:00,0.5,40.70719,0.83449
0.1,150.0,14.7,91.0,996.5,-1.0,-1.0,-1.0,-1.0,DM,2010-09-08 05:00:00,90,41.96012,2.80696
0.9,283.0,13.8,96.0,989.6,-1.0,-1.0,-1.0,-1.0,DN,2010-09-08 05:00:00,150,41.96095,2.63108
1.4,278.0,14.4,94.0,1005.3,-1.0,-1.0,-1.0,-1.0,DO,2010-09-08 05:00:00,14,41.80857,3.03241
1.4,45.0,10.5,70.0,884.6,-1.0,-1.0,-1.0,-1.0,DP,2010-09-08 05:00:00,1097,42.38605,1.8664
4.1,18.0,15.1,62.0,975.6,-1.0,-1.0,-1.0,-1.0,DQ,2010-09-08 05:00:00,287,41.30728,1.36259
-1.0,-1.0,12.8,81.0,963.5,-1.0,-1.0,-1.0,-1.0,D1,2010-09-08 05:00:00,404,41.28521,0.75383
-1.0,-1.0,13.3,85.0,968.1,-1.0,-1.0,-1.0,-1.0,D2,2010-09-08 05:00:00,343,41.59252,1.915
1.6,301.0,18.8,46.0,978.0,-1.0,-1.0,-1.0,-1.0,D3,2010-09-08 05:00:00,252,41.38197,1.93564
1.6,335.0,18.8,52.0,1003.7,-1.0,-1.0,-1.0,-1.0,D4,2010-09-08 05:00:00,24,42.27065,3.18165
5.6,304.0,16.8,54.0,960.3,-1.0,-1.0,-1.0,-1.0,D5,2010-09-08 05:00:00,411.2,41.41843,2.12388
13.4,357.0,17.3,51.0,983.3,-1.0,-1.0,-1.0,-1.0,D6,2010-09-08 05:00:00,196,42.43515,3.16622
0.9,314.0,16.8,64.0,1004.0,-1.0,-1.0,-1.0,-1.0,D7,2010-09-08 05:00:00,53,41.18499,0.59376
3.3,253.0,14.0,64.0,951.3,-1.0,-1.0,-1.0,-1.0,D8,2010-09-08 05:00:00,515,40.95134,0.30565
5.9,299.0,19.0,46.0,1000.9,-1.0,-1.0,-1.0,-1.0,D9,2010-09-08 05:00:00,59,41.21553,1.52121
8.2,280.0,14.7,68.0,969.2,-1.0,-1.0,-1.0,-1.0,H1,2010-09-08 05:00:00,333,41.58642,1.65306
1.0,16.0,12.8,92.0,983.3,-1.0,-1.0,-1.0,-1.0,R1,2010-09-08 05:00:00,210,41.70637,1.87276
-1.0,-1.0,17.5,59.0,-1.0,1.2,326.0,-1.0,-1.0,UA,2010-09-08 05:00:00,93,40.9091,0.76943
-1.0,-1.0,13.9,93.0,-1.0,0.4,307.0,-1.0,-1.0,UB,2010-09-08 05:00:00,15,42.05398,3.06195
-1.0,-1.0,13.2,94.0,-1.0,0.7,222.0,-1.0,-1.0,UC,2010-09-08 05:00:00,60,41.97726,2.99705
-1.0,-1.0,13.5,91.0,-1.0,-1.0,-1.0,-1.0,-1.0,UD,2010-09-08 05:00:00,12,42.02895,3.06227
-1.0,-1.0,14.6,96.0,-1.0,-1.0,-1.0,-1.0,-1.0,UE,2010-09-08 05:00:00,4,42.02306,3.15719
-1.0,-1.0,15.3,50.0,-1.0,3.5,296.0,-1.0,-1.0,UF,2010-09-08 05:00:00,573,41.28832,1.90775
-1.0,-1.0,19.4,58.0,-1.0,1.3,354.0,-1.0,-1.0,UG,2010-09-08 05:00:00,3,41.29928,2.03787
-1.0,-1.0,14.3,62.0,-1.0,2.0,296.0,4.1,302.0,UH,2010-09-08 05:00:00,545,41.34171,1.48769
-1.0,-1.0,7.7,85.0,-1.0,0.4,258.0,-1.0,-1.0,UI,2010-09-08 05:00:00,1386,42.26477,1.76218
-1.0,-1.0,11.5,75.0,-1.0,2.3,272.0,4.1,273.0,UJ,2010-09-08 05:00:00,709,41.52879,1.3683
-1.0,-1.0,17.4,51.0,-1.0,0.2,24.0,-1.0,-1.0,UK,2010-09-08 05:00:00,161,41.27861,1.80479
-1.0,-1.0,14.7,68.0,-1.0,2.3,224.0,-1.0,-1.0,UL,2010-09-08 05:00:00,228,41.52911,0.75303
-1.0,-1.0,13.0,72.0,-1.0,2.5,221.0,-1.0,-1.0,UM,2010-09-08 05:00:00,505,41.35991,0.66789
-1.0,-1.0,12.2,95.0,-1.0,0.2,96.0,-1.0,-1.0,UN,2010-09-08 05:00:00,171,41.87449,2.92694
-1.0,-1.0,12.8,94.0,-1.0,-1.0,-1.0,-1.0,-1.0,UO,2010-09-08 05:00:00,97,41.91461,2.82069
1.9,326.0,16.9,73.0,998.0,-1.0,-1.0,-1.0,-1.0,UP,2010-09-08 05:00:00,81,41.51773,2.37702
-1.0,-1.0,16.2,85.0,-1.0,0.7,165.0,-1.0,-1.0,UQ,2010-09-08 05:00:00,460,41.61991,2.44532
-1.0,-1.0,15.6,68.0,-1.0,0.8,300.0,-1.0,-1.0,US,2010-09-08 05:00:00,24,40.55786,0.52329
4.7,325.0,19.2,50.0,1009.0,-1.0,-1.0,-1.0,-1.0,UU,2010-09-08 05:00:00,3,40.70776,0.6321
-1.0,-1.0,17.4,52.0,-1.0,0.8,254.0,-1.0,-1.0,UV,2010-09-08 05:00:00,205,40.71727,0.41633
-1.0,-1.0,17.8,59.0,1010.0,1.6,342.0,-1.0,-1.0,UW,2010-09-08 05:00:00,0,40.62725,0.65922
-1.0,-1.0,17.4,50.0,-1.0,0.7,273.0,-1.0,-1.0,UX,2010-09-08 05:00:00,210,40.62652,0.37112
-1.0,-1.0,12.3,70.0,-1.0,0.7,279.0,1.7,289.0,UY,2010-09-08 05:00:00,576,41.87912,0.76103
-1.0,-1.0,18.0,59.0,-1.0,1.5,277.0,-1.0,-1.0,U1,2010-09-08 05:00:00,31,42.30648,2.95481
1.8,261.0,15.3,91.0,1007.0,-1.0,-1.0,-1.0,-1.0,U2,2010-09-08 05:00:00,4,42.17716,3.0968
-1.0,-1.0,16.6,52.0,-1.0,1.1,276.0,-1.0,-1.0,U3,2010-09-08 05:00:00,257,41.37491,1.63032
2.5,283.0,13.4,74.0,-1.0,1.5,282.0,-1.0,-1.0,U4,2010-09-08 05:00:00,507,41.83094,1.84699
-1.0,-1.0,9.5,78.0,-1.0,1.3,219.0,-1.0,-1.0,U5,2010-09-08 05:00:00,969,41.31349,0.99611
-1.0,-1.0,17.5,59.0,-1.0,1.0,236.0,-1.0,-1.0,U6,2010-09-08 05:00:00,29,41.08017,1.06661
-1.0,-1.0,18.6,48.0,-1.0,2.2,328.0,-1.0,-1.0,U7,2010-09-08 05:00:00,52,40.85936,0.50525
-1.0,-1.0,17.7,55.0,-1.0,0.7,12.0,-1.0,-1.0,U9,2010-09-08 05:00:00,62,40.76947,0.61635
-1.0,-1.0,15.7,63.0,-1.0,2.8,261.0,-1.0,-1.0,VA,2010-09-08 05:00:00,257,41.19645,0.51161
8.8,283.0,18.0,54.0,-1.0,-1.0,-1.0,-1.0,-1.0,VB,2010-09-08 05:00:00,32,41.06289,0.63517
-1.0,-1.0,18.1,60.0,-1.0,2.7,252.0,-1.0,-1.0,VC,2010-09-08 05:00:00,69,41.24415,0.43266
-1.0,-1.0,13.0,70.0,-1.0,5.2,234.0,-1.0,-1.0,VD,2010-09-08 05:00:00,429,41.68939,1.20381
-1.0,-1.0,15.6,69.0,-1.0,1.6,210.0,-1.0,-1.0,VE,2010-09-08 05:00:00,97,41.48692,0.46058
-1.0,-1.0,14.0,78.0,-1.0,0.4,230.0,-1.0,-1.0,VF,2010-09-08 05:00:00,122,41.56482,0.54999
-1.0,-1.0,14.4,69.0,-1.0,1.9,280.0,-1.0,-1.0,VH,2010-09-08 05:00:00,259,41.65814,0.39301
-1.0,-1.0,14.0,71.0,-1.0,1.0,203.0,-1.0,-1.0,VJ,2010-09-08 05:00:00,161,41.59957,0.6478
2.0,246.0,13.3,76.0,976.4,-1.0,-1.0,-1.0,-1.0,VK,2010-09-08 05:00:00,286,41.68328,0.4487
2.3,269.0,16.5,61.0,-1.0,1.1,254.0,-1.0,-1.0,VL,2010-09-08 05:00:00,100,41.46014,0.40562
-1.0,-1.0,13.9,72.0,-1.0,1.7,256.0,-1.0,-1.0,VM,2010-09-08 05:00:00,222,41.7145,0.62839
-1.0,-1.0,13.3,94.0,-1.0,-1.0,-1.0,-1.0,-1.0,VN,2010-09-08 05:00:00,117,41.88244,2.74262
-1.0,-1.0,9.5,88.0,-1.0,0.2,58.0,-1.0,-1.0,VO,2010-09-08 05:00:00,785,42.08745,1.42792
-1.0,-1.0,11.0,84.0,-1.0,2.6,250.0,3.6,262.0,VP,2010-09-08 05:00:00,659,41.80483,1.53853
3.7,215.0,16.2,62.0,995.0,-1.0,-1.0,-1.0,-1.0,VQ,2010-09-08 05:00:00,112,41.1713,1.16774
-1.0,-1.0,13.4,76.0,-1.0,0.9,222.0,-1.0,-1.0,VR,2010-09-08 05:00:00,291,41.68994,1.04401
5.0,37.0,1.5,94.0,771.3,-1.0,-1.0,-1.0,-1.0,VS,2010-09-08 05:00:00,2247,42.63835,0.77889
-1.0,-1.0,16.6,65.0,-1.0,1.0,267.0,-1.0,-1.0,VT,2010-09-08 05:00:00,84,41.48401,2.12745
-1.0,-1.0,13.3,73.0,-1.0,0.5,15.0,-1.0,-1.0,VU,2010-09-08 05:00:00,421,41.63286,1.91718
1.3,12.0,12.9,79.0,-1.0,-1.0,-1.0,-1.0,-1.0,VV,2010-09-08 05:00:00,528,41.68129,2.02647
-1.0,-1.0,11.9,66.0,-1.0,0.3,260.0,-1.0,-1.0,VX,2010-09-08 05:00:00,1030,41.74761,2.30291
-1.0,-1.0,15.7,61.0,-1.0,-1.0,-1.0,-1.0,-1.0,VY,2010-09-08 05:00:00,240,41.25095,1.29863
-1.0,-1.0,19.1,49.0,-1.0,-1.0,-1.0,-1.0,-1.0,VZ,2010-09-08 05:00:00,83,42.38443,3.00736
-1.0,-1.0,13.3,81.0,-1.0,1.3,191.0,-1.0,-1.0,V1,2010-09-08 05:00:00,238,41.78487,0.82939
-1.0,-1.0,12.1,96.0,-1.0,0.5,200.0,-1.0,-1.0,V3,2010-09-08 05:00:00,509,41.95224,2.23271
-1.0,-1.0,9.7,96.0,931.0,-1.0,-1.0,0.4,355.0,V4,2010-09-08 05:00:00,684,42.11477,2.21483
-1.0,-1.0,9.8,98.0,-1.0,0.5,130.0,0.9,135.0,V5,2010-09-08 05:00:00,774,42.03947,2.11993
-1.0,-1.0,13.0,78.0,-1.0,0.7,215.0,-1.0,-1.0,V8,2010-09-08 05:00:00,223,41.67279,0.87741
-1.0,-1.0,12.0,80.0,-1.0,2.4,253.0,-1.0,-1.0,WA,2010-09-08 05:00:00,443,41.87694,1.1541
-1.0,-1.0,12.6,76.0,-1.0,3.2,250.0,-1.0,-1.0,WB,2010-09-08 05:00:00,267,41.76036,0.67022
-1.0,-1.0,14.0,72.0,-1.0,1.3,235.0,-1.0,-1.0,WC,2010-09-08 05:00:00,261,41.63642,0.92446
-1.0,-1.0,14.4,66.0,-1.0,1.3,268.0,-1.0,-1.0,WD,2010-09-08 05:00:00,382,41.08671,0.31884
-1.0,-1.0,12.8,93.0,-1.0,0.6,73.0,-1.0,-1.0,WE,2010-09-08 05:00:00,126,41.5444,2.30014
-1.0,-1.0,13.2,95.0,-1.0,-1.0,-1.0,-1.0,-1.0,WF,2010-09-08 05:00:00,108,41.95425,2.77578
-1.0,-1.0,12.7,76.0,-1.0,2.3,258.0,-1.0,-1.0,WG,2010-09-08 05:00:00,301,41.80104,0.64804
-1.0,-1.0,14.5,67.0,-1.0,1.8,286.0,-1.0,-1.0,WI,2010-09-08 05:00:00,350,41.35741,0.4809
-1.0,-1.0,16.7,60.0,-1.0,5.6,320.0,-1.0,-1.0,WJ,2010-09-08 05:00:00,141,41.1223,0.72182
-1.0,-1.0,11.5,82.0,-1.0,0.4,328.0,-1.0,-1.0,WK,2010-09-08 05:00:00,268,41.81949,0.57768
-1.0,-1.0,13.6,69.0,-1.0,3.4,232.0,-1.0,-1.0,WL,2010-09-08 05:00:00,413,41.57236,1.0882
1.0,64.0,9.8,89.0,-1.0,-1.0,-1.0,-1.0,-1.0,WM,2010-09-08 05:00:00,1167,42.10736,1.8267
-1.0,-1.0,14.4,45.0,-1.0,-1.0,-1.0,3.4,322.0,WN,2010-09-08 05:00:00,916,41.59539,1.83751
-1.0,-1.0,17.4,51.0,-1.0,-1.0,-1.0,-1.0,-1.0,WO,2010-09-08 05:00:00,185,41.27151,1.46717
-1.0,-1.0,14.8,62.0,-1.0,0.9,273.0,-1.0,-1.0,WP,2010-09-08 05:00:00,325,41.48518,1.69337
7.5,346.0,6.0,83.0,836.1,-1.0,-1.0,-1.0,-1.0,WQ,2010-09-08 05:00:00,1572,42.0513,0.72952
-1.0,-1.0,15.4,64.0,-1.0,1.3,254.0,-1.0,-1.0,WR,2010-09-08 05:00:00,300,41.2163,0.79748
0.6,204.0,11.3,80.0,901.0,-1.0,-1.0,-1.0,-1.0,WS,2010-09-08 05:00:00,953,41.84008,2.41877
2.3,358.0,16.0,94.0,1007.0,-1.0,-1.0,-1.0,-1.0,WT,2010-09-08 05:00:00,2,41.64707,2.75658
-1.0,-1.0,20.1,53.0,1002.0,-1.0,-1.0,3.4,287.0,WU,2010-09-08 05:00:00,42,41.45215,2.24757
0.5,216.0,8.3,100.0,919.0,-1.0,-1.0,-1.0,-1.0,WV,2010-09-08 05:00:00,788,42.23414,1.87485
-1.0,-1.0,11.9,97.0,-1.0,-1.0,-1.0,-1.0,-1.0,WW,2010-09-08 05:00:00,278,41.79423,1.9368
-1.0,-1.0,12.2,67.0,-1.0,1.9,249.0,-1.0,-1.0,WX,2010-09-08 05:00:00,668,41.9178,0.88175
-1.0,-1.0,14.8,77.0,-1.0,0.8,293.0,-1.0,-1.0,WY,2010-09-08 05:00:00,164,41.43386,1.79429
4.1,313.0,19.7,47.0,1006.0,-1.0,-1.0,-1.0,-1.0,WZ,2010-09-08 05:00:00,17,41.20187,1.63346
-1.0,-1.0,15.6,90.0,-1.0,-1.0,-1.0,-1.0,-1.0,W1,2010-09-08 05:00:00,2,42.24726,3.09021
-1.0,-1.0,14.4,93.0,-1.0,-1.0,-1.0,-1.0,-1.0,W2,2010-09-08 05:00:00,7,42.18259,3.05783
-1.0,-1.0,15.1,89.0,-1.0,-1.0,-1.0,-1.0,-1.0,W3,2010-09-08 05:00:00,4,42.15006,3.06494
-1.0,-1.0,16.4,56.0,-1.0,1.1,258.0,-1.0,-1.0,W4,2010-09-08 05:00:00,240,41.36619,1.72857
-1.0,-1.0,10.5,80.0,-1.0,0.4,58.0,-1.0,-1.0,W5,2010-09-08 05:00:00,490,42.07683,1.31489
-1.0,-1.0,16.6,62.0,-1.0,1.1,294.0,-1.0,-1.0,W6,2010-09-08 05:00:00,158,41.13738,1.0187
-1.0,-1.0,14.1,66.0,-1.0,-1.0,-1.0,-1.0,-1.0,W8,2010-09-08 05:00:00,438,41.44237,1.15998
-1.0,-1.0,11.0,100.0,-1.0,0.2,202.0,-1.0,-1.0,W9,2010-09-08 05:00:00,461,42.14557,2.45451
5.3,288.0,10.9,77.0,919.8,-1.0,-1.0,-1.0,-1.0,XA,2010-09-08 05:00:00,785,41.60257,1.4007
-1.0,-1.0,13.0,69.0,-1.0,-1.0,-1.0,-1.0,-1.0,XB,2010-09-08 05:00:00,584,41.4779,1.53529
3.9,331.0,17.2,57.0,990.8,-1.0,-1.0,-1.0,-1.0,XC,2010-09-08 05:00:00,147,41.47892,1.97546
5.9,280.0,12.0,73.0,930.5,-1.0,-1.0,-1.0,-1.0,XD,2010-09-08 05:00:00,687,41.32,0.8857
5.7,278.0,18.7,56.0,1007.7,-1.0,-1.0,-1.0,-1.0,XE,2010-09-08 05:00:00,5,41.10393,1.201
2.2,260.0,15.6,69.0,977.5,-1.0,-1.0,-1.0,-1.0,XF,2010-09-08 05:00:00,258,41.56568,2.06952
1.7,45.0,14.7,86.0,993.6,-1.0,-1.0,-1.0,-1.0,XG,2010-09-08 05:00:00,123,41.56734,2.22619
-1.0,-1.0,10.9,89.0,930.8,-1.0,-1.0,-1.0,-1.0,XH,2010-09-08 05:00:00,679,42.40533,1.12993
-1.0,-1.0,14.4,69.0,981.0,2.0,237.0,-1.0,-1.0,XI,2010-09-08 05:00:00,247,41.61817,0.87182
4.2,305.0,14.6,72.0,968.9,-1.0,-1.0,-1.0,-1.0,X1,2010-09-08 05:00:00,359,41.15374,0.81953
-1.0,-1.0,20.9,50.0,-1.0,-1.0,-1.0,-1.0,-1.0,X2,2010-09-08 05:00:00,7,41.38943,2.18847
4.9,270.0,11.9,83.0,966.0,-1.0,-1.0,-1.0,-1.0,X3,2010-09-08 05:00:00,370,41.74281,0.5358
2.4,326.0,21.0,49.0,1003.3,-1.0,-1.0,-1.0,-1.0,X4,2010-09-08 05:00:00,33,41.3839,2.16775
6.6,270.0,9.1,76.0,893.2,-1.0,-1.0,-1.0,-1.0,X5,2010-09-08 05:00:00,1055,40.79705,0.31822
-1.0,-1.0,12.8,73.0,-1.0,1.2,114.0,-1.0,-1.0,X6,2010-09-08 05:00:00,366,41.92173,1.02901
-1.0,-1.0,14.9,73.0,-1.0,2.6,224.0,-1.0,-1.0,X7,2010-09-08 05:00:00,215,41.51909,0.55314
2.9,325.0,19.0,51.0,997.6,-1.0,-1.0,-1.0,-1.0,X8,2010-09-08 05:00:00,79,41.37919,2.1054
1.3,337.0,13.4,88.0,988.0,-1.0,-1.0,-1.0,-1.0,X9,2010-09-08 05:00:00,176,41.61265,2.16836
3.9,350.0,1.1,99.0,-1.0,-1.0,-1.0,-1.0,-1.0,ZB,2010-09-08 05:00:00,2451,42.51939,1.36597
-1.0,-1.0,1.1,100.0,-1.0,-1.0,-1.0,3.8,252.0,Z1,2010-09-08 05:00:00,2266,42.64691,0.98486
-1.0,-1.0,0.6,99.0,-1.0,-1.0,-1.0,2.8,304.0,Z2,2010-09-08 05:00:00,2535,42.46602,0.88405
-1.0,-1.0,3.7,92.0,-1.0,-1.0,-1.0,0.3,316.0,Z3,2010-09-08 05:00:00,2230,42.46605,1.7785
-1.0,-1.0,3.2,97.0,-1.0,-1.0,-1.0,0.5,30.0,Z4,2010-09-08 05:00:00,2364,42.42205,2.2524
-1.0,-1.0,0.9,95.0,-1.0,-1.0,-1.0,1.8,4.0,Z5,2010-09-08 05:00:00,2400,42.70029,1.27201
-1.0,-1.0,0.8,98.0,-1.0,-1.0,-1.0,0.1,0.0,Z6,2010-09-08 05:00:00,2228,42.77011,0.73198
3.9,262.0,0.6,84.0,-1.0,-1.0,-1.0,-1.0,-1.0,Z7,2010-09-08 05:00:00,2519,42.53412,1.05476
-1.0,-1.0,3.5,90.0,-1.0,-1.0,-1.0,3.1,288.0,Z8,2010-09-08 05:00:00,2316,42.18254,1.52407
0.9,160.0,4.1,94.0,-1.0,-1.0,-1.0,-1.0,-1.0,Z9,2010-09-08 05:00:00,2143,42.29265,1.71498
3.8,242.0,10.6,85.0,929.4,-1.0,-1.0,-1.0,-1.0,CA,2010-09-08 05:30:00,693,41.95378,1.5851
0.2,25.0,9.9,96.0,936.6,-1.0,-1.0,-1.0,-1.0,CC,2010-09-08 05:30:00,626,42.07398,2.20862
0.8,296.0,12.5,70.0,911.9,-1.0,-1.0,-1.0,-1.0,CD,2010-09-08 05:30:00,849,42.37083,1.43277
1.4,302.0,15.0,64.0,971.8,-1.0,-1.0,-1.0,-1.0,CE,2010-09-08 05:30:00,316,41.53109,1.80813
0.7,199.0,9.0,94.0,853.2,-1.0,-1.0,-1.0,-1.0,CG,2010-09-08 05:30:00,1405,42.37717,2.41456
1.4,242.0,10.2,98.0,911.5,-1.0,-1.0,-1.0,-1.0,CI,2010-09-08 05:30:00,852,42.25839,2.36429
0.8,319.0,12.3,76.0,943.1,-1.0,-1.0,-1.0,-1.0,CJ,2010-09-08 05:30:00,566.5,42.21624,1.33132
0.9,307.0,13.2,70.0,967.9,-1.0,-1.0,-1.0,-1.0,CL,2010-09-08 05:30:00,349,41.67399,1.76796
1.8,54.0,13.0,72.0,930.1,-1.0,-1.0,-1.0,-1.0,CP,2010-09-08 05:30:00,690,42.13924,1.03893
0.6,337.0,11.8,74.0,940.7,-1.0,-1.0,-1.0,-1.0,CQ,2010-09-08 05:30:00,594,41.99546,1.02569
0.2,335.0,9.2,98.0,910.2,-1.0,-1.0,-1.0,-1.0,CR,2010-09-08 05:30:00,873,42.08032,1.9624
0.5,12.0,8.4,98.0,915.5,-1.0,-1.0,-1.0,-1.0,CT,2010-09-08 05:30:00,823,42.39811,0.74362
0.4,166.0,9.6,91.0,897.4,-1.0,-1.0,-1.0,-1.0,CU,2010-09-08 05:30:00,1002,42.69856,0.79397
0.5,290.0,11.7,87.0,949.4,-1.0,-1.0,-1.0,-1.0,CV,2010-09-08 05:30:00,513.3,42.23939,0.96434
3.4,284.0,14.0,68.0,958.0,-1.0,-1.0,-1.0,-1.0,CW,2010-09-08 05:30:00,446,41.39241,1.09894
2.5,248.0,11.9,75.0,916.1,-1.0,-1.0,-1.0,-1.0,CY,2010-09-08 05:30:00,816,41.87813,2.17873
4.7,222.0,13.6,77.0,978.8,-1.0,-1.0,-1.0,-1.0,C6,2010-09-08 05:30:00,264,41.6566,0.95172
2.7,221.0,13.2,72.0,960.3,-1.0,-1.0,-1.0,-1.0,C7,2010-09-08 05:30:00,427,41.66695,1.16234
7.0,250.0,11.8,75.0,944.7,-1.0,-1.0,-1.0,-1.0,C8,2010-09-08 05:30:00,554,41.67555,1.29609
-1.0,-1.0,18.0,51.0,981.9,-1.0,-1.0,-1.0,-1.0,C9,2010-09-08 05:30:00,240,40.71825,0.39988
4.7,299.0,17.5,52.0,988.6,-1.0,-1.0,-1.0,-1.0,DB,2010-09-08 05:30:00,179,40.87287,0.71581
0.3,345.0,11.9,97.0,958.8,-1.0,-1.0,-1.0,-1.0,DC,2010-09-08 05:30:00,421.5,42.19144,2.48263
2.3,289.0,18.5,62.0,1002.3,-1.0,-1.0,-1.0,-1.0,DD,2010-09-08 05:30:00,44.5,41.51175,2.38674
0.8,181.0,13.8,92.0,1004.1,-1.0,-1.0,-1.0,-1.0,DF,2010-09-08 05:30:00,28.6,41.97751,3.03543
1.6,32.0,5.2,89.0,796.9,-1.0,-1.0,-1.0,-1.0,DG,2010-09-08 05:30:00,1971.4,42.39848,2.15517
2.8,275.0,16.5,51.0,960.3,-1.0,-1.0,-1.0,-1.0,DI,2010-09-08 05:30:00,415,41.43292,1.62386
1.7,322.0,14.9,91.0,987.0,-1.0,-1.0,-1.0,-1.0,DJ,2010-09-08 05:30:00,176,42.11653,2.78969
2.5,324.0,17.6,59.0,1008.2,-1.0,-1.0,-1.0,-1.0,DK,2010-09-08 05:30:00,2,41.14677,1.41846
2.5,306.0,18.5,59.0,1009.5,-1.0,-1.0,-1.0,-1.0,DL,2010-09-08 05:30:00,0.5,40.70719,0.83449
0.5,182.0,14.8,91.0,997.0,-1.0,-1.0,-1.0,-1.0,DM,2010-09-08 05:30:00,90,41.96012,2.80696
1.3,287.0,13.6,96.0,990.1,-1.0,-1.0,-1.0,-1.0,DN,2010-09-08 05:30:00,150,41.96095,2.63108
1.8,262.0,14.3,94.0,1005.8,-1.0,-1.0,-1.0,-1.0,DO,2010-09-08 05:30:00,14,41.80857,3.03241
1.3,47.0,9.8,78.0,885.2,-1.0,-1.0,-1.0,-1.0,DP,2010-09-08 05:30:00,1097,42.38605,1.8664
4.8,19.0,14.9,62.0,975.8,-1.0,-1.0,-1.0,-1.0,DQ,2010-09-08 05:30:00,287,41.30728,1.36259
-1.0,-1.0,12.2,85.0,963.9,-1.0,-1.0,-1.0,-1.0,D1,2010-09-08 05:30:00,404,41.28521,0.75383
-1.0,-1.0,13.3,82.0,968.7,-1.0,-1.0,-1.0,-1.0,D2,2010-09-08 05:30:00,343,41.59252,1.915
1.6,305.0,18.2,47.0,978.6,-1.0,-1.0,-1.0,-1.0,D3,2010-09-08 05:30:00,252,41.38197,1.93564
1.1,1.0,18.2,60.0,1004.2,-1.0,-1.0,-1.0,-1.0,D4,2010-09-08 05:30:00,24,42.27065,3.18165
3.9,297.0,15.7,57.0,960.7,-1.0,-1.0,-1.0,-1.0,D5,2010-09-08 05:30:00,411.2,41.41843,2.12388
12.2,352.0,17.3,50.0,984.1,-1.0,-1.0,-1.0,-1.0,D6,2010-09-08 05:30:00,196,42.43515,3.16622
0.9,317.0,16.5,65.0,1004.5,-1.0,-1.0,-1.0,-1.0,D7,2010-09-08 05:30:00,53,41.18499,0.59376
3.3,263.0,13.7,63.0,951.8,-1.0,-1.0,-1.0,-1.0,D8,2010-09-08 05:30:00,515,40.95134,0.30565
4.0,292.0,18.4,49.0,1001.5,-1.0,-1.0,-1.0,-1.0,D9,2010-09-08 05:30:00,59,41.21553,1.52121
6.6,278.0,14.6,68.0,969.8,-1.0,-1.0,-1.0,-1.0,H1,2010-09-08 05:30:00,333,41.58642,1.65306
0.9,117.0,12.8,91.0,983.8,-1.0,-1.0,-1.0,-1.0,R1,2010-09-08 05:30:00,210,41.70637,1.87276
3.1,218.0,16.1,64.0,995.0,-1.0,-1.0,-1.0,-1.0,VQ,2010-09-08 05:30:00,112,41.1713,1.16774
4.0,53.0,1.5,95.0,771.5,-1.0,-1.0,-1.0,-1.0,VS,2010-09-08 05:30:00,2247,42.63835,0.77889
-1.0,-1.0,19.7,50.0,1003.0,-1.0,-1.0,5.1,278.0,WU,2010-09-08 05:30:00,42,41.45215,2.24757
2.1,303.0,19.3,49.0,1007.0,-1.0,-1.0,-1.0,-1.0,WZ,2010-09-08 05:30:00,17,41.20187,1.63346
6.0,290.0,10.9,78.0,919.9,-1.0,-1.0,-1.0,-1.0,XA,2010-09-08 05:30:00,785,41.60257,1.4007
4.0,330.0,17.0,57.0,991.5,-1.0,-1.0,-1.0,-1.0,XC,2010-09-08 05:30:00,147,41.47892,1.97546
5.3,279.0,11.9,75.0,931.0,-1.0,-1.0,-1.0,-1.0,XD,2010-09-08 05:30:00,687,41.32,0.8857
6.2,279.0,18.5,58.0,1008.0,-1.0,-1.0,-1.0,-1.0,XE,2010-09-08 05:30:00,5,41.10393,1.201
2.9,237.0,15.6,67.0,978.1,-1.0,-1.0,-1.0,-1.0,XF,2010-09-08 05:30:00,258,41.56568,2.06952
0.7,39.0,15.0,84.0,994.3,-1.0,-1.0,-1.0,-1.0,XG,2010-09-08 05:30:00,123,41.56734,2.22619
-1.0,-1.0,11.2,86.0,931.3,-1.0,-1.0,-1.0,-1.0,XH,2010-09-08 05:30:00,679,42.40533,1.12993
3.7,327.0,18.5,51.0,998.3,-1.0,-1.0,-1.0,-1.0,X8,2010-09-08 05:30:00,79,41.37919,2.1054
3.8,347.0,0.7,99.0,-1.0,-1.0,-1.0,-1.0,-1.0,ZB,2010-09-08 05:30:00,2451,42.51939,1.36597
-1.0,-1.0,1.4,100.0,-1.0,-1.0,-1.0,4.0,261.0,Z1,2010-09-08 05:30:00,2266,42.64691,0.98486
-1.0,-1.0,0.6,95.0,-1.0,-1.0,-1.0,2.6,300.0,Z2,2010-09-08 05:30:00,2535,42.46602,0.88405
-1.0,-1.0,3.8,87.0,-1.0,-1.0,-1.0,0.7,286.0,Z3,2010-09-08 05:30:00,2230,42.46605,1.7785
-1.0,-1.0,3.0,96.0,-1.0,-1.0,-1.0,0.7,303.0,Z4,2010-09-08 05:30:00,2364,42.42205,2.2524
-1.0,-1.0,0.8,91.0,-1.0,-1.0,-1.0,2.3,352.0,Z5,2010-09-08 05:30:00,2400,42.70029,1.27201
-1.0,-1.0,0.8,98.0,-1.0,-1.0,-1.0,0.7,338.0,Z6,2010-09-08 05:30:00,2228,42.77011,0.73198
2.6,268.0,0.9,78.0,-1.0,-1.0,-1.0,-1.0,-1.0,Z7,2010-09-08 05:30:00,2519,42.53412,1.05476
-1.0,-1.0,2.8,99.0,-1.0,-1.0,-1.0,4.8,315.0,Z8,2010-09-08 05:30:00,2316,42.18254,1.52407
0.9,238.0,4.3,90.0,-1.0,-1.0,-1.0,-1.0,-1.0,Z9,2010-09-08 05:30:00,2143,42.29265,1.71498
2.6,276.0,10.9,85.0,929.9,-1.0,-1.0,-1.0,-1.0,CA,2010-09-08 06:00:00,693,41.95378,1.5851
0.4,107.0,10.5,96.0,937.0,-1.0,-1.0,-1.0,-1.0,CC,2010-09-08 06:00:00,626,42.07398,2.20862
0.6,126.0,12.8,70.0,912.3,-1.0,-1.0,-1.0,-1.0,CD,2010-09-08 06:00:00,849,42.37083,1.43277
2.8,296.0,15.5,62.0,972.1,-1.0,-1.0,-1.0,-1.0,CE,2010-09-08 06:00:00,316,41.53109,1.80813
0.7,38.0,9.0,94.0,853.5,-1.0,-1.0,-1.0,-1.0,CG,2010-09-08 06:00:00,1405,42.37717,2.41456
1.8,244.0,10.6,98.0,911.8,-1.0,-1.0,-1.0,-1.0,CI,2010-09-08 06:00:00,852,42.25839,2.36429
0.4,84.0,13.0,75.0,943.5,-1.0,-1.0,-1.0,-1.0,CJ,2010-09-08 06:00:00,566.5,42.21624,1.33132
0.7,345.0,13.8,70.0,968.4,-1.0,-1.0,-1.0,-1.0,CL,2010-09-08 06:00:00,349,41.67399,1.76796
1.1,73.0,13.5,70.0,930.4,-1.0,-1.0,-1.0,-1.0,CP,2010-09-08 06:00:00,690,42.13924,1.03893
0.8,338.0,11.0,79.0,941.1,-1.0,-1.0,-1.0,-1.0,CQ,2010-09-08 06:00:00,594,41.99546,1.02569
0.2,26.0,9.9,99.0,910.4,-1.0,-1.0,-1.0,-1.0,CR,2010-09-08 06:00:00,873,42.08032,1.9624
0.5,357.0,8.1,97.0,915.8,-1.0,-1.0,-1.0,-1.0,CT,2010-09-08 06:00:00,823,42.39811,0.74362
0.4,210.0,9.7,90.0,897.8,-1.0,-1.0,-1.0,-1.0,CU,2010-09-08 06:00:00,1002,42.69856,0.79397
0.7,336.0,11.8,86.0,949.8,-1.0,-1.0,-1.0,-1.0,CV,2010-09-08 06:00:00,513.3,42.23939,0.96434
4.8,276.0,14.5,67.0,958.2,-1.0,-1.0,-1.0,-1.0,CW,2010-09-08 06:00:00,446,41.39241,1.09894
2.7,236.0,11.9,76.0,916.4,-1.0,-1.0,-1.0,-1.0,CY,2010-09-08 06:00:00,816,41.87813,2.17873
5.7,228.0,14.4,74.0,979.1,-1.0,-1.0,-1.0,-1.0,C6,2010-09-08 06:00:00,264,41.6566,0.95172
3.5,219.0,13.4,71.0,960.5,-1.0,-1.0,-1.0,-1.0,C7,2010-09-08 06:00:00,427,41.66695,1.16234
6.0,250.0,12.2,74.0,945.0,-1.0,-1.0,-1.0,-1.0,C8,2010-09-08 06:00:00,554,41.67555,1.29609
-1.0,-1.0,18.5,48.0,982.4,-1.0,-1.0,-1.0,-1.0,C9,2010-09-08 06:00:00,240,40.71825,0.39988
4.8,300.0,17.8,50.0,989.1,-1.0,-1.0,-1.0,-1.0,DB,2010-09-08 06:00:00,179,40.87287,0.71581
0.0,313.0,12.0,97.0,959.2,-1.0,-1.0,-1.0,-1.0,DC,2010-09-08 06:00:00,421.5,42.19144,2.48263
2.5,300.0,18.6,62.0,1002.8,-1.0,-1.0,-1.0,-1.0,DD,2010-09-08 06:00:00,44.5,41.51175,2.38674
0.8,177.0,14.0,92.0,1004.7,-1.0,-1.0,-1.0,-1.0,DF,2010-09-08 06:00:00,28.6,41.97751,3.03543
1.7,33.0,5.7,85.0,797.1,-1.0,-1.0,-1.0,-1.0,DG,2010-09-08 06:00:00,1971.4,42.39848,2.15517
3.1,158.0,16.1,56.0,960.8,-1.0,-1.0,-1.0,-1.0,DI,2010-09-08 06:00:00,415,41.43292,1.62386
1.2,325.0,15.2,92.0,987.4,-1.0,-1.0,-1.0,-1.0,DJ,2010-09-08 06:00:00,176,42.11653,2.78969
2.6,295.0,17.9,59.0,1008.4,-1.0,-1.0,-1.0,-1.0,DK,2010-09-08 06:00:00,2,41.14677,1.41846
2.9,316.0,19.3,56.0,1009.9,-1.0,-1.0,-1.0,-1.0,DL,2010-09-08 06:00:00,0.5,40.70719,0.83449
0.3,39.0,15.8,89.0,997.4,-1.0,-1.0,-1.0,-1.0,DM,2010-09-08 06:00:00,90,41.96012,2.80696
1.1,265.0,14.1,96.0,990.5,-1.0,-1.0,-1.0,-1.0,DN,2010-09-08 06:00:00,150,41.96095,2.63108
1.5,257.0,14.8,93.0,1006.4,-1.0,-1.0,-1.0,-1.0,DO,2010-09-08 06:00:00,14,41.80857,3.03241
2.3,44.0,10.5,72.0,885.5,-1.0,-1.0,-1.0,-1.0,DP,2010-09-08 06:00:00,1097,42.38605,1.8664
4.1,27.0,15.2,61.0,976.0,-1.0,-1.0,-1.0,-1.0,DQ,2010-09-08 06:00:00,287,41.30728,1.36259
-1.0,-1.0,12.2,86.0,964.3,-1.0,-1.0,-1.0,-1.0,D1,2010-09-08 06:00:00,404,41.28521,0.75383
-1.0,-1.0,13.5,81.0,969.1,-1.0,-1.0,-1.0,-1.0,D2,2010-09-08 06:00:00,343,41.59252,1.915
0.9,5.0,19.1,48.0,979.2,-1.0,-1.0,-1.0,-1.0,D3,2010-09-08 06:00:00,252,41.38197,1.93564
3.6,31.0,19.3,49.0,1004.7,-1.0,-1.0,-1.0,-1.0,D4,2010-09-08 06:00:00,24,42.27065,3.18165
2.7,293.0,15.2,58.0,961.1,-1.0,-1.0,-1.0,-1.0,D5,2010-09-08 06:00:00,411.2,41.41843,2.12388
12.9,0.0,17.1,52.0,984.5,-1.0,-1.0,-1.0,-1.0,D6,2010-09-08 06:00:00,196,42.43515,3.16622
0.8,316.0,16.8,62.0,1005.0,-1.0,-1.0,-1.0,-1.0,D7,2010-09-08 06:00:00,53,41.18499,0.59376
3.0,256.0,14.4,61.0,952.2,-1.0,-1.0,-1.0,-1.0,D8,2010-09-08 06:00:00,515,40.95134,0.30565
1.3,320.0,18.9,48.0,1002.0,-1.0,-1.0,-1.0,-1.0,D9,2010-09-08 06:00:00,59,41.21553,1.52121
5.8,283.0,14.8,68.0,970.2,-1.0,-1.0,-1.0,-1.0,H1,2010-09-08 06:00:00,333,41.58642,1.65306
1.6,116.0,13.4,86.0,984.2,-1.0,-1.0,-1.0,-1.0,R1,2010-09-08 06:00:00,210,41.70637,1.87276
-1.0,-1.0,18.7,54.0,-1.0,1.0,299.0,-1.0,-1.0,UA,2010-09-08 06:00:00,93,40.9091,0.76943
-1.0,-1.0,15.2,92.0,-1.0,0.9,298.0,-1.0,-1.0,UB,2010-09-08 06:00:00,15,42.05398,3.06195
-1.0,-1.0,14.4,94.0,-1.0,0.8,206.0,-1.0,-1.0,UC,2010-09-08 06:00:00,60,41.97726,2.99705
-1.0,-1.0,14.8,91.0,-1.0,-1.0,-1.0,-1.0,-1.0,UD,2010-09-08 06:00:00,12,42.02895,3.06227
-1.0,-1.0,15.3,94.0,-1.0,-1.0,-1.0,-1.0,-1.0,UE,2010-09-08 06:00:00,4,42.02306,3.15719
-1.0,-1.0,15.5,48.0,-1.0,2.6,292.0,-1.0,-1.0,UF,2010-09-08 06:00:00,573,41.28832,1.90775
-1.0,-1.0,19.0,58.0,-1.0,2.0,355.0,-1.0,-1.0,UG,2010-09-08 06:00:00,3,41.29928,2.03787
-1.0,-1.0,14.4,62.0,-1.0,1.1,301.0,2.1,299.0,UH,2010-09-08 06:00:00,545,41.34171,1.48769
-1.0,-1.0,10.9,80.0,-1.0,0.3,50.0,-1.0,-1.0,UI,2010-09-08 06:00:00,1386,42.26477,1.76218
-1.0,-1.0,12.2,73.0,-1.0,3.7,275.0,7.2,277.0,UJ,2010-09-08 06:00:00,709,41.52879,1.3683
-1.0,-1.0,16.6,57.0,-1.0,0.4,16.0,-1.0,-1.0,UK,2010-09-08 06:00:00,161,41.27861,1.80479
-1.0,-1.0,15.6,65.0,-1.0,2.5,233.0,-1.0,-1.0,UL,2010-09-08 06:00:00,228,41.52911,0.75303
-1.0,-1.0,13.6,69.0,-1.0,2.4,223.0,-1.0,-1.0,UM,2010-09-08 06:00:00,505,41.35991,0.66789
-1.0,-1.0,14.1,95.0,-1.0,0.5,90.0,-1.0,-1.0,UN,2010-09-08 06:00:00,171,41.87449,2.92694
-1.0,-1.0,14.0,94.0,-1.0,-1.0,-1.0,-1.0,-1.0,UO,2010-09-08 06:00:00,97,41.91461,2.82069
3.6,327.0,18.3,62.0,999.0,-1.0,-1.0,-1.0,-1.0,UP,2010-09-08 06:00:00,81,41.51773,2.37702
-1.0,-1.0,15.9,72.0,-1.0,0.3,118.0,-1.0,-1.0,UQ,2010-09-08 06:00:00,460,41.61991,2.44532
-1.0,-1.0,18.8,54.0,-1.0,1.2,288.0,-1.0,-1.0,US,2010-09-08 06:00:00,24,40.55786,0.52329
4.2,317.0,19.8,48.0,1010.0,-1.0,-1.0,-1.0,-1.0,UU,2010-09-08 06:00:00,3,40.70776,0.6321
-1.0,-1.0,19.0,45.0,-1.0,1.2,263.0,-1.0,-1.0,UV,2010-09-08 06:00:00,205,40.71727,0.41633
-1.0,-1.0,19.1,55.0,1011.0,1.9,346.0,-1.0,-1.0,UW,2010-09-08 06:00:00,0,40.62725,0.65922
-1.0,-1.0,19.2,44.0,-1.0,0.4,254.0,-1.0,-1.0,UX,2010-09-08 06:00:00,210,40.62652,0.37112
-1.0,-1.0,12.9,71.0,-1.0,0.4,238.0,0.7,213.0,UY,2010-09-08 06:00:00,576,41.87912,0.76103
-1.0,-1.0,18.2,61.0,-1.0,1.0,292.0,-1.0,-1.0,U1,2010-09-08 06:00:00,31,42.30648,2.95481
1.7,269.0,16.5,87.0,1008.0,-1.0,-1.0,-1.0,-1.0,U2,2010-09-08 06:00:00,4,42.17716,3.0968
-1.0,-1.0,17.4,53.0,-1.0,0.9,166.0,-1.0,-1.0,U3,2010-09-08 06:00:00,257,41.37491,1.63032
3.4,282.0,13.3,74.0,-1.0,2.4,280.0,-1.0,-1.0,U4,2010-09-08 06:00:00,507,41.83094,1.84699
-1.0,-1.0,10.3,72.0,-1.0,1.5,224.0,-1.0,-1.0,U5,2010-09-08 06:00:00,969,41.31349,0.99611
-1.0,-1.0,18.1,56.0,-1.0,1.8,254.0,-1.0,-1.0,U6,2010-09-08 06:00:00,29,41.08017,1.06661
-1.0,-1.0,19.1,44.0,-1.0,1.6,331.0,-1.0,-1.0,U7,2010-09-08 06:00:00,52,40.85936,0.50525
-1.0,-1.0,19.5,45.0,-1.0,1.5,287.0,-1.0,-1.0,U9,2010-09-08 06:00:00,62,40.76947,0.61635
-1.0,-1.0,16.4,59.0,-1.0,2.8,272.0,-1.0,-1.0,VA,2010-09-08 06:00:00,257,41.19645,0.51161
7.6,285.0,18.3,52.0,-1.0,-1.0,-1.0,-1.0,-1.0,VB,2010-09-08 06:00:00,32,41.06289,0.63517
-1.0,-1.0,18.4,57.0,-1.0,2.9,254.0,-1.0,-1.0,VC,2010-09-08 06:00:00,69,41.24415,0.43266
-1.0,-1.0,13.6,69.0,-1.0,6.2,238.0,-1.0,-1.0,VD,2010-09-08 06:00:00,429,41.68939,1.20381
-1.0,-1.0,16.6,63.0,-1.0,1.9,220.0,-1.0,-1.0,VE,2010-09-08 06:00:00,97,41.48692,0.46058
-1.0,-1.0,15.0,76.0,-1.0,0.3,212.0,-1.0,-1.0,VF,2010-09-08 06:00:00,122,41.56482,0.54999
-1.0,-1.0,14.9,68.0,-1.0,0.6,201.0,-1.0,-1.0,VH,2010-09-08 06:00:00,259,41.65814,0.39301
-1.0,-1.0,15.3,67.0,-1.0,1.5,218.0,-1.0,-1.0,VJ,2010-09-08 06:00:00,161,41.59957,0.6478
3.7,245.0,14.3,72.0,977.2,-1.0,-1.0,-1.0,-1.0,VK,2010-09-08 06:00:00,286,41.68328,0.4487
3.2,256.0,17.3,56.0,-1.0,1.8,242.0,-1.0,-1.0,VL,2010-09-08 06:00:00,100,41.46014,0.40562
-1.0,-1.0,15.0,68.0,-1.0,1.1,216.0,-1.0,-1.0,VM,2010-09-08 06:00:00,222,41.7145,0.62839
-1.0,-1.0,14.9,95.0,-1.0,-1.0,-1.0,-1.0,-1.0,VN,2010-09-08 06:00:00,117,41.88244,2.74262
-1.0,-1.0,10.2,88.0,-1.0,0.2,119.0,-1.0,-1.0,VO,2010-09-08 06:00:00,785,42.08745,1.42792
-1.0,-1.0,11.5,82.0,-1.0,2.8,264.0,3.9,274.0,VP,2010-09-08 06:00:00,659,41.80483,1.53853
3.6,226.0,16.6,62.0,995.0,-1.0,-1.0,-1.0,-1.0,VQ,2010-09-08 06:00:00,112,41.1713,1.16774
-1.0,-1.0,14.1,74.0,-1.0,1.0,217.0,-1.0,-1.0,VR,2010-09-08 06:00:00,291,41.68994,1.04401
4.6,38.0,1.5,96.0,771.8,-1.0,-1.0,-1.0,-1.0,VS,2010-09-08 06:00:00,2247,42.63835,0.77889
-1.0,-1.0,18.0,55.0,-1.0,2.4,262.0,-1.0,-1.0,VT,2010-09-08 06:00:00,84,41.48401,2.12745
-1.0,-1.0,14.2,72.0,-1.0,0.5,8.0,-1.0,-1.0,VU,2010-09-08 06:00:00,421,41.63286,1.91718
2.0,212.0,13.8,70.0,-1.0,-1.0,-1.0,-1.0,-1.0,VV,2010-09-08 06:00:00,528,41.68129,2.02647
-1.0,-1.0,11.4,69.0,-1.0,0.5,306.0,-1.0,-1.0,VX,2010-09-08 06:00:00,1030,41.74761,2.30291
-1.0,-1.0,16.4,63.0,-1.0,-1.0,-1.0,-1.0,-1.0,VY,2010-09-08 06:00:00,240,41.25095,1.29863
-1.0,-1.0,19.0,49.0,-1.0,-1.0,-1.0,-1.0,-1.0,VZ,2010-09-08 06:00:00,83,42.38443,3.00736
-1.0,-1.0,15.0,72.0,-1.0,2.8,231.0,-1.0,-1.0,V1,2010-09-08 06:00:00,238,41.78487,0.82939
-1.0,-1.0,12.7,96.0,-1.0,0.5,98.0,-1.0,-1.0,V3,2010-09-08 06:00:00,509,41.95224,2.23271
-1.0,-1.0,10.3,96.0,931.0,-1.0,-1.0,0.2,20.0,V4,2010-09-08 06:00:00,684,42.11477,2.21483
-1.0,-1.0,11.2,97.0,-1.0,0.3,190.0,0.5,182.0,V5,2010-09-08 06:00:00,774,42.03947,2.11993
-1.0,-1.0,14.7,72.0,-1.0,1.0,221.0,-1.0,-1.0,V8,2010-09-08 06:00:00,223,41.67279,0.87741
-1.0,-1.0,13.0,76.0,-1.0,2.7,263.0,-1.0,-1.0,WA,2010-09-08 06:00:00,443,41.87694,1.1541
-1.0,-1.0,13.8,72.0,-1.0,2.2,244.0,-1.0,-1.0,WB,2010-09-08 06:00:00,267,41.76036,0.67022
-1.0,-1.0,15.0,69.0,-1.0,1.9,236.0,-1.0,-1.0,WC,2010-09-08 06:00:00,261,41.63642,0.92446
-1.0,-1.0,15.5,60.0,-1.0,1.8,277.0,-1.0,-1.0,WD,2010-09-08 06:00:00,382,41.08671,0.31884
-1.0,-1.0,13.8,92.0,-1.0,0.7,76.0,-1.0,-1.0,WE,2010-09-08 06:00:00,126,41.5444,2.30014
-1.0,-1.0,15.3,94.0,-1.0,-1.0,-1.0,-1.0,-1.0,WF,2010-09-08 06:00:00,108,41.95425,2.77578
-1.0,-1.0,14.0,72.0,-1.0,1.1,275.0,-1.0,-1.0,WG,2010-09-08 06:00:00,301,41.80104,0.64804
-1.0,-1.0,15.1,62.0,-1.0,1.8,274.0,-1.0,-1.0,WI,2010-09-08 06:00:00,350,41.35741,0.4809
-1.0,-1.0,17.0,57.0,-1.0,6.2,317.0,-1.0,-1.0,WJ,2010-09-08 06:00:00,141,41.1223,0.72182
-1.0,-1.0,14.1,71.0,-1.0,1.4,285.0,-1.0,-1.0,WK,2010-09-08 06:00:00,268,41.81949,0.57768
-1.0,-1.0,14.0,70.0,-1.0,3.6,233.0,-1.0,-1.0,WL,2010-09-08 06:00:00,413,41.57236,1.0882
0.8,140.0,10.4,90.0,-1.0,-1.0,-1.0,-1.0,-1.0,WM,2010-09-08 06:00:00,1167,42.10736,1.8267
-1.0,-1.0,13.7,57.0,-1.0,-1.0,-1.0,2.4,349.0,WN,2010-09-08 06:00:00,916,41.59539,1.83751
-1.0,-1.0,17.7,51.0,-1.0,-1.0,-1.0,-1.0,-1.0,WO,2010-09-08 06:00:00,185,41.27151,1.46717
-1.0,-1.0,16.7,55.0,-1.0,1.1,274.0,-1.0,-1.0,WP,2010-09-08 06:00:00,325,41.48518,1.69337
5.9,22.0,7.5,85.0,836.9,-1.0,-1.0,-1.0,-1.0,WQ,2010-09-08 06:00:00,1572,42.0513,0.72952
-1.0,-1.0,16.1,61.0,-1.0,1.3,261.0,-1.0,-1.0,WR,2010-09-08 06:00:00,300,41.2163,0.79748
1.2,279.0,11.9,72.0,902.0,-1.0,-1.0,-1.0,-1.0,WS,2010-09-08 06:00:00,953,41.84008,2.41877
2.2,4.0,17.4,90.0,1008.0,-1.0,-1.0,-1.0,-1.0,WT,2010-09-08 06:00:00,2,41.64707,2.75658
-1.0,-1.0,19.6,49.0,1003.0,-1.0,-1.0,4.8,260.0,WU,2010-09-08 06:00:00,42,41.45215,2.24757
0.3,101.0,9.4,100.0,920.0,-1.0,-1.0,-1.0,-1.0,WV,2010-09-08 06:00:00,788,42.23414,1.87485
-1.0,-1.0,13.8,92.0,-1.0,-1.0,-1.0,-1.0,-1.0,WW,2010-09-08 06:00:00,278,41.79423,1.9368
-1.0,-1.0,12.3,73.0,-1.0,1.1,161.0,-1.0,-1.0,WX,2010-09-08 06:00:00,668,41.9178,0.88175
-1.0,-1.0,17.1,67.0,-1.0,0.8,113.0,-1.0,-1.0,WY,2010-09-08 06:00:00,164,41.43386,1.79429
1.5,283.0,19.3,50.0,1007.0,-1.0,-1.0,-1.0,-1.0,WZ,2010-09-08 06:00:00,17,41.20187,1.63346
-1.0,-1.0,16.4,90.0,-1.0,-1.0,-1.0,-1.0,-1.0,W1,2010-09-08 06:00:00,2,42.24726,3.09021
-1.0,-1.0,15.6,92.0,-1.0,-1.0,-1.0,-1.0,-1.0,W2,2010-09-08 06:00:00,7,42.18259,3.05783
-1.0,-1.0,16.6,85.0,-1.0,-1.0,-1.0,-1.0,-1.0,W3,2010-09-08 06:00:00,4,42.15006,3.06494
-1.0,-1.0,18.2,53.0,-1.0,1.0,194.0,-1.0,-1.0,W4,2010-09-08 06:00:00,240,41.36619,1.72857
-1.0,-1.0,12.4,78.0,-1.0,0.6,136.0,-1.0,-1.0,W5,2010-09-08 06:00:00,490,42.07683,1.31489
-1.0,-1.0,17.4,59.0,-1.0,1.1,290.0,-1.0,-1.0,W6,2010-09-08 06:00:00,158,41.13738,1.0187
-1.0,-1.0,14.6,65.0,-1.0,-1.0,-1.0,-1.0,-1.0,W8,2010-09-08 06:00:00,438,41.44237,1.15998
-1.0,-1.0,12.6,100.0,-1.0,0.7,330.0,-1.0,-1.0,W9,2010-09-08 06:00:00,461,42.14557,2.45451
6.5,290.0,11.2,77.0,920.1,-1.0,-1.0,-1.0,-1.0,XA,2010-09-08 06:00:00,785,41.60257,1.4007
-1.0,-1.0,13.7,66.0,-1.0,-1.0,-1.0,-1.0,-1.0,XB,2010-09-08 06:00:00,584,41.4779,1.53529
3.4,332.0,17.4,55.0,992.1,-1.0,-1.0,-1.0,-1.0,XC,2010-09-08 06:00:00,147,41.47892,1.97546
4.3,283.0,12.0,74.0,931.5,-1.0,-1.0,-1.0,-1.0,XD,2010-09-08 06:00:00,687,41.32,0.8857
4.8,259.0,18.9,56.0,1008.3,-1.0,-1.0,-1.0,-1.0,XE,2010-09-08 06:00:00,5,41.10393,1.201
2.8,254.0,16.5,64.0,978.6,-1.0,-1.0,-1.0,-1.0,XF,2010-09-08 06:00:00,258,41.56568,2.06952
0.5,53.0,16.8,78.0,994.8,-1.0,-1.0,-1.0,-1.0,XG,2010-09-08 06:00:00,123,41.56734,2.22619
-1.0,-1.0,11.1,88.0,931.7,-1.0,-1.0,-1.0,-1.0,XH,2010-09-08 06:00:00,679,42.40533,1.12993
-1.0,-1.0,15.2,67.0,981.8,2.9,236.0,-1.0,-1.0,XI,2010-09-08 06:00:00,247,41.61817,0.87182
6.8,293.0,15.2,68.0,969.5,-1.0,-1.0,-1.0,-1.0,X1,2010-09-08 06:00:00,359,41.15374,0.81953
-1.0,-1.0,20.4,49.0,-1.0,-1.0,-1.0,-1.0,-1.0,X2,2010-09-08 06:00:00,7,41.38943,2.18847
4.8,259.0,12.7,81.0,967.0,-1.0,-1.0,-1.0,-1.0,X3,2010-09-08 06:00:00,370,41.74281,0.5358
4.0,326.0,20.4,49.0,1004.4,-1.0,-1.0,-1.0,-1.0,X4,2010-09-08 06:00:00,33,41.3839,2.16775
7.0,268.0,9.2,74.0,893.9,-1.0,-1.0,-1.0,-1.0,X5,2010-09-08 06:00:00,1055,40.79705,0.31822
-1.0,-1.0,14.0,70.0,-1.0,0.6,171.0,-1.0,-1.0,X6,2010-09-08 06:00:00,366,41.92173,1.02901
-1.0,-1.0,15.8,67.0,-1.0,3.1,233.0,-1.0,-1.0,X7,2010-09-08 06:00:00,215,41.51909,0.55314
3.6,313.0,18.5,51.0,998.9,-1.0,-1.0,-1.0,-1.0,X8,2010-09-08 06:00:00,79,41.37919,2.1054
0.6,4.0,15.4,86.0,989.0,-1.0,-1.0,-1.0,-1.0,X9,2010-09-08 06:00:00,176,41.61265,2.16836
3.3,8.0,0.7,99.0,-1.0,-1.0,-1.0,-1.0,-1.0,ZB,2010-09-08 06:00:00,2451,42.51939,1.36597
-1.0,-1.0,1.3,100.0,-1.0,-1.0,-1.0,4.1,261.0,Z1,2010-09-08 06:00:00,2266,42.64691,0.98486
-1.0,-1.0,0.9,85.0,-1.0,-1.0,-1.0,2.8,300.0,Z2,2010-09-08 06:00:00,2535,42.46602,0.88405
-1.0,-1.0,3.9,94.0,-1.0,-1.0,-1.0,0.1,250.0,Z3,2010-09-08 06:00:00,2230,42.46605,1.7785
-1.0,-1.0,3.4,96.0,-1.0,-1.0,-1.0,0.2,262.0,Z4,2010-09-08 06:00:00,2364,42.42205,2.2524
-1.0,-1.0,0.9,89.0,-1.0,-1.0,-1.0,1.2,222.0,Z5,2010-09-08 06:00:00,2400,42.70029,1.27201
-1.0,-1.0,0.5,98.0,-1.0,-1.0,-1.0,0.5,3.0,Z6,2010-09-08 06:00:00,2228,42.77011,0.73198
1.9,197.0,1.2,74.0,-1.0,-1.0,-1.0,-1.0,-1.0,Z7,2010-09-08 06:00:00,2519,42.53412,1.05476
-1.0,-1.0,2.5,100.0,-1.0,-1.0,-1.0,6.1,317.0,Z8,2010-09-08 06:00:00,2316,42.18254,1.52407
0.5,262.0,4.8,90.0,-1.0,-1.0,-1.0,-1.0,-1.0,Z9,2010-09-08 06:00:00,2143,42.29265,1.71498
2.3,276.0,12.6,78.0,930.1,-1.0,-1.0,-1.0,-1.0,CA,2010-09-08 06:30:00,693,41.95378,1.5851
0.4,129.0,10.9,96.0,937.2,-1.0,-1.0,-1.0,-1.0,CC,2010-09-08 06:30:00,626,42.07398,2.20862
1.3,41.0,12.7,70.0,912.6,-1.0,-1.0,-1.0,-1.0,CD,2010-09-08 06:30:00,849,42.37083,1.43277
4.4,295.0,15.8,62.0,972.3,-1.0,-1.0,-1.0,-1.0,CE,2010-09-08 06:30:00,316,41.53109,1.80813
1.3,5.0,9.3,88.0,853.7,-1.0,-1.0,-1.0,-1.0,CG,2010-09-08 06:30:00,1405,42.37717,2.41456
1.6,241.0,10.8,98.0,912.0,-1.0,-1.0,-1.0,-1.0,CI,2010-09-08 06:30:00,852,42.25839,2.36429
0.9,160.0,13.5,77.0,943.7,-1.0,-1.0,-1.0,-1.0,CJ,2010-09-08 06:30:00,566.5,42.21624,1.33132
1.3,30.0,14.9,69.0,968.7,-1.0,-1.0,-1.0,-1.0,CL,2010-09-08 06:30:00,349,41.67399,1.76796
0.6,207.0,14.3,68.0,930.7,-1.0,-1.0,-1.0,-1.0,CP,2010-09-08 06:30:00,690,42.13924,1.03893
0.3,3.0,10.6,82.0,941.5,-1.0,-1.0,-1.0,-1.0,CQ,2010-09-08 06:30:00,594,41.99546,1.02569
0.5,286.0,10.1,99.0,910.7,-1.0,-1.0,-1.0,-1.0,CR,2010-09-08 06:30:00,873,42.08032,1.9624
0.6,8.0,8.3,98.0,916.2,-1.0,-1.0,-1.0,-1.0,CT,2010-09-08 06:30:00,823,42.39811,0.74362
0.8,187.0,10.0,89.0,897.8,-1.0,-1.0,-1.0,-1.0,CU,2010-09-08 06:30:00,1002,42.69856,0.79397
0.6,7.0,13.2,81.0,950.2,-1.0,-1.0,-1.0,-1.0,CV,2010-09-08 06:30:00,513.3,42.23939,0.96434
6.2,270.0,15.2,64.0,958.3,-1.0,-1.0,-1.0,-1.0,CW,2010-09-08 06:30:00,446,41.39241,1.09894
4.0,240.0,12.2,72.0,916.6,-1.0,-1.0,-1.0,-1.0,CY,2010-09-08 06:30:00,816,41.87813,2.17873
5.9,228.0,15.4,70.0,979.5,-1.0,-1.0,-1.0,-1.0,C6,2010-09-08 06:30:00,264,41.6566,0.95172
6.1,242.0,14.2,68.0,960.8,-1.0,-1.0,-1.0,-1.0,C7,2010-09-08 06:30:00,427,41.66695,1.16234
5.9,256.0,12.7,73.0,945.4,-1.0,-1.0,-1.0,-1.0,C8,2010-09-08 06:30:00,554,41.67555,1.29609
-1.0,-1.0,19.0,45.0,982.6,-1.0,-1.0,-1.0,-1.0,C9,2010-09-08 06:30:00,240,40.71825,0.39988
3.9,301.0,18.2,47.0,989.5,-1.0,-1.0,-1.0,-1.0,DB,2010-09-08 06:30:00,179,40.87287,0.71581
0.4,196.0,13.5,95.0,959.5,-1.0,-1.0,-1.0,-1.0,DC,2010-09-08 06:30:00,421.5,42.19144,2.48263
1.8,263.0,19.6,59.0,1003.2,-1.0,-1.0,-1.0,-1.0,DD,2010-09-08 06:30:00,44.5,41.51175,2.38674
0.4,173.0,14.8,91.0,1005.1,-1.0,-1.0,-1.0,-1.0,DF,2010-09-08 06:30:00,28.6,41.97751,3.03543
1.1,38.0,5.9,82.0,797.2,-1.0,-1.0,-1.0,-1.0,DG,2010-09-08 06:30:00,1971.4,42.39848,2.15517
3.4,189.0,16.6,55.0,961.1,-1.0,-1.0,-1.0,-1.0,DI,2010-09-08 06:30:00,415,41.43292,1.62386
1.5,324.0,15.5,91.0,987.8,-1.0,-1.0,-1.0,-1.0,DJ,2010-09-08 06:30:00,176,42.11653,2.78969
1.2,356.0,19.2,56.0,1008.8,-1.0,-1.0,-1.0,-1.0,DK,2010-09-08 06:30:00,2,41.14677,1.41846
2.6,331.0,20.3,50.0,1010.3,-1.0,-1.0,-1.0,-1.0,DL,2010-09-08 06:30:00,0.5,40.70719,0.83449
0.6,78.0,16.6,82.0,997.7,-1.0,-1.0,-1.0,-1.0,DM,2010-09-08 06:30:00,90,41.96012,2.80696
0.7,342.0,14.9,92.0,990.8,-1.0,-1.0,-1.0,-1.0,DN,2010-09-08 06:30:00,150,41.96095,2.63108
1.6,270.0,15.6,91.0,1006.9,-1.0,-1.0,-1.0,-1.0,DO,2010-09-08 06:30:00,14,41.80857,3.03241
0.8,35.0,10.7,76.0,885.8,-1.0,-1.0,-1.0,-1.0,DP,2010-09-08 06:30:00,1097,42.38605,1.8664
4.4,341.0,16.0,58.0,976.4,-1.0,-1.0,-1.0,-1.0,DQ,2010-09-08 06:30:00,287,41.30728,1.36259
-1.0,-1.0,13.7,78.0,964.6,-1.0,-1.0,-1.0,-1.0,D1,2010-09-08 06:30:00,404,41.28521,0.75383
-1.0,-1.0,13.8,82.0,969.4,-1.0,-1.0,-1.0,-1.0,D2,2010-09-08 06:30:00,343,41.59252,1.915
1.1,352.0,19.1,50.0,979.5,-1.0,-1.0,-1.0,-1.0,D3,2010-09-08 06:30:00,252,41.38197,1.93564
3.9,30.0,19.9,46.0,1005.2,-1.0,-1.0,-1.0,-1.0,D4,2010-09-08 06:30:00,24,42.27065,3.18165
3.5,309.0,15.3,58.0,961.4,-1.0,-1.0,-1.0,-1.0,D5,2010-09-08 06:30:00,411.2,41.41843,2.12388
13.0,7.0,16.9,52.0,984.7,-1.0,-1.0,-1.0,-1.0,D6,2010-09-08 06:30:00,196,42.43515,3.16622
2.4,302.0,17.9,57.0,1005.3,-1.0,-1.0,-1.0,-1.0,D7,2010-09-08 06:30:00,53,41.18499,0.59376
3.0,255.0,15.2,58.0,952.5,-1.0,-1.0,-1.0,-1.0,D8,2010-09-08 06:30:00,515,40.95134,0.30565
1.6,301.0,19.6,47.0,1002.4,-1.0,-1.0,-1.0,-1.0,D9,2010-09-08 06:30:00,59,41.21553,1.52121
5.1,287.0,15.4,66.0,970.5,-1.0,-1.0,-1.0,-1.0,H1,2010-09-08 06:30:00,333,41.58642,1.65306
2.2,23.0,14.6,78.0,984.5,-1.0,-1.0,-1.0,-1.0,R1,2010-09-08 06:30:00,210,41.70637,1.87276
4.3,227.0,17.7,57.0,996.0,-1.0,-1.0,-1.0,-1.0,VQ,2010-09-08 06:30:00,112,41.1713,1.16774
4.2,37.0,1.8,93.0,772.1,-1.0,-1.0,-1.0,-1.0,VS,2010-09-08 06:30:00,2247,42.63835,0.77889
-1.0,-1.0,19.5,51.0,1004.0,-1.0,-1.0,3.7,249.0,WU,2010-09-08 06:30:00,42,41.45215,2.24757
2.2,301.0,20.7,45.0,1007.0,-1.0,-1.0,-1.0,-1.0,WZ,2010-09-08 06:30:00,17,41.20187,1.63346
7.3,289.0,11.4,77.0,920.2,-1.0,-1.0,-1.0,-1.0,XA,2010-09-08 06:30:00,785,41.60257,1.4007
2.8,325.0,18.2,54.0,992.5,-1.0,-1.0,-1.0,-1.0,XC,2010-09-08 06:30:00,147,41.47892,1.97546
4.5,282.0,12.6,71.0,931.9,-1.0,-1.0,-1.0,-1.0,XD,2010-09-08 06:30:00,687,41.32,0.8857
4.9,258.0,19.4,54.0,1008.6,-1.0,-1.0,-1.0,-1.0,XE,2010-09-08 06:30:00,5,41.10393,1.201
2.7,247.0,17.2,62.0,978.9,-1.0,-1.0,-1.0,-1.0,XF,2010-09-08 06:30:00,258,41.56568,2.06952
0.5,350.0,17.4,76.0,995.2,-1.0,-1.0,-1.0,-1.0,XG,2010-09-08 06:30:00,123,41.56734,2.22619
-1.0,-1.0,11.1,88.0,932.0,-1.0,-1.0,-1.0,-1.0,XH,2010-09-08 06:30:00,679,42.40533,1.12993
3.6,318.0,18.9,50.0,999.3,-1.0,-1.0,-1.0,-1.0,X8,2010-09-08 06:30:00,79,41.37919,2.1054
3.9,9.0,0.7,99.0,-1.0,-1.0,-1.0,-1.0,-1.0,ZB,2010-09-08 06:30:00,2451,42.51939,1.36597
-1.0,-1.0,1.2,100.0,-1.0,-1.0,-1.0,3.5,264.0,Z1,2010-09-08 06:30:00,2266,42.64691,0.98486
-1.0,-1.0,1.2,78.0,-1.0,-1.0,-1.0,3.1,300.0,Z2,2010-09-08 06:30:00,2535,42.46602,0.88405
-1.0,-1.0,4.1,93.0,-1.0,-1.0,-1.0,0.1,259.0,Z3,2010-09-08 06:30:00,2230,42.46605,1.7785
-1.0,-1.0,5.1,90.0,-1.0,-1.0,-1.0,0.9,105.0,Z4,2010-09-08 06:30:00,2364,42.42205,2.2524
-1.0,-1.0,1.1,86.0,-1.0,-1.0,-1.0,1.1,248.0,Z5,2010-09-08 06:30:00,2400,42.70029,1.27201
-1.0,-1.0,0.5,98.0,-1.0,-1.0,-1.0,0.6,47.0,Z6,2010-09-08 06:30:00,2228,42.77011,0.73198
2.8,184.0,1.8,72.0,-1.0,-1.0,-1.0,-1.0,-1.0,Z7,2010-09-08 06:30:00,2519,42.53412,1.05476
-1.0,-1.0,2.6,97.0,-1.0,-1.0,-1.0,5.5,316.0,Z8,2010-09-08 06:30:00,2316,42.18254,1.52407
0.6,353.0,5.0,90.0,-1.0,-1.0,-1.0,-1.0,-1.0,Z9,2010-09-08 06:30:00,2143,42.29265,1.71498
2.4,266.0,13.4,74.0,930.3,-1.0,-1.0,-1.0,-1.0,CA,2010-09-08 07:00:00,693,41.95378,1.5851
0.5,97.0,11.9,96.0,937.4,-1.0,-1.0,-1.0,-1.0,CC,2010-09-08 07:00:00,626,42.07398,2.20862
0.8,104.0,14.5,64.0,912.7,-1.0,-1.0,-1.0,-1.0,CD,2010-09-08 07:00:00,849,42.37083,1.43277
5.3,296.0,16.5,59.0,972.6,-1.0,-1.0,-1.0,-1.0,CE,2010-09-08 07:00:00,316,41.53109,1.80813
1.7,7.0,9.6,87.0,854.0,-1.0,-1.0,-1.0,-1.0,CG,2010-09-08 07:00:00,1405,42.37717,2.41456
1.6,242.0,12.7,98.0,912.3,-1.0,-1.0,-1.0,-1.0,CI,2010-09-08 07:00:00,852,42.25839,2.36429
1.0,144.0,15.1,70.0,943.8,-1.0,-1.0,-1.0,-1.0,CJ,2010-09-08 07:00:00,566.5,42.21624,1.33132
0.8,76.0,16.4,62.0,969.1,-1.0,-1.0,-1.0,-1.0,CL,2010-09-08 07:00:00,349,41.67399,1.76796
1.5,278.0,15.1,63.0,931.0,-1.0,-1.0,-1.0,-1.0,CP,2010-09-08 07:00:00,690,42.13924,1.03893
0.5,16.0,10.8,83.0,941.8,-1.0,-1.0,-1.0,-1.0,CQ,2010-09-08 07:00:00,594,41.99546,1.02569
0.4,86.0,10.6,99.0,910.9,-1.0,-1.0,-1.0,-1.0,CR,2010-09-08 07:00:00,873,42.08032,1.9624
0.3,20.0,9.1,98.0,916.2,-1.0,-1.0,-1.0,-1.0,CT,2010-09-08 07:00:00,823,42.39811,0.74362
0.1,200.0,10.6,86.0,897.8,-1.0,-1.0,-1.0,-1.0,CU,2010-09-08 07:00:00,1002,42.69856,0.79397
0.4,110.0,16.0,68.0,950.3,-1.0,-1.0,-1.0,-1.0,CV,2010-09-08 07:00:00,513.3,42.23939,0.96434
7.1,270.0,15.7,61.0,958.5,-1.0,-1.0,-1.0,-1.0,CW,2010-09-08 07:00:00,446,41.39241,1.09894
2.6,254.0,13.0,69.0,916.8,-1.0,-1.0,-1.0,-1.0,CY,2010-09-08 07:00:00,816,41.87813,2.17873
6.9,233.0,16.1,66.0,979.7,-1.0,-1.0,-1.0,-1.0,C6,2010-09-08 07:00:00,264,41.6566,0.95172
6.8,245.0,15.0,65.0,961.1,-1.0,-1.0,-1.0,-1.0,C7,2010-09-08 07:00:00,427,41.66695,1.16234
5.7,262.0,13.4,70.0,945.6,-1.0,-1.0,-1.0,-1.0,C8,2010-09-08 07:00:00,554,41.67555,1.29609
-1.0,-1.0,19.6,45.0,982.9,-1.0,-1.0,-1.0,-1.0,C9,2010-09-08 07:00:00,240,40.71825,0.39988
4.0,303.0,18.9,44.0,989.7,-1.0,-1.0,-1.0,-1.0,DB,2010-09-08 07:00:00,179,40.87287,0.71581
0.3,185.0,15.6,87.0,959.7,-1.0,-1.0,-1.0,-1.0,DC,2010-09-08 07:00:00,421.5,42.19144,2.48263
2.2,292.0,20.4,56.0,1003.4,-1.0,-1.0,-1.0,-1.0,DD,2010-09-08 07:00:00,44.5,41.51175,2.38674
0.3,127.0,16.0,87.0,1005.5,-1.0,-1.0,-1.0,-1.0,DF,2010-09-08 07:00:00,28.6,41.97751,3.03543
1.2,348.0,6.8,75.0,797.4,-1.0,-1.0,-1.0,-1.0,DG,2010-09-08 07:00:00,1971.4,42.39848,2.15517
3.7,277.0,17.2,52.0,961.6,-1.0,-1.0,-1.0,-1.0,DI,2010-09-08 07:00:00,415,41.43292,1.62386
0.9,343.0,16.1,90.0,988.1,-1.0,-1.0,-1.0,-1.0,DJ,2010-09-08 07:00:00,176,42.11653,2.78969
1.6,338.0,19.9,53.0,1009.1,-1.0,-1.0,-1.0,-1.0,DK,2010-09-08 07:00:00,2,41.14677,1.41846
1.9,335.0,21.3,47.0,1010.6,-1.0,-1.0,-1.0,-1.0,DL,2010-09-08 07:00:00,0.5,40.70719,0.83449
0.3,58.0,18.2,75.0,998.0,-1.0,-1.0,-1.0,-1.0,DM,2010-09-08 07:00:00,90,41.96012,2.80696
0.5,78.0,16.7,86.0,991.0,-1.0,-1.0,-1.0,-1.0,DN,2010-09-08 07:00:00,150,41.96095,2.63108
1.4,269.0,17.0,88.0,1007.0,-1.0,-1.0,-1.0,-1.0,DO,2010-09-08 07:00:00,14,41.80857,3.03241
1.5,1.0,11.8,72.0,885.9,-1.0,-1.0,-1.0,-1.0,DP,2010-09-08 07:00:00,1097,42.38605,1.8664
3.9,335.0,16.7,57.0,976.7,-1.0,-1.0,-1.0,-1.0,DQ,2010-09-08 07:00:00,287,41.30728,1.36259
-1.0,-1.0,15.3,67.0,964.8,-1.0,-1.0,-1.0,-1.0,D1,2010-09-08 07:00:00,404,41.28521,0.75383
-1.0,-1.0,14.9,77.0,969.6,-1.0,-1.0,-1.0,-1.0,D2,2010-09-08 07:00:00,343,41.59252,1.915
1.2,334.0,19.4,49.0,979.7,-1.0,-1.0,-1.0,-1.0,D3,2010-09-08 07:00:00,252,41.38197,1.93564
4.9,29.0,20.0,45.0,1005.6,-1.0,-1.0,-1.0,-1.0,D4,2010-09-08 07:00:00,24,42.27065,3.18165
3.6,298.0,15.8,55.0,961.6,-1.0,-1.0,-1.0,-1.0,D5,2010-09-08 07:00:00,411.2,41.41843,2.12388
9.6,4.0,15.7,62.0,985.6,-1.0,-1.0,-1.0,-1.0,D6,2010-09-08 07:00:00,196,42.43515,3.16622
2.9,300.0,18.8,54.0,1005.4,-1.0,-1.0,-1.0,-1.0,D7,2010-09-08 07:00:00,53,41.18499,0.59376
3.8,269.0,15.9,55.0,952.5,-1.0,-1.0,-1.0,-1.0,D8,2010-09-08 07:00:00,515,40.95134,0.30565
1.8,189.0,20.0,47.0,1002.7,-1.0,-1.0,-1.0,-1.0,D9,2010-09-08 07:00:00,59,41.21553,1.52121
3.9,294.0,16.2,63.0,970.9,-1.0,-1.0,-1.0,-1.0,H1,2010-09-08 07:00:00,333,41.58642,1.65306
3.3,335.0,16.4,66.0,984.9,-1.0,-1.0,-1.0,-1.0,R1,2010-09-08 07:00:00,210,41.70637,1.87276
-1.0,-1.0,19.9,49.0,-1.0,2.4,285.0,-1.0,-1.0,UA,2010-09-08 07:00:00,93,40.9091,0.76943
-1.0,-1.0,16.9,86.0,-1.0,0.5,295.0,-1.0,-1.0,UB,2010-09-08 07:00:00,15,42.05398,3.06195
-1.0,-1.0,17.0,86.0,-1.0,0.4,166.0,-1.0,-1.0,UC,2010-09-08 07:00:00,60,41.97726,2.99705
-1.0,-1.0,16.8,88.0,-1.0,-1.0,-1.0,-1.0,-1.0,UD,2010-09-08 07:00:00,12,42.02895,3.06227
-1.0,-1.0,16.5,92.0,-1.0,-1.0,-1.0,-1.0,-1.0,UE,2010-09-08 07:00:00,4,42.02306,3.15719
-1.0,-1.0,16.4,46.0,-1.0,2.4,286.0,-1.0,-1.0,UF,2010-09-08 07:00:00,573,41.28832,1.90775
-1.0,-1.0,21.0,50.0,-1.0,1.5,9.0,-1.0,-1.0,UG,2010-09-08 07:00:00,3,41.29928,2.03787
-1.0,-1.0,15.3,61.0,-1.0,1.9,250.0,4.0,262.0,UH,2010-09-08 07:00:00,545,41.34171,1.48769
-1.0,-1.0,13.5,68.0,-1.0,0.5,51.0,-1.0,-1.0,UI,2010-09-08 07:00:00,1386,42.26477,1.76218
-1.0,-1.0,13.5,69.0,-1.0,3.9,282.0,8.7,285.0,UJ,2010-09-08 07:00:00,709,41.52879,1.3683
-1.0,-1.0,20.6,43.0,-1.0,0.4,93.0,-1.0,-1.0,UK,2010-09-08 07:00:00,161,41.27861,1.80479
-1.0,-1.0,17.0,58.0,-1.0,2.7,240.0,-1.0,-1.0,UL,2010-09-08 07:00:00,228,41.52911,0.75303
-1.0,-1.0,15.1,61.0,-1.0,2.5,239.0,-1.0,-1.0,UM,2010-09-08 07:00:00,505,41.35991,0.66789
-1.0,-1.0,18.5,78.0,-1.0,0.7,107.0,-1.0,-1.0,UN,2010-09-08 07:00:00,171,41.87449,2.92694
-1.0,-1.0,16.6,89.0,-1.0,-1.0,-1.0,-1.0,-1.0,UO,2010-09-08 07:00:00,97,41.91461,2.82069
3.0,325.0,20.0,56.0,999.0,-1.0,-1.0,-1.0,-1.0,UP,2010-09-08 07:00:00,81,41.51773,2.37702
-1.0,-1.0,17.2,58.0,-1.0,0.7,285.0,-1.0,-1.0,UQ,2010-09-08 07:00:00,460,41.61991,2.44532
-1.0,-1.0,21.6,42.0,-1.0,1.7,282.0,-1.0,-1.0,US,2010-09-08 07:00:00,24,40.55786,0.52329
4.2,311.0,21.4,42.0,1011.0,-1.0,-1.0,-1.0,-1.0,UU,2010-09-08 07:00:00,3,40.70776,0.6321
-1.0,-1.0,20.2,40.0,-1.0,1.4,313.0,-1.0,-1.0,UV,2010-09-08 07:00:00,205,40.71727,0.41633
-1.0,-1.0,20.7,45.0,1011.0,2.5,341.0,-1.0,-1.0,UW,2010-09-08 07:00:00,0,40.62725,0.65922
-1.0,-1.0,20.5,38.0,-1.0,2.5,321.0,-1.0,-1.0,UX,2010-09-08 07:00:00,210,40.62652,0.37112
-1.0,-1.0,14.5,68.0,-1.0,0.8,223.0,1.3,224.0,UY,2010-09-08 07:00:00,576,41.87912,0.76103
-1.0,-1.0,19.0,63.0,-1.0,0.5,23.0,-1.0,-1.0,U1,2010-09-08 07:00:00,31,42.30648,2.95481
1.3,314.0,19.3,69.0,1009.0,-1.0,-1.0,-1.0,-1.0,U2,2010-09-08 07:00:00,4,42.17716,3.0968
-1.0,-1.0,18.8,48.0,-1.0,1.4,258.0,-1.0,-1.0,U3,2010-09-08 07:00:00,257,41.37491,1.63032
3.2,270.0,14.2,73.0,-1.0,2.2,269.0,-1.0,-1.0,U4,2010-09-08 07:00:00,507,41.83094,1.84699
-1.0,-1.0,11.4,70.0,-1.0,2.0,226.0,-1.0,-1.0,U5,2010-09-08 07:00:00,969,41.31349,0.99611
-1.0,-1.0,19.1,52.0,-1.0,2.9,270.0,-1.0,-1.0,U6,2010-09-08 07:00:00,29,41.08017,1.06661
-1.0,-1.0,20.4,41.0,-1.0,2.0,340.0,-1.0,-1.0,U7,2010-09-08 07:00:00,52,40.85936,0.50525
-1.0,-1.0,21.2,40.0,-1.0,1.4,306.0,-1.0,-1.0,U9,2010-09-08 07:00:00,62,40.76947,0.61635
-1.0,-1.0,17.9,54.0,-1.0,2.7,283.0,-1.0,-1.0,VA,2010-09-08 07:00:00,257,41.19645,0.51161
8.1,296.0,19.6,47.0,-1.0,-1.0,-1.0,-1.0,-1.0,VB,2010-09-08 07:00:00,32,41.06289,0.63517
-1.0,-1.0,19.3,53.0,-1.0,3.4,252.0,-1.0,-1.0,VC,2010-09-08 07:00:00,69,41.24415,0.43266
-1.0,-1.0,14.9,63.0,-1.0,6.7,250.0,-1.0,-1.0,VD,2010-09-08 07:00:00,429,41.68939,1.20381
-1.0,-1.0,18.5,57.0,-1.0,3.2,231.0,-1.0,-1.0,VE,2010-09-08 07:00:00,97,41.48692,0.46058
-1.0,-1.0,18.7,60.0,-1.0,0.4,221.0,-1.0,-1.0,VF,2010-09-08 07:00:00,122,41.56482,0.54999
-1.0,-1.0,16.4,63.0,-1.0,1.9,258.0,-1.0,-1.0,VH,2010-09-08 07:00:00,259,41.65814,0.39301
-1.0,-1.0,17.2,58.0,-1.0,2.3,235.0,-1.0,-1.0,VJ,2010-09-08 07:00:00,161,41.59957,0.6478
4.6,269.0,16.2,65.0,977.7,-1.0,-1.0,-1.0,-1.0,VK,2010-09-08 07:00:00,286,41.68328,0.4487
2.9,268.0,18.9,51.0,-1.0,1.6,250.0,-1.0,-1.0,VL,2010-09-08 07:00:00,100,41.46014,0.40562
-1.0,-1.0,17.0,59.0,-1.0,2.0,275.0,-1.0,-1.0,VM,2010-09-08 07:00:00,222,41.7145,0.62839
-1.0,-1.0,17.6,91.0,-1.0,-1.0,-1.0,-1.0,-1.0,VN,2010-09-08 07:00:00,117,41.88244,2.74262
-1.0,-1.0,11.3,84.0,-1.0,0.7,166.0,-1.0,-1.0,VO,2010-09-08 07:00:00,785,42.08745,1.42792
-1.0,-1.0,12.6,78.0,-1.0,4.2,270.0,5.7,279.0,VP,2010-09-08 07:00:00,659,41.80483,1.53853
2.9,298.0,19.3,50.0,996.0,-1.0,-1.0,-1.0,-1.0,VQ,2010-09-08 07:00:00,112,41.1713,1.16774
-1.0,-1.0,15.9,67.0,-1.0,1.2,227.0,-1.0,-1.0,VR,2010-09-08 07:00:00,291,41.68994,1.04401
2.2,31.0,3.0,82.0,772.2,-1.0,-1.0,-1.0,-1.0,VS,2010-09-08 07:00:00,2247,42.63835,0.77889
-1.0,-1.0,19.0,52.0,-1.0,2.3,261.0,-1.0,-1.0,VT,2010-09-08 07:00:00,84,41.48401,2.12745
-1.0,-1.0,17.0,62.0,-1.0,0.2,359.0,-1.0,-1.0,VU,2010-09-08 07:00:00,421,41.63286,1.91718
2.1,151.0,14.2,70.0,-1.0,-1.0,-1.0,-1.0,-1.0,VV,2010-09-08 07:00:00,528,41.68129,2.02647
-1.0,-1.0,12.3,66.0,-1.0,0.2,296.0,-1.0,-1.0,VX,2010-09-08 07:00:00,1030,41.74761,2.30291
-1.0,-1.0,19.5,52.0,-1.0,-1.0,-1.0,-1.0,-1.0,VY,2010-09-08 07:00:00,240,41.25095,1.29863
-1.0,-1.0,19.1,51.0,-1.0,-1.0,-1.0,-1.0,-1.0,VZ,2010-09-08 07:00:00,83,42.38443,3.00736
-1.0,-1.0,16.6,64.0,-1.0,3.1,243.0,-1.0,-1.0,V1,2010-09-08 07:00:00,238,41.78487,0.82939
-1.0,-1.0,13.9,93.0,-1.0,0.8,195.0,-1.0,-1.0,V3,2010-09-08 07:00:00,509,41.95224,2.23271
-1.0,-1.0,11.5,96.0,932.0,-1.0,-1.0,0.3,259.0,V4,2010-09-08 07:00:00,684,42.11477,2.21483
-1.0,-1.0,11.7,95.0,-1.0,0.5,200.0,0.8,191.0,V5,2010-09-08 07:00:00,774,42.03947,2.11993
-1.0,-1.0,16.7,64.0,-1.0,1.4,233.0,-1.0,-1.0,V8,2010-09-08 07:00:00,223,41.67279,0.87741
-1.0,-1.0,14.8,68.0,-1.0,4.2,256.0,-1.0,-1.0,WA,2010-09-08 07:00:00,443,41.87694,1.1541
-1.0,-1.0,16.0,61.0,-1.0,3.6,275.0,-1.0,-1.0,WB,2010-09-08 07:00:00,267,41.76036,0.67022
-1.0,-1.0,16.6,62.0,-1.0,2.4,253.0,-1.0,-1.0,WC,2010-09-08 07:00:00,261,41.63642,0.92446
-1.0,-1.0,17.3,51.0,-1.0,2.4,309.0,-1.0,-1.0,WD,2010-09-08 07:00:00,382,41.08671,0.31884
-1.0,-1.0,17.6,78.0,-1.0,0.4,36.0,-1.0,-1.0,WE,2010-09-08 07:00:00,126,41.5444,2.30014
-1.0,-1.0,16.9,91.0,-1.0,-1.0,-1.0,-1.0,-1.0,WF,2010-09-08 07:00:00,108,41.95425,2.77578
-1.0,-1.0,15.4,64.0,-1.0,3.6,260.0,-1.0,-1.0,WG,2010-09-08 07:00:00,301,41.80104,0.64804
-1.0,-1.0,16.6,56.0,-1.0,2.6,283.0,-1.0,-1.0,WI,2010-09-08 07:00:00,350,41.35741,0.4809
-1.0,-1.0,18.0,53.0,-1.0,5.7,316.0,-1.0,-1.0,WJ,2010-09-08 07:00:00,141,41.1223,0.72182
-1.0,-1.0,15.9,64.0,-1.0,2.0,289.0,-1.0,-1.0,WK,2010-09-08 07:00:00,268,41.81949,0.57768
-1.0,-1.0,15.4,63.0,-1.0,4.3,240.0,-1.0,-1.0,WL,2010-09-08 07:00:00,413,41.57236,1.0882
0.3,165.0,11.6,89.0,-1.0,-1.0,-1.0,-1.0,-1.0,WM,2010-09-08 07:00:00,1167,42.10736,1.8267
-1.0,-1.0,13.1,73.0,-1.0,-1.0,-1.0,1.0,21.0,WN,2010-09-08 07:00:00,916,41.59539,1.83751
-1.0,-1.0,18.9,48.0,-1.0,-1.0,-1.0,-1.0,-1.0,WO,2010-09-08 07:00:00,185,41.27151,1.46717
-1.0,-1.0,18.0,54.0,-1.0,1.2,65.0,-1.0,-1.0,WP,2010-09-08 07:00:00,325,41.48518,1.69337
4.9,39.0,9.3,74.0,837.7,-1.0,-1.0,-1.0,-1.0,WQ,2010-09-08 07:00:00,1572,42.0513,0.72952
-1.0,-1.0,17.4,54.0,-1.0,1.3,265.0,-1.0,-1.0,WR,2010-09-08 07:00:00,300,41.2163,0.79748
1.9,287.0,14.2,62.0,902.0,-1.0,-1.0,-1.0,-1.0,WS,2010-09-08 07:00:00,953,41.84008,2.41877
1.2,20.0,18.2,88.0,1009.0,-1.0,-1.0,-1.0,-1.0,WT,2010-09-08 07:00:00,2,41.64707,2.75658
-1.0,-1.0,19.7,50.0,1004.0,-1.0,-1.0,3.1,265.0,WU,2010-09-08 07:00:00,42,41.45215,2.24757
0.6,58.0,12.5,92.0,920.0,-1.0,-1.0,-1.0,-1.0,WV,2010-09-08 07:00:00,788,42.23414,1.87485
-1.0,-1.0,15.8,77.0,-1.0,-1.0,-1.0,-1.0,-1.0,WW,2010-09-08 07:00:00,278,41.79423,1.9368
-1.0,-1.0,14.2,62.0,-1.0,1.0,260.0,-1.0,-1.0,WX,2010-09-08 07:00:00,668,41.9178,0.88175
-1.0,-1.0,19.6,54.0,-1.0,0.8,43.0,-1.0,-1.0,WY,2010-09-08 07:00:00,164,41.43386,1.79429
2.5,294.0,21.6,42.0,1008.0,-1.0,-1.0,-1.0,-1.0,WZ,2010-09-08 07:00:00,17,41.20187,1.63346
-1.0,-1.0,18.8,75.0,-1.0,-1.0,-1.0,-1.0,-1.0,W1,2010-09-08 07:00:00,2,42.24726,3.09021
-1.0,-1.0,18.0,77.0,-1.0,-1.0,-1.0,-1.0,-1.0,W2,2010-09-08 07:00:00,7,42.18259,3.05783
-1.0,-1.0,19.1,72.0,-1.0,-1.0,-1.0,-1.0,-1.0,W3,2010-09-08 07:00:00,4,42.15006,3.06494
-1.0,-1.0,19.7,46.0,-1.0,1.4,272.0,-1.0,-1.0,W4,2010-09-08 07:00:00,240,41.36619,1.72857
-1.0,-1.0,14.4,70.0,-1.0,1.5,181.0,-1.0,-1.0,W5,2010-09-08 07:00:00,490,42.07683,1.31489
-1.0,-1.0,19.1,53.0,-1.0,1.2,286.0,-1.0,-1.0,W6,2010-09-08 07:00:00,158,41.13738,1.0187
-1.0,-1.0,15.5,62.0,-1.0,-1.0,-1.0,-1.0,-1.0,W8,2010-09-08 07:00:00,438,41.44237,1.15998
-1.0,-1.0,16.4,82.0,-1.0,0.8,139.0,-1.0,-1.0,W9,2010-09-08 07:00:00,461,42.14557,2.45451
7.9,291.0,11.9,75.0,920.3,-1.0,-1.0,-1.0,-1.0,XA,2010-09-08 07:00:00,785,41.60257,1.4007
-1.0,-1.0,15.4,61.0,-1.0,-1.0,-1.0,-1.0,-1.0,XB,2010-09-08 07:00:00,584,41.4779,1.53529
3.6,318.0,18.9,51.0,992.6,-1.0,-1.0,-1.0,-1.0,XC,2010-09-08 07:00:00,147,41.47892,1.97546
5.0,283.0,13.7,65.0,932.1,-1.0,-1.0,-1.0,-1.0,XD,2010-09-08 07:00:00,687,41.32,0.8857
4.9,241.0,20.2,50.0,1009.0,-1.0,-1.0,-1.0,-1.0,XE,2010-09-08 07:00:00,5,41.10393,1.201
2.8,240.0,17.7,60.0,979.0,-1.0,-1.0,-1.0,-1.0,XF,2010-09-08 07:00:00,258,41.56568,2.06952
0.9,200.0,18.8,65.0,995.3,-1.0,-1.0,-1.0,-1.0,XG,2010-09-08 07:00:00,123,41.56734,2.22619
-1.0,-1.0,14.6,59.0,932.1,-1.0,-1.0,-1.0,-1.0,XH,2010-09-08 07:00:00,679,42.40533,1.12993
-1.0,-1.0,16.7,60.0,982.3,3.5,248.0,-1.0,-1.0,XI,2010-09-08 07:00:00,247,41.61817,0.87182
6.8,292.0,16.4,61.0,969.9,-1.0,-1.0,-1.0,-1.0,X1,2010-09-08 07:00:00,359,41.15374,0.81953
-1.0,-1.0,20.8,46.0,-1.0,-1.0,-1.0,-1.0,-1.0,X2,2010-09-08 07:00:00,7,41.38943,2.18847
6.6,279.0,15.0,69.0,967.0,-1.0,-1.0,-1.0,-1.0,X3,2010-09-08 07:00:00,370,41.74281,0.5358
4.0,324.0,21.3,45.0,1005.0,-1.0,-1.0,-1.0,-1.0,X4,2010-09-08 07:00:00,33,41.3839,2.16775
5.5,258.0,10.9,67.0,894.3,-1.0,-1.0,-1.0,-1.0,X5,2010-09-08 07:00:00,1055,40.79705,0.31822
-1.0,-1.0,15.7,63.0,-1.0,1.7,205.0,-1.0,-1.0,X6,2010-09-08 07:00:00,366,41.92173,1.02901
-1.0,-1.0,17.2,60.0,-1.0,3.2,240.0,-1.0,-1.0,X7,2010-09-08 07:00:00,215,41.51909,0.55314
3.3,318.0,19.5,48.0,999.5,-1.0,-1.0,-1.0,-1.0,X8,2010-09-08 07:00:00,79,41.37919,2.1054
1.0,131.0,18.5,70.0,989.0,-1.0,-1.0,-1.0,-1.0,X9,2010-09-08 07:00:00,176,41.61265,2.16836
4.9,356.0,1.4,90.0,-1.0,-1.0,-1.0,-1.0,-1.0,ZB,2010-09-08 07:00:00,2451,42.51939,1.36597
-1.0,-1.0,1.1,100.0,-1.0,-1.0,-1.0,2.8,256.0,Z1,2010-09-08 07:00:00,2266,42.64691,0.98486
-1.0,-1.0,1.6,69.0,-1.0,-1.0,-1.0,3.1,304.0,Z2,2010-09-08 07:00:00,2535,42.46602,0.88405
-1.0,-1.0,5.8,78.0,-1.0,-1.0,-1.0,0.9,242.0,Z3,2010-09-08 07:00:00,2230,42.46605,1.7785
-1.0,-1.0,5.8,79.0,-1.0,-1.0,-1.0,1.7,163.0,Z4,2010-09-08 07:00:00,2364,42.42205,2.2524
-1.0,-1.0,1.7,82.0,-1.0,-1.0,-1.0,1.6,323.0,Z5,2010-09-08 07:00:00,2400,42.70029,1.27201
-1.0,-1.0,0.9,98.0,-1.0,-1.0,-1.0,0.5,355.0,Z6,2010-09-08 07:00:00,2228,42.77011,0.73198
1.7,165.0,2.5,73.0,-1.0,-1.0,-1.0,-1.0,-1.0,Z7,2010-09-08 07:00:00,2519,42.53412,1.05476
-1.0,-1.0,3.4,89.0,-1.0,-1.0,-1.0,5.3,316.0,Z8,2010-09-08 07:00:00,2316,42.18254,1.52407
1.1,296.0,4.9,90.0,-1.0,-1.0,-1.0,-1.0,-1.0,Z9,2010-09-08 07:00:00,2143,42.29265,1.71498
3.3,289.0,14.0,72.0,930.7,-1.0,-1.0,-1.0,-1.0,CA,2010-09-08 07:30:00,693,41.95378,1.5851
0.9,20.0,12.0,96.0,937.7,-1.0,-1.0,-1.0,-1.0,CC,2010-09-08 07:30:00,626,42.07398,2.20862
1.0,207.0,15.6,60.0,912.9,-1.0,-1.0,-1.0,-1.0,CD,2010-09-08 07:30:00,849,42.37083,1.43277
4.5,304.0,17.4,56.0,973.0,-1.0,-1.0,-1.0,-1.0,CE,2010-09-08 07:30:00,316,41.53109,1.80813
1.9,61.0,11.4,79.0,854.3,-1.0,-1.0,-1.0,-1.0,CG,2010-09-08 07:30:00,1405,42.37717,2.41456
1.3,238.0,12.4,98.0,912.6,-1.0,-1.0,-1.0,-1.0,CI,2010-09-08 07:30:00,852,42.25839,2.36429
1.9,158.0,16.1,67.0,944.0,-1.0,-1.0,-1.0,-1.0,CJ,2010-09-08 07:30:00,566.5,42.21624,1.33132
1.9,271.0,17.0,57.0,969.3,-1.0,-1.0,-1.0,-1.0,CL,2010-09-08 07:30:00,349,41.67399,1.76796
1.0,266.0,15.9,57.0,931.2,-1.0,-1.0,-1.0,-1.0,CP,2010-09-08 07:30:00,690,42.13924,1.03893
0.6,51.0,13.3,76.0,942.0,-1.0,-1.0,-1.0,-1.0,CQ,2010-09-08 07:30:00,594,41.99546,1.02569
0.3,82.0,10.6,99.0,911.3,-1.0,-1.0,-1.0,-1.0,CR,2010-09-08 07:30:00,873,42.08032,1.9624
0.3,92.0,11.4,89.0,916.2,-1.0,-1.0,-1.0,-1.0,CT,2010-09-08 07:30:00,823,42.39811,0.74362
0.5,326.0,11.2,82.0,898.1,-1.0,-1.0,-1.0,-1.0,CU,2010-09-08 07:30:00,1002,42.69856,0.79397
0.9,146.0,16.4,65.0,950.6,-1.0,-1.0,-1.0,-1.0,CV,2010-09-08 07:30:00,513.3,42.23939,0.96434
5.9,277.0,16.4,58.0,958.8,-1.0,-1.0,-1.0,-1.0,CW,2010-09-08 07:30:00,446,41.39241,1.09894
1.4,286.0,14.0,69.0,917.2,-1.0,-1.0,-1.0,-1.0,CY,2010-09-08 07:30:00,816,41.87813,2.17873
6.5,234.0,16.9,63.0,979.9,-1.0,-1.0,-1.0,-1.0,C6,2010-09-08 07:30:00,264,41.6566,0.95172
5.9,250.0,15.8,61.0,961.2,-1.0,-1.0,-1.0,-1.0,C7,2010-09-08 07:30:00,427,41.66695,1.16234
6.2,264.0,14.1,67.0,945.7,-1.0,-1.0,-1.0,-1.0,C8,2010-09-08 07:30:00,554,41.67555,1.29609
-1.0,-1.0,20.2,42.0,983.1,-1.0,-1.0,-1.0,-1.0,C9,2010-09-08 07:30:00,240,40.71825,0.39988
4.7,315.0,19.2,44.0,990.0,-1.0,-1.0,-1.0,-1.0,DB,2010-09-08 07:30:00,179,40.87287,0.71581
0.5,80.0,17.3,78.0,960.0,-1.0,-1.0,-1.0,-1.0,DC,2010-09-08 07:30:00,421.5,42.19144,2.48263
1.8,278.0,21.1,54.0,1003.8,-1.0,-1.0,-1.0,-1.0,DD,2010-09-08 07:30:00,44.5,41.51175,2.38674
0.4,45.0,18.3,78.0,1005.7,-1.0,-1.0,-1.0,-1.0,DF,2010-09-08 07:30:00,28.6,41.97751,3.03543
2.1,255.0,7.7,68.0,797.7,-1.0,-1.0,-1.0,-1.0,DG,2010-09-08 07:30:00,1971.4,42.39848,2.15517
2.7,185.0,18.0,50.0,961.9,-1.0,-1.0,-1.0,-1.0,DI,2010-09-08 07:30:00,415,41.43292,1.62386
0.9,10.0,17.4,84.0,988.4,-1.0,-1.0,-1.0,-1.0,DJ,2010-09-08 07:30:00,176,42.11653,2.78969
1.4,25.0,20.9,52.0,1009.2,-1.0,-1.0,-1.0,-1.0,DK,2010-09-08 07:30:00,2,41.14677,1.41846
2.8,324.0,22.0,44.0,1010.7,-1.0,-1.0,-1.0,-1.0,DL,2010-09-08 07:30:00,0.5,40.70719,0.83449
0.9,0.0,18.8,73.0,998.3,-1.0,-1.0,-1.0,-1.0,DM,2010-09-08 07:30:00,90,41.96012,2.80696
0.6,109.0,19.0,74.0,991.2,-1.0,-1.0,-1.0,-1.0,DN,2010-09-08 07:30:00,150,41.96095,2.63108
0.8,278.0,17.9,84.0,1007.3,-1.0,-1.0,-1.0,-1.0,DO,2010-09-08 07:30:00,14,41.80857,3.03241
2.1,56.0,13.3,58.0,886.1,-1.0,-1.0,-1.0,-1.0,DP,2010-09-08 07:30:00,1097,42.38605,1.8664
4.4,319.0,17.5,53.0,977.0,-1.0,-1.0,-1.0,-1.0,DQ,2010-09-08 07:30:00,287,41.30728,1.36259
-1.0,-1.0,16.0,61.0,964.9,-1.0,-1.0,-1.0,-1.0,D1,2010-09-08 07:30:00,404,41.28521,0.75383
-1.0,-1.0,15.4,74.0,970.0,-1.0,-1.0,-1.0,-1.0,D2,2010-09-08 07:30:00,343,41.59252,1.915
1.2,356.0,20.6,46.0,980.1,-1.0,-1.0,-1.0,-1.0,D3,2010-09-08 07:30:00,252,41.38197,1.93564
5.8,29.0,20.5,43.0,1005.9,-1.0,-1.0,-1.0,-1.0,D4,2010-09-08 07:30:00,24,42.27065,3.18165
2.7,236.0,16.9,51.0,961.9,-1.0,-1.0,-1.0,-1.0,D5,2010-09-08 07:30:00,411.2,41.41843,2.12388
9.4,356.0,16.6,55.0,985.9,-1.0,-1.0,-1.0,-1.0,D6,2010-09-08 07:30:00,196,42.43515,3.16622
3.6,300.0,19.6,51.0,1005.5,-1.0,-1.0,-1.0,-1.0,D7,2010-09-08 07:30:00,53,41.18499,0.59376
4.3,296.0,16.8,49.0,952.8,-1.0,-1.0,-1.0,-1.0,D8,2010-09-08 07:30:00,515,40.95134,0.30565
1.8,220.0,20.2,45.0,1002.8,-1.0,-1.0,-1.0,-1.0,D9,2010-09-08 07:30:00,59,41.21553,1.52121
3.2,295.0,16.9,61.0,971.2,-1.0,-1.0,-1.0,-1.0,H1,2010-09-08 07:30:00,333,41.58642,1.65306
2.5,353.0,17.5,63.0,985.2,-1.0,-1.0,-1.0,-1.0,R1,2010-09-08 07:30:00,210,41.70637,1.87276
2.6,327.0,20.9,41.0,996.0,-1.0,-1.0,-1.0,-1.0,VQ,2010-09-08 07:30:00,112,41.1713,1.16774
3.0,46.0,3.1,84.0,772.5,-1.0,-1.0,-1.0,-1.0,VS,2010-09-08 07:30:00,2247,42.63835,0.77889
-1.0,-1.0,20.3,47.0,1004.0,-1.0,-1.0,3.7,255.0,WU,2010-09-08 07:30:00,42,41.45215,2.24757
1.9,221.0,22.4,41.0,1008.0,-1.0,-1.0,-1.0,-1.0,WZ,2010-09-08 07:30:00,17,41.20187,1.63346
8.4,292.0,12.4,73.0,920.5,-1.0,-1.0,-1.0,-1.0,XA,2010-09-08 07:30:00,785,41.60257,1.4007
5.0,322.0,19.6,48.0,992.8,-1.0,-1.0,-1.0,-1.0,XC,2010-09-08 07:30:00,147,41.47892,1.97546
4.9,277.0,14.5,61.0,932.3,-1.0,-1.0,-1.0,-1.0,XD,2010-09-08 07:30:00,687,41.32,0.8857
4.2,236.0,21.0,47.0,1009.3,-1.0,-1.0,-1.0,-1.0,XE,2010-09-08 07:30:00,5,41.10393,1.201
3.1,249.0,18.4,57.0,979.4,-1.0,-1.0,-1.0,-1.0,XF,2010-09-08 07:30:00,258,41.56568,2.06952
1.1,276.0,19.7,59.0,995.7,-1.0,-1.0,-1.0,-1.0,XG,2010-09-08 07:30:00,123,41.56734,2.22619
-1.0,-1.0,16.6,47.0,932.3,-1.0,-1.0,-1.0,-1.0,XH,2010-09-08 07:30:00,679,42.40533,1.12993
3.7,319.0,20.1,45.0,999.8,-1.0,-1.0,-1.0,-1.0,X8,2010-09-08 07:30:00,79,41.37919,2.1054
5.1,15.0,1.8,82.0,-1.0,-1.0,-1.0,-1.0,-1.0,ZB,2010-09-08 07:30:00,2451,42.51939,1.36597
-1.0,-1.0,1.2,100.0,-1.0,-1.0,-1.0,2.4,255.0,Z1,2010-09-08 07:30:00,2266,42.64691,0.98486
-1.0,-1.0,1.9,70.0,-1.0,-1.0,-1.0,2.6,305.0,Z2,2010-09-08 07:30:00,2535,42.46602,0.88405
-1.0,-1.0,6.7,78.0,-1.0,-1.0,-1.0,0.9,201.0,Z3,2010-09-08 07:30:00,2230,42.46605,1.7785
-1.0,-1.0,5.4,84.0,-1.0,-1.0,-1.0,1.9,112.0,Z4,2010-09-08 07:30:00,2364,42.42205,2.2524
-1.0,-1.0,1.5,84.0,-1.0,-1.0,-1.0,1.7,340.0,Z5,2010-09-08 07:30:00,2400,42.70029,1.27201
-1.0,-1.0,1.1,98.0,-1.0,-1.0,-1.0,0.4,94.0,Z6,2010-09-08 07:30:00,2228,42.77011,0.73198
2.0,136.0,2.5,79.0,-1.0,-1.0,-1.0,-1.0,-1.0,Z7,2010-09-08 07:30:00,2519,42.53412,1.05476
-1.0,-1.0,3.7,86.0,-1.0,-1.0,-1.0,5.5,324.0,Z8,2010-09-08 07:30:00,2316,42.18254,1.52407
1.2,285.0,5.1,92.0,-1.0,-1.0,-1.0,-1.0,-1.0,Z9,2010-09-08 07:30:00,2143,42.29265,1.71498
2.4,279.0,15.0,68.0,931.1,-1.0,-1.0,-1.0,-1.0,CA,2010-09-08 08:00:00,693,41.95378,1.5851
0.4,3.0,12.8,96.0,938.1,-1.0,-1.0,-1.0,-1.0,CC,2010-09-08 08:00:00,626,42.07398,2.20862
1.2,158.0,16.7,51.0,913.0,-1.0,-1.0,-1.0,-1.0,CD,2010-09-08 08:00:00,849,42.37083,1.43277
3.4,308.0,18.3,52.0,973.3,-1.0,-1.0,-1.0,-1.0,CE,2010-09-08 08:00:00,316,41.53109,1.80813
1.7,162.0,13.5,75.0,854.7,-1.0,-1.0,-1.0,-1.0,CG,2010-09-08 08:00:00,1405,42.37717,2.41456
1.0,238.0,13.5,95.0,912.9,-1.0,-1.0,-1.0,-1.0,CI,2010-09-08 08:00:00,852,42.25839,2.36429
2.6,165.0,16.8,64.0,944.2,-1.0,-1.0,-1.0,-1.0,CJ,2010-09-08 08:00:00,566.5,42.21624,1.33132
1.9,258.0,17.6,54.0,969.5,-1.0,-1.0,-1.0,-1.0,CL,2010-09-08 08:00:00,349,41.67399,1.76796
1.3,274.0,16.9,56.0,931.6,-1.0,-1.0,-1.0,-1.0,CP,2010-09-08 08:00:00,690,42.13924,1.03893
1.4,163.0,16.4,62.0,942.3,-1.0,-1.0,-1.0,-1.0,CQ,2010-09-08 08:00:00,594,41.99546,1.02569
0.5,318.0,10.8,99.0,911.7,-1.0,-1.0,-1.0,-1.0,CR,2010-09-08 08:00:00,873,42.08032,1.9624
1.1,129.0,13.6,78.0,916.4,-1.0,-1.0,-1.0,-1.0,CT,2010-09-08 08:00:00,823,42.39811,0.74362
0.5,166.0,11.4,77.0,898.5,-1.0,-1.0,-1.0,-1.0,CU,2010-09-08 08:00:00,1002,42.69856,0.79397
1.2,147.0,17.6,58.0,950.8,-1.0,-1.0,-1.0,-1.0,CV,2010-09-08 08:00:00,513.3,42.23939,0.96434
6.2,274.0,17.1,55.0,959.1,-1.0,-1.0,-1.0,-1.0,CW,2010-09-08 08:00:00,446,41.39241,1.09894
2.5,249.0,14.5,67.0,917.5,-1.0,-1.0,-1.0,-1.0,CY,2010-09-08 08:00:00,816,41.87813,2.17873
6.6,238.0,17.4,61.0,980.2,-1.0,-1.0,-1.0,-1.0,C6,2010-09-08 08:00:00,264,41.6566,0.95172
6.0,260.0,16.5,58.0,961.5,-1.0,-1.0,-1.0,-1.0,C7,2010-09-08 08:00:00,427,41.66695,1.16234
7.7,267.0,14.6,64.0,945.9,-1.0,-1.0,-1.0,-1.0,C8,2010-09-08 08:00:00,554,41.67555,1.29609
-1.0,-1.0,20.7,40.0,983.3,-1.0,-1.0,-1.0,-1.0,C9,2010-09-08 08:00:00,240,40.71825,0.39988
7.1,315.0,19.6,42.0,990.1,-1.0,-1.0,-1.0,-1.0,DB,2010-09-08 08:00:00,179,40.87287,0.71581
0.8,49.0,18.6,69.0,960.3,-1.0,-1.0,-1.0,-1.0,DC,2010-09-08 08:00:00,421.5,42.19144,2.48263
3.0,299.0,22.0,51.0,1004.2,-1.0,-1.0,-1.0,-1.0,DD,2010-09-08 08:00:00,44.5,41.51175,2.38674
0.7,34.0,20.3,66.0,1006.3,-1.0,-1.0,-1.0,-1.0,DF,2010-09-08 08:00:00,28.6,41.97751,3.03543
1.9,280.0,9.7,62.0,798.1,-1.0,-1.0,-1.0,-1.0,DG,2010-09-08 08:00:00,1971.4,42.39848,2.15517
2.3,149.0,19.2,47.0,962.1,-1.0,-1.0,-1.0,-1.0,DI,2010-09-08 08:00:00,415,41.43292,1.62386
1.2,99.0,19.0,75.0,988.9,-1.0,-1.0,-1.0,-1.0,DJ,2010-09-08 08:00:00,176,42.11653,2.78969
2.2,64.0,21.7,50.0,1009.3,-1.0,-1.0,-1.0,-1.0,DK,2010-09-08 08:00:00,2,41.14677,1.41846
3.0,313.0,22.6,42.0,1010.8,-1.0,-1.0,-1.0,-1.0,DL,2010-09-08 08:00:00,0.5,40.70719,0.83449
0.7,29.0,20.4,60.0,998.8,-1.0,-1.0,-1.0,-1.0,DM,2010-09-08 08:00:00,90,41.96012,2.80696
0.6,98.0,20.4,65.0,991.6,-1.0,-1.0,-1.0,-1.0,DN,2010-09-08 08:00:00,150,41.96095,2.63108
1.6,101.0,19.6,72.0,1007.7,-1.0,-1.0,-1.0,-1.0,DO,2010-09-08 08:00:00,14,41.80857,3.03241
0.8,39.0,13.9,56.0,886.5,-1.0,-1.0,-1.0,-1.0,DP,2010-09-08 08:00:00,1097,42.38605,1.8664
4.2,320.0,17.9,52.0,977.3,-1.0,-1.0,-1.0,-1.0,DQ,2010-09-08 08:00:00,287,41.30728,1.36259
-1.0,-1.0,16.7,58.0,965.1,-1.0,-1.0,-1.0,-1.0,D1,2010-09-08 08:00:00,404,41.28521,0.75383
-1.0,-1.0,16.3,70.0,970.2,-1.0,-1.0,-1.0,-1.0,D2,2010-09-08 08:00:00,343,41.59252,1.915
1.0,342.0,21.3,43.0,980.4,-1.0,-1.0,-1.0,-1.0,D3,2010-09-08 08:00:00,252,41.38197,1.93564
5.3,34.0,20.8,41.0,1006.4,-1.0,-1.0,-1.0,-1.0,D4,2010-09-08 08:00:00,24,42.27065,3.18165
2.9,277.0,18.0,48.0,962.4,-1.0,-1.0,-1.0,-1.0,D5,2010-09-08 08:00:00,411.2,41.41843,2.12388
9.5,3.0,17.4,51.0,986.5,-1.0,-1.0,-1.0,-1.0,D6,2010-09-08 08:00:00,196,42.43515,3.16622
3.9,295.0,20.6,47.0,1005.6,-1.0,-1.0,-1.0,-1.0,D7,2010-09-08 08:00:00,53,41.18499,0.59376
5.1,291.0,17.6,46.0,953.0,-1.0,-1.0,-1.0,-1.0,D8,2010-09-08 08:00:00,515,40.95134,0.30565
1.9,247.0,21.0,42.0,1003.0,-1.0,-1.0,-1.0,-1.0,D9,2010-09-08 08:00:00,59,41.21553,1.52121
3.3,295.0,17.7,58.0,971.5,-1.0,-1.0,-1.0,-1.0,H1,2010-09-08 08:00:00,333,41.58642,1.65306
1.8,35.0,18.2,60.0,985.4,-1.0,-1.0,-1.0,-1.0,R1,2010-09-08 08:00:00,210,41.70637,1.87276
-1.0,-1.0,21.4,44.0,-1.0,2.6,294.0,-1.0,-1.0,UA,2010-09-08 08:00:00,93,40.9091,0.76943
-1.0,-1.0,20.7,62.0,-1.0,0.7,353.0,-1.0,-1.0,UB,2010-09-08 08:00:00,15,42.05398,3.06195
-1.0,-1.0,21.0,64.0,-1.0,0.7,142.0,-1.0,-1.0,UC,2010-09-08 08:00:00,60,41.97726,2.99705
-1.0,-1.0,20.2,71.0,-1.0,-1.0,-1.0,-1.0,-1.0,UD,2010-09-08 08:00:00,12,42.02895,3.06227
-1.0,-1.0,19.3,76.0,-1.0,-1.0,-1.0,-1.0,-1.0,UE,2010-09-08 08:00:00,4,42.02306,3.15719
-1.0,-1.0,17.6,44.0,-1.0,2.4,286.0,-1.0,-1.0,UF,2010-09-08 08:00:00,573,41.28832,1.90775
-1.0,-1.0,23.0,43.0,-1.0,0.9,65.0,-1.0,-1.0,UG,2010-09-08 08:00:00,3,41.29928,2.03787
-1.0,-1.0,17.0,55.0,-1.0,2.0,261.0,4.4,272.0,UH,2010-09-08 08:00:00,545,41.34171,1.48769
-1.0,-1.0,13.7,72.0,-1.0,0.6,69.0,-1.0,-1.0,UI,2010-09-08 08:00:00,1386,42.26477,1.76218
-1.0,-1.0,14.7,63.0,-1.0,4.1,280.0,8.6,283.0,UJ,2010-09-08 08:00:00,709,41.52879,1.3683
-1.0,-1.0,22.8,35.0,-1.0,0.9,228.0,-1.0,-1.0,UK,2010-09-08 08:00:00,161,41.27861,1.80479
-1.0,-1.0,18.7,53.0,-1.0,2.6,247.0,-1.0,-1.0,UL,2010-09-08 08:00:00,228,41.52911,0.75303
-1.0,-1.0,16.6,53.0,-1.0,3.3,264.0,-1.0,-1.0,UM,2010-09-08 08:00:00,505,41.35991,0.66789
-1.0,-1.0,21.3,61.0,-1.0,0.9,132.0,-1.0,-1.0,UN,2010-09-08 08:00:00,171,41.87449,2.92694
-1.0,-1.0,19.8,68.0,-1.0,-1.0,-1.0,-1.0,-1.0,UO,2010-09-08 08:00:00,97,41.91461,2.82069
3.1,304.0,21.2,50.0,1000.0,-1.0,-1.0,-1.0,-1.0,UP,2010-09-08 08:00:00,81,41.51773,2.37702
-1.0,-1.0,17.5,59.0,-1.0,1.4,244.0,-1.0,-1.0,UQ,2010-09-08 08:00:00,460,41.61991,2.44532
-1.0,-1.0,23.2,34.0,-1.0,2.0,336.0,-1.0,-1.0,US,2010-09-08 08:00:00,24,40.55786,0.52329
6.5,323.0,22.2,38.0,1011.0,-1.0,-1.0,-1.0,-1.0,UU,2010-09-08 08:00:00,3,40.70776,0.6321
-1.0,-1.0,21.5,35.0,-1.0,1.5,342.0,-1.0,-1.0,UV,2010-09-08 08:00:00,205,40.71727,0.41633
-1.0,-1.0,22.0,39.0,1012.0,3.1,343.0,-1.0,-1.0,UW,2010-09-08 08:00:00,0,40.62725,0.65922
-1.0,-1.0,21.9,33.0,-1.0,2.3,312.0,-1.0,-1.0,UX,2010-09-08 08:00:00,210,40.62652,0.37112
-1.0,-1.0,17.3,56.0,-1.0,1.1,235.0,1.6,230.0,UY,2010-09-08 08:00:00,576,41.87912,0.76103
-1.0,-1.0,22.0,47.0,-1.0,0.5,131.0,-1.0,-1.0,U1,2010-09-08 08:00:00,31,42.30648,2.95481
0.7,120.0,21.2,55.0,1010.0,-1.0,-1.0,-1.0,-1.0,U2,2010-09-08 08:00:00,4,42.17716,3.0968
-1.0,-1.0,20.4,43.0,-1.0,1.3,284.0,-1.0,-1.0,U3,2010-09-08 08:00:00,257,41.37491,1.63032
2.7,255.0,15.8,68.0,-1.0,1.7,255.0,-1.0,-1.0,U4,2010-09-08 08:00:00,507,41.83094,1.84699
-1.0,-1.0,12.8,64.0,-1.0,2.1,226.0,-1.0,-1.0,U5,2010-09-08 08:00:00,969,41.31349,0.99611
-1.0,-1.0,20.7,45.0,-1.0,2.8,272.0,-1.0,-1.0,U6,2010-09-08 08:00:00,29,41.08017,1.06661
-1.0,-1.0,21.4,38.0,-1.0,2.8,331.0,-1.0,-1.0,U7,2010-09-08 08:00:00,52,40.85936,0.50525
-1.0,-1.0,22.2,36.0,-1.0,2.2,298.0,-1.0,-1.0,U9,2010-09-08 08:00:00,62,40.76947,0.61635
-1.0,-1.0,19.5,45.0,-1.0,3.2,309.0,-1.0,-1.0,VA,2010-09-08 08:00:00,257,41.19645,0.51161
8.3,287.0,21.2,40.0,-1.0,-1.0,-1.0,-1.0,-1.0,VB,2010-09-08 08:00:00,32,41.06289,0.63517
-1.0,-1.0,20.6,46.0,-1.0,4.7,261.0,-1.0,-1.0,VC,2010-09-08 08:00:00,69,41.24415,0.43266
-1.0,-1.0,16.1,58.0,-1.0,6.5,259.0,-1.0,-1.0,VD,2010-09-08 08:00:00,429,41.68939,1.20381
-1.0,-1.0,20.6,49.0,-1.0,3.2,236.0,-1.0,-1.0,VE,2010-09-08 08:00:00,97,41.48692,0.46058
-1.0,-1.0,20.3,49.0,-1.0,1.2,241.0,-1.0,-1.0,VF,2010-09-08 08:00:00,122,41.56482,0.54999
-1.0,-1.0,18.6,54.0,-1.0,3.3,286.0,-1.0,-1.0,VH,2010-09-08 08:00:00,259,41.65814,0.39301
-1.0,-1.0,19.1,49.0,-1.0,2.8,248.0,-1.0,-1.0,VJ,2010-09-08 08:00:00,161,41.59957,0.6478
5.7,282.0,18.2,57.0,978.1,-1.0,-1.0,-1.0,-1.0,VK,2010-09-08 08:00:00,286,41.68328,0.4487
3.1,261.0,21.0,43.0,-1.0,1.9,244.0,-1.0,-1.0,VL,2010-09-08 08:00:00,100,41.46014,0.40562
-1.0,-1.0,18.7,52.0,-1.0,3.5,287.0,-1.0,-1.0,VM,2010-09-08 08:00:00,222,41.7145,0.62839
-1.0,-1.0,21.9,63.0,-1.0,-1.0,-1.0,-1.0,-1.0,VN,2010-09-08 08:00:00,117,41.88244,2.74262
-1.0,-1.0,13.1,75.0,-1.0,1.3,84.0,-1.0,-1.0,VO,2010-09-08 08:00:00,785,42.08745,1.42792
-1.0,-1.0,14.2,73.0,-1.0,4.0,273.0,5.6,281.0,VP,2010-09-08 08:00:00,659,41.80483,1.53853
4.1,300.0,21.7,36.0,996.0,-1.0,-1.0,-1.0,-1.0,VQ,2010-09-08 08:00:00,112,41.1713,1.16774
-1.0,-1.0,18.5,58.0,-1.0,1.2,235.0,-1.0,-1.0,VR,2010-09-08 08:00:00,291,41.68994,1.04401
3.1,49.0,3.1,82.0,772.8,-1.0,-1.0,-1.0,-1.0,VS,2010-09-08 08:00:00,2247,42.63835,0.77889
-1.0,-1.0,20.3,46.0,-1.0,2.8,272.0,-1.0,-1.0,VT,2010-09-08 08:00:00,84,41.48401,2.12745
-1.0,-1.0,17.8,59.0,-1.0,0.4,326.0,-1.0,-1.0,VU,2010-09-08 08:00:00,421,41.63286,1.91718
1.9,112.0,16.2,64.0,-1.0,-1.0,-1.0,-1.0,-1.0,VV,2010-09-08 08:00:00,528,41.68129,2.02647
-1.0,-1.0,13.6,66.0,-1.0,0.3,304.0,-1.0,-1.0,VX,2010-09-08 08:00:00,1030,41.74761,2.30291
-1.0,-1.0,21.3,43.0,-1.0,-1.0,-1.0,-1.0,-1.0,VY,2010-09-08 08:00:00,240,41.25095,1.29863
-1.0,-1.0,21.7,39.0,-1.0,-1.0,-1.0,-1.0,-1.0,VZ,2010-09-08 08:00:00,83,42.38443,3.00736
-1.0,-1.0,18.6,56.0,-1.0,3.2,235.0,-1.0,-1.0,V1,2010-09-08 08:00:00,238,41.78487,0.82939
-1.0,-1.0,15.7,78.0,-1.0,1.1,248.0,-1.0,-1.0,V3,2010-09-08 08:00:00,509,41.95224,2.23271
-1.0,-1.0,13.1,95.0,932.0,-1.0,-1.0,0.4,169.0,V4,2010-09-08 08:00:00,684,42.11477,2.21483
-1.0,-1.0,11.8,93.0,-1.0,0.9,235.0,1.1,218.0,V5,2010-09-08 08:00:00,774,42.03947,2.11993
-1.0,-1.0,18.4,58.0,-1.0,1.6,242.0,-1.0,-1.0,V8,2010-09-08 08:00:00,223,41.67279,0.87741
-1.0,-1.0,16.6,60.0,-1.0,4.1,250.0,-1.0,-1.0,WA,2010-09-08 08:00:00,443,41.87694,1.1541
-1.0,-1.0,17.7,55.0,-1.0,4.1,276.0,-1.0,-1.0,WB,2010-09-08 08:00:00,267,41.76036,0.67022
-1.0,-1.0,17.9,58.0,-1.0,2.7,263.0,-1.0,-1.0,WC,2010-09-08 08:00:00,261,41.63642,0.92446
-1.0,-1.0,18.6,46.0,-1.0,3.0,326.0,-1.0,-1.0,WD,2010-09-08 08:00:00,382,41.08671,0.31884
-1.0,-1.0,19.7,63.0,-1.0,0.8,278.0,-1.0,-1.0,WE,2010-09-08 08:00:00,126,41.5444,2.30014
-1.0,-1.0,19.7,73.0,-1.0,-1.0,-1.0,-1.0,-1.0,WF,2010-09-08 08:00:00,108,41.95425,2.77578
-1.0,-1.0,17.1,57.0,-1.0,4.2,261.0,-1.0,-1.0,WG,2010-09-08 08:00:00,301,41.80104,0.64804
-1.0,-1.0,18.2,48.0,-1.0,3.3,288.0,-1.0,-1.0,WI,2010-09-08 08:00:00,350,41.35741,0.4809
-1.0,-1.0,19.8,46.0,-1.0,4.3,324.0,-1.0,-1.0,WJ,2010-09-08 08:00:00,141,41.1223,0.72182
-1.0,-1.0,17.7,56.0,-1.0,2.6,289.0,-1.0,-1.0,WK,2010-09-08 08:00:00,268,41.81949,0.57768
-1.0,-1.0,16.6,57.0,-1.0,4.1,248.0,-1.0,-1.0,WL,2010-09-08 08:00:00,413,41.57236,1.0882
1.5,178.0,10.7,92.0,-1.0,-1.0,-1.0,-1.0,-1.0,WM,2010-09-08 08:00:00,1167,42.10736,1.8267
-1.0,-1.0,14.0,68.0,-1.0,-1.0,-1.0,1.2,22.0,WN,2010-09-08 08:00:00,916,41.59539,1.83751
-1.0,-1.0,20.2,43.0,-1.0,-1.0,-1.0,-1.0,-1.0,WO,2010-09-08 08:00:00,185,41.27151,1.46717
-1.0,-1.0,19.7,47.0,-1.0,2.0,317.0,-1.0,-1.0,WP,2010-09-08 08:00:00,325,41.48518,1.69337
1.7,40.0,10.9,61.0,838.6,-1.0,-1.0,-1.0,-1.0,WQ,2010-09-08 08:00:00,1572,42.0513,0.72952
-1.0,-1.0,19.2,47.0,-1.0,1.5,263.0,-1.0,-1.0,WR,2010-09-08 08:00:00,300,41.2163,0.79748
0.8,14.0,16.4,61.0,903.0,-1.0,-1.0,-1.0,-1.0,WS,2010-09-08 08:00:00,953,41.84008,2.41877
1.9,110.0,22.1,73.0,1010.0,-1.0,-1.0,-1.0,-1.0,WT,2010-09-08 08:00:00,2,41.64707,2.75658
-1.0,-1.0,20.8,45.0,1005.0,-1.0,-1.0,4.1,264.0,WU,2010-09-08 08:00:00,42,41.45215,2.24757
2.5,167.0,14.9,84.0,921.0,-1.0,-1.0,-1.0,-1.0,WV,2010-09-08 08:00:00,788,42.23414,1.87485
-1.0,-1.0,17.8,66.0,-1.0,-1.0,-1.0,-1.0,-1.0,WW,2010-09-08 08:00:00,278,41.79423,1.9368
-1.0,-1.0,16.2,58.0,-1.0,1.4,210.0,-1.0,-1.0,WX,2010-09-08 08:00:00,668,41.9178,0.88175
-1.0,-1.0,20.9,50.0,-1.0,1.0,354.0,-1.0,-1.0,WY,2010-09-08 08:00:00,164,41.43386,1.79429
1.9,189.0,22.7,41.0,1008.0,-1.0,-1.0,-1.0,-1.0,WZ,2010-09-08 08:00:00,17,41.20187,1.63346
-1.0,-1.0,20.5,59.0,-1.0,-1.0,-1.0,-1.0,-1.0,W1,2010-09-08 08:00:00,2,42.24726,3.09021
-1.0,-1.0,18.7,72.0,-1.0,-1.0,-1.0,-1.0,-1.0,W2,2010-09-08 08:00:00,7,42.18259,3.05783
-1.0,-1.0,20.3,63.0,-1.0,-1.0,-1.0,-1.0,-1.0,W3,2010-09-08 08:00:00,4,42.15006,3.06494
-1.0,-1.0,20.9,43.0,-1.0,1.4,248.0,-1.0,-1.0,W4,2010-09-08 08:00:00,240,41.36619,1.72857
-1.0,-1.0,16.9,59.0,-1.0,1.0,171.0,-1.0,-1.0,W5,2010-09-08 08:00:00,490,42.07683,1.31489
-1.0,-1.0,20.7,47.0,-1.0,1.5,294.0,-1.0,-1.0,W6,2010-09-08 08:00:00,158,41.13738,1.0187
-1.0,-1.0,16.9,57.0,-1.0,-1.0,-1.0,-1.0,-1.0,W8,2010-09-08 08:00:00,438,41.44237,1.15998
-1.0,-1.0,18.6,68.0,-1.0,0.4,222.0,-1.0,-1.0,W9,2010-09-08 08:00:00,461,42.14557,2.45451
8.1,290.0,12.9,71.0,920.9,-1.0,-1.0,-1.0,-1.0,XA,2010-09-08 08:00:00,785,41.60257,1.4007
-1.0,-1.0,16.8,54.0,-1.0,-1.0,-1.0,-1.0,-1.0,XB,2010-09-08 08:00:00,584,41.4779,1.53529
3.8,327.0,20.7,44.0,993.1,-1.0,-1.0,-1.0,-1.0,XC,2010-09-08 08:00:00,147,41.47892,1.97546
4.6,280.0,15.5,57.0,932.6,-1.0,-1.0,-1.0,-1.0,XD,2010-09-08 08:00:00,687,41.32,0.8857
4.3,228.0,22.1,43.0,1009.4,-1.0,-1.0,-1.0,-1.0,XE,2010-09-08 08:00:00,5,41.10393,1.201
3.8,271.0,19.1,54.0,979.8,-1.0,-1.0,-1.0,-1.0,XF,2010-09-08 08:00:00,258,41.56568,2.06952
1.8,276.0,20.2,54.0,996.1,-1.0,-1.0,-1.0,-1.0,XG,2010-09-08 08:00:00,123,41.56734,2.22619
-1.0,-1.0,18.0,43.0,932.6,-1.0,-1.0,-1.0,-1.0,XH,2010-09-08 08:00:00,679,42.40533,1.12993
-1.0,-1.0,18.0,55.0,982.9,3.9,256.0,-1.0,-1.0,XI,2010-09-08 08:00:00,247,41.61817,0.87182
6.9,290.0,18.0,55.0,970.5,-1.0,-1.0,-1.0,-1.0,X1,2010-09-08 08:00:00,359,41.15374,0.81953
-1.0,-1.0,22.4,40.0,-1.0,-1.0,-1.0,-1.0,-1.0,X2,2010-09-08 08:00:00,7,41.38943,2.18847
9.2,286.0,17.1,59.0,968.0,-1.0,-1.0,-1.0,-1.0,X3,2010-09-08 08:00:00,370,41.74281,0.5358
2.9,323.0,23.0,40.0,1005.8,-1.0,-1.0,-1.0,-1.0,X4,2010-09-08 08:00:00,33,41.3839,2.16775
5.5,265.0,12.6,59.0,894.8,-1.0,-1.0,-1.0,-1.0,X5,2010-09-08 08:00:00,1055,40.79705,0.31822
-1.0,-1.0,17.4,55.0,-1.0,1.8,198.0,-1.0,-1.0,X6,2010-09-08 08:00:00,366,41.92173,1.02901
-1.0,-1.0,19.1,52.0,-1.0,3.0,246.0,-1.0,-1.0,X7,2010-09-08 08:00:00,215,41.51909,0.55314
3.6,323.0,20.9,43.0,1000.1,-1.0,-1.0,-1.0,-1.0,X8,2010-09-08 08:00:00,79,41.37919,2.1054
2.5,322.0,20.4,52.0,990.0,-1.0,-1.0,-1.0,-1.0,X9,2010-09-08 08:00:00,176,41.61265,2.16836
5.3,14.0,2.4,76.0,-1.0,-1.0,-1.0,-1.0,-1.0,ZB,2010-09-08 08:00:00,2451,42.51939,1.36597
-1.0,-1.0,1.5,100.0,-1.0,-1.0,-1.0,2.3,240.0,Z1,2010-09-08 08:00:00,2266,42.64691,0.98486
-1.0,-1.0,2.4,72.0,-1.0,-1.0,-1.0,2.3,309.0,Z2,2010-09-08 08:00:00,2535,42.46602,0.88405
-1.0,-1.0,6.9,78.0,-1.0,-1.0,-1.0,0.9,166.0,Z3,2010-09-08 08:00:00,2230,42.46605,1.7785
-1.0,-1.0,4.2,95.0,-1.0,-1.0,-1.0,1.4,108.0,Z4,2010-09-08 08:00:00,2364,42.42205,2.2524
-1.0,-1.0,1.6,85.0,-1.0,-1.0,-1.0,1.4,223.0,Z5,2010-09-08 08:00:00,2400,42.70029,1.27201
-1.0,-1.0,2.2,97.0,-1.0,-1.0,-1.0,0.4,260.0,Z6,2010-09-08 08:00:00,2228,42.77011,0.73198
0.8,91.0,3.2,86.0,-1.0,-1.0,-1.0,-1.0,-1.0,Z7,2010-09-08 08:00:00,2519,42.53412,1.05476
-1.0,-1.0,4.6,75.0,-1.0,-1.0,-1.0,4.0,325.0,Z8,2010-09-08 08:00:00,2316,42.18254,1.52407
1.6,264.0,6.1,84.0,-1.0,-1.0,-1.0,-1.0,-1.0,Z9,2010-09-08 08:00:00,2143,42.29265,1.71498
2.2,284.0,16.6,62.0,931.5,-1.0,-1.0,-1.0,-1.0,CA,2010-09-08 08:30:00,693,41.95378,1.5851
0.8,127.0,13.2,95.0,938.5,-1.0,-1.0,-1.0,-1.0,CC,2010-09-08 08:30:00,626,42.07398,2.20862
1.6,144.0,18.0,44.0,913.2,-1.0,-1.0,-1.0,-1.0,CD,2010-09-08 08:30:00,849,42.37083,1.43277
3.6,304.0,19.2,49.0,973.6,-1.0,-1.0,-1.0,-1.0,CE,2010-09-08 08:30:00,316,41.53109,1.80813
2.0,109.0,14.2,69.0,855.0,-1.0,-1.0,-1.0,-1.0,CG,2010-09-08 08:30:00,1405,42.37717,2.41456
0.2,130.0,13.8,89.0,913.2,-1.0,-1.0,-1.0,-1.0,CI,2010-09-08 08:30:00,852,42.25839,2.36429
2.5,163.0,17.6,60.0,944.5,-1.0,-1.0,-1.0,-1.0,CJ,2010-09-08 08:30:00,566.5,42.21624,1.33132
1.7,286.0,18.4,51.0,970.0,-1.0,-1.0,-1.0,-1.0,CL,2010-09-08 08:30:00,349,41.67399,1.76796
1.2,250.0,17.8,55.0,931.9,-1.0,-1.0,-1.0,-1.0,CP,2010-09-08 08:30:00,690,42.13924,1.03893
1.7,152.0,18.2,56.0,942.7,-1.0,-1.0,-1.0,-1.0,CQ,2010-09-08 08:30:00,594,41.99546,1.02569
0.3,215.0,10.6,99.0,912.2,-1.0,-1.0,-1.0,-1.0,CR,2010-09-08 08:30:00,873,42.08032,1.9624
1.3,129.0,15.7,68.0,916.5,-1.0,-1.0,-1.0,-1.0,CT,2010-09-08 08:30:00,823,42.39811,0.74362
0.4,168.0,12.4,75.0,898.5,-1.0,-1.0,-1.0,-1.0,CU,2010-09-08 08:30:00,1002,42.69856,0.79397
1.3,145.0,18.4,55.0,951.0,-1.0,-1.0,-1.0,-1.0,CV,2010-09-08 08:30:00,513.3,42.23939,0.96434
7.3,274.0,17.7,52.0,959.4,-1.0,-1.0,-1.0,-1.0,CW,2010-09-08 08:30:00,446,41.39241,1.09894
2.8,268.0,14.9,67.0,917.9,-1.0,-1.0,-1.0,-1.0,CY,2010-09-08 08:30:00,816,41.87813,2.17873
5.6,243.0,18.4,59.0,980.7,-1.0,-1.0,-1.0,-1.0,C6,2010-09-08 08:30:00,264,41.6566,0.95172
6.2,257.0,17.1,56.0,962.0,-1.0,-1.0,-1.0,-1.0,C7,2010-09-08 08:30:00,427,41.66695,1.16234
7.1,274.0,15.2,62.0,946.3,-1.0,-1.0,-1.0,-1.0,C8,2010-09-08 08:30:00,554,41.67555,1.29609
-1.0,-1.0,21.4,38.0,983.5,-1.0,-1.0,-1.0,-1.0,C9,2010-09-08 08:30:00,240,40.71825,0.39988
5.0,321.0,20.6,38.0,990.4,-1.0,-1.0,-1.0,-1.0,DB,2010-09-08 08:30:00,179,40.87287,0.71581
0.8,53.0,19.8,62.0,960.7,-1.0,-1.0,-1.0,-1.0,DC,2010-09-08 08:30:00,421.5,42.19144,2.48263
3.2,285.0,22.1,48.0,1004.7,-1.0,-1.0,-1.0,-1.0,DD,2010-09-08 08:30:00,44.5,41.51175,2.38674
1.9,28.0,21.3,60.0,1006.8,-1.0,-1.0,-1.0,-1.0,DF,2010-09-08 08:30:00,28.6,41.97751,3.03543
1.4,258.0,10.7,55.0,798.3,-1.0,-1.0,-1.0,-1.0,DG,2010-09-08 08:30:00,1971.4,42.39848,2.15517
3.1,142.0,20.3,44.0,962.6,-1.0,-1.0,-1.0,-1.0,DI,2010-09-08 08:30:00,415,41.43292,1.62386
1.3,97.0,19.2,70.0,989.5,-1.0,-1.0,-1.0,-1.0,DJ,2010-09-08 08:30:00,176,42.11653,2.78969
1.9,120.0,22.7,46.0,1009.7,-1.0,-1.0,-1.0,-1.0,DK,2010-09-08 08:30:00,2,41.14677,1.41846
3.4,299.0,23.1,40.0,1010.9,-1.0,-1.0,-1.0,-1.0,DL,2010-09-08 08:30:00,0.5,40.70719,0.83449
1.3,7.0,21.4,56.0,999.3,-1.0,-1.0,-1.0,-1.0,DM,2010-09-08 08:30:00,90,41.96012,2.80696
0.6,75.0,21.5,55.0,992.0,-1.0,-1.0,-1.0,-1.0,DN,2010-09-08 08:30:00,150,41.96095,2.63108
3.0,98.0,21.0,59.0,1008.3,-1.0,-1.0,-1.0,-1.0,DO,2010-09-08 08:30:00,14,41.80857,3.03241
1.0,40.0,15.3,51.0,886.9,-1.0,-1.0,-1.0,-1.0,DP,2010-09-08 08:30:00,1097,42.38605,1.8664
4.8,318.0,18.7,48.0,977.5,-1.0,-1.0,-1.0,-1.0,DQ,2010-09-08 08:30:00,287,41.30728,1.36259
-1.0,-1.0,17.8,53.0,965.4,-1.0,-1.0,-1.0,-1.0,D1,2010-09-08 08:30:00,404,41.28521,0.75383
-1.0,-1.0,17.4,64.0,970.6,-1.0,-1.0,-1.0,-1.0,D2,2010-09-08 08:30:00,343,41.59252,1.915
1.5,315.0,21.4,40.0,980.8,-1.0,-1.0,-1.0,-1.0,D3,2010-09-08 08:30:00,252,41.38197,1.93564
5.2,40.0,20.3,43.0,1007.0,-1.0,-1.0,-1.0,-1.0,D4,2010-09-08 08:30:00,24,42.27065,3.18165
3.4,250.0,18.9,44.0,962.9,-1.0,-1.0,-1.0,-1.0,D5,2010-09-08 08:30:00,411.2,41.41843,2.12388
9.0,13.0,18.0,50.0,986.9,-1.0,-1.0,-1.0,-1.0,D6,2010-09-08 08:30:00,196,42.43515,3.16622
4.8,296.0,21.5,42.0,1005.8,-1.0,-1.0,-1.0,-1.0,D7,2010-09-08 08:30:00,53,41.18499,0.59376
4.9,293.0,18.5,42.0,953.4,-1.0,-1.0,-1.0,-1.0,D8,2010-09-08 08:30:00,515,40.95134,0.30565
2.8,261.0,22.0,38.0,1003.3,-1.0,-1.0,-1.0,-1.0,D9,2010-09-08 08:30:00,59,41.21553,1.52121
5.0,278.0,18.4,56.0,972.0,-1.0,-1.0,-1.0,-1.0,H1,2010-09-08 08:30:00,333,41.58642,1.65306
3.2,327.0,19.1,55.0,985.9,-1.0,-1.0,-1.0,-1.0,R1,2010-09-08 08:30:00,210,41.70637,1.87276
4.4,314.0,22.2,33.0,997.0,-1.0,-1.0,-1.0,-1.0,VQ,2010-09-08 08:30:00,112,41.1713,1.16774
3.0,45.0,3.5,78.0,773.1,-1.0,-1.0,-1.0,-1.0,VS,2010-09-08 08:30:00,2247,42.63835,0.77889
-1.0,-1.0,21.2,44.0,1005.0,-1.0,-1.0,3.9,295.0,WU,2010-09-08 08:30:00,42,41.45215,2.24757
1.6,175.0,23.4,41.0,1008.0,-1.0,-1.0,-1.0,-1.0,WZ,2010-09-08 08:30:00,17,41.20187,1.63346
8.1,295.0,13.6,68.0,921.4,-1.0,-1.0,-1.0,-1.0,XA,2010-09-08 08:30:00,785,41.60257,1.4007
2.9,335.0,22.0,41.0,993.5,-1.0,-1.0,-1.0,-1.0,XC,2010-09-08 08:30:00,147,41.47892,1.97546
5.0,270.0,16.5,54.0,933.0,-1.0,-1.0,-1.0,-1.0,XD,2010-09-08 08:30:00,687,41.32,0.8857
3.2,246.0,23.4,40.0,1009.8,-1.0,-1.0,-1.0,-1.0,XE,2010-09-08 08:30:00,5,41.10393,1.201
3.4,279.0,19.3,54.0,980.2,-1.0,-1.0,-1.0,-1.0,XF,2010-09-08 08:30:00,258,41.56568,2.06952
1.5,249.0,21.0,49.0,996.5,-1.0,-1.0,-1.0,-1.0,XG,2010-09-08 08:30:00,123,41.56734,2.22619
-1.0,-1.0,19.2,41.0,932.8,-1.0,-1.0,-1.0,-1.0,XH,2010-09-08 08:30:00,679,42.40533,1.12993
2.7,311.0,22.0,40.0,1000.6,-1.0,-1.0,-1.0,-1.0,X8,2010-09-08 08:30:00,79,41.37919,2.1054
4.4,15.0,2.7,75.0,-1.0,-1.0,-1.0,-1.0,-1.0,ZB,2010-09-08 08:30:00,2451,42.51939,1.36597
-1.0,-1.0,2.1,100.0,-1.0,-1.0,-1.0,3.0,250.0,Z1,2010-09-08 08:30:00,2266,42.64691,0.98486
-1.0,-1.0,2.9,71.0,-1.0,-1.0,-1.0,2.3,308.0,Z2,2010-09-08 08:30:00,2535,42.46602,0.88405
-1.0,-1.0,7.7,75.0,-1.0,-1.0,-1.0,1.2,168.0,Z3,2010-09-08 08:30:00,2230,42.46605,1.7785
-1.0,-1.0,4.7,90.0,-1.0,-1.0,-1.0,2.0,55.0,Z4,2010-09-08 08:30:00,2364,42.42205,2.2524
-1.0,-1.0,2.7,79.0,-1.0,-1.0,-1.0,1.2,293.0,Z5,2010-09-08 08:30:00,2400,42.70029,1.27201
-1.0,-1.0,2.4,94.0,-1.0,-1.0,-1.0,0.7,270.0,Z6,2010-09-08 08:30:00,2228,42.77011,0.73198
2.2,74.0,2.8,86.0,-1.0,-1.0,-1.0,-1.0,-1.0,Z7,2010-09-08 08:30:00,2519,42.53412,1.05476
-1.0,-1.0,4.9,69.0,-1.0,-1.0,-1.0,4.3,322.0,Z8,2010-09-08 08:30:00,2316,42.18254,1.52407
1.9,287.0,6.5,81.0,-1.0,-1.0,-1.0,-1.0,-1.0,Z9,2010-09-08 08:30:00,2143,42.29265,1.71498
2.6,248.0,17.2,59.0,931.8,-1.0,-1.0,-1.0,-1.0,CA,2010-09-08 09:00:00,693,41.95378,1.5851
1.0,170.0,13.1,95.0,939.0,-1.0,-1.0,-1.0,-1.0,CC,2010-09-08 09:00:00,626,42.07398,2.20862
1.4,152.0,18.8,39.0,913.3,-1.0,-1.0,-1.0,-1.0,CD,2010-09-08 09:00:00,849,42.37083,1.43277
4.7,304.0,19.8,47.0,974.0,-1.0,-1.0,-1.0,-1.0,CE,2010-09-08 09:00:00,316,41.53109,1.80813
2.9,59.0,13.9,69.0,855.4,-1.0,-1.0,-1.0,-1.0,CG,2010-09-08 09:00:00,1405,42.37717,2.41456
1.7,103.0,15.6,80.0,913.6,-1.0,-1.0,-1.0,-1.0,CI,2010-09-08 09:00:00,852,42.25839,2.36429
3.2,163.0,18.7,56.0,944.7,-1.0,-1.0,-1.0,-1.0,CJ,2010-09-08 09:00:00,566.5,42.21624,1.33132
1.2,282.0,19.5,47.0,970.3,-1.0,-1.0,-1.0,-1.0,CL,2010-09-08 09:00:00,349,41.67399,1.76796
0.8,275.0,18.7,52.0,932.1,-1.0,-1.0,-1.0,-1.0,CP,2010-09-08 09:00:00,690,42.13924,1.03893
1.4,147.0,19.4,52.0,943.0,-1.0,-1.0,-1.0,-1.0,CQ,2010-09-08 09:00:00,594,41.99546,1.02569
0.4,242.0,11.1,99.0,912.7,-1.0,-1.0,-1.0,-1.0,CR,2010-09-08 09:00:00,873,42.08032,1.9624
2.0,153.0,17.4,57.0,916.6,-1.0,-1.0,-1.0,-1.0,CT,2010-09-08 09:00:00,823,42.39811,0.74362
0.7,5.0,15.0,64.0,898.5,-1.0,-1.0,-1.0,-1.0,CU,2010-09-08 09:00:00,1002,42.69856,0.79397
1.2,147.0,19.2,52.0,951.2,-1.0,-1.0,-1.0,-1.0,CV,2010-09-08 09:00:00,513.3,42.23939,0.96434
7.3,274.0,18.3,48.0,959.5,-1.0,-1.0,-1.0,-1.0,CW,2010-09-08 09:00:00,446,41.39241,1.09894
3.0,260.0,15.3,66.0,918.2,-1.0,-1.0,-1.0,-1.0,CY,2010-09-08 09:00:00,816,41.87813,2.17873
6.2,246.0,19.1,56.0,980.8,-1.0,-1.0,-1.0,-1.0,C6,2010-09-08 09:00:00,264,41.6566,0.95172
6.6,261.0,17.9,53.0,962.2,-1.0,-1.0,-1.0,-1.0,C7,2010-09-08 09:00:00,427,41.66695,1.16234
7.2,271.0,15.8,59.0,946.6,-1.0,-1.0,-1.0,-1.0,C8,2010-09-08 09:00:00,554,41.67555,1.29609
-1.0,-1.0,22.0,37.0,983.6,-1.0,-1.0,-1.0,-1.0,C9,2010-09-08 09:00:00,240,40.71825,0.39988
9.0,340.0,21.2,35.0,990.1,-1.0,-1.0,-1.0,-1.0,DB,2010-09-08 09:00:00,179,40.87287,0.71581
1.8,37.0,19.2,67.0,961.1,-1.0,-1.0,-1.0,-1.0,DC,2010-09-08 09:00:00,421.5,42.19144,2.48263
3.4,292.0,22.7,47.0,1005.0,-1.0,-1.0,-1.0,-1.0,DD,2010-09-08 09:00:00,44.5,41.51175,2.38674
1.6,29.0,21.9,55.0,1007.1,-1.0,-1.0,-1.0,-1.0,DF,2010-09-08 09:00:00,28.6,41.97751,3.03543
1.7,248.0,11.2,52.0,798.6,-1.0,-1.0,-1.0,-1.0,DG,2010-09-08 09:00:00,1971.4,42.39848,2.15517
3.9,314.0,20.1,43.0,963.0,-1.0,-1.0,-1.0,-1.0,DI,2010-09-08 09:00:00,415,41.43292,1.62386
1.1,81.0,19.2,69.0,989.8,-1.0,-1.0,-1.0,-1.0,DJ,2010-09-08 09:00:00,176,42.11653,2.78969
2.4,129.0,23.6,44.0,1009.9,-1.0,-1.0,-1.0,-1.0,DK,2010-09-08 09:00:00,2,41.14677,1.41846
3.0,283.0,24.2,38.0,1010.9,-1.0,-1.0,-1.0,-1.0,DL,2010-09-08 09:00:00,0.5,40.70719,0.83449
1.0,14.0,22.4,55.0,999.5,-1.0,-1.0,-1.0,-1.0,DM,2010-09-08 09:00:00,90,41.96012,2.80696
1.3,99.0,21.5,59.0,992.3,-1.0,-1.0,-1.0,-1.0,DN,2010-09-08 09:00:00,150,41.96095,2.63108
3.3,85.0,21.8,56.0,1008.5,-1.0,-1.0,-1.0,-1.0,DO,2010-09-08 09:00:00,14,41.80857,3.03241
1.4,250.0,16.7,47.0,887.1,-1.0,-1.0,-1.0,-1.0,DP,2010-09-08 09:00:00,1097,42.38605,1.8664
4.7,297.0,19.5,44.0,977.8,-1.0,-1.0,-1.0,-1.0,DQ,2010-09-08 09:00:00,287,41.30728,1.36259
-1.0,-1.0,18.7,47.0,965.5,-1.0,-1.0,-1.0,-1.0,D1,2010-09-08 09:00:00,404,41.28521,0.75383
-1.0,-1.0,18.8,59.0,971.0,-1.0,-1.0,-1.0,-1.0,D2,2010-09-08 09:00:00,343,41.59252,1.915
2.1,289.0,22.3,36.0,981.0,-1.0,-1.0,-1.0,-1.0,D3,2010-09-08 09:00:00,252,41.38197,1.93564
6.0,40.0,20.7,44.0,1007.4,-1.0,-1.0,-1.0,-1.0,D4,2010-09-08 09:00:00,24,42.27065,3.18165
3.4,247.0,19.5,41.0,963.2,-1.0,-1.0,-1.0,-1.0,D5,2010-09-08 09:00:00,411.2,41.41843,2.12388
8.4,9.0,18.5,48.0,987.2,-1.0,-1.0,-1.0,-1.0,D6,2010-09-08 09:00:00,196,42.43515,3.16622
4.5,298.0,22.6,37.0,1006.0,-1.0,-1.0,-1.0,-1.0,D7,2010-09-08 09:00:00,53,41.18499,0.59376
4.7,297.0,19.3,40.0,953.6,-1.0,-1.0,-1.0,-1.0,D8,2010-09-08 09:00:00,515,40.95134,0.30565
2.3,185.0,22.9,38.0,1003.7,-1.0,-1.0,-1.0,-1.0,D9,2010-09-08 09:00:00,59,41.21553,1.52121
3.5,280.0,19.0,54.0,972.4,-1.0,-1.0,-1.0,-1.0,H1,2010-09-08 09:00:00,333,41.58642,1.65306
3.6,326.0,19.8,52.0,986.2,-1.0,-1.0,-1.0,-1.0,R1,2010-09-08 09:00:00,210,41.70637,1.87276
-1.0,-1.0,22.3,40.0,-1.0,3.7,307.0,-1.0,-1.0,UA,2010-09-08 09:00:00,93,40.9091,0.76943
-1.0,-1.0,22.0,51.0,-1.0,1.0,31.0,-1.0,-1.0,UB,2010-09-08 09:00:00,15,42.05398,3.06195
-1.0,-1.0,21.8,57.0,-1.0,1.5,49.0,-1.0,-1.0,UC,2010-09-08 09:00:00,60,41.97726,2.99705
-1.0,-1.0,22.6,54.0,-1.0,-1.0,-1.0,-1.0,-1.0,UD,2010-09-08 09:00:00,12,42.02895,3.06227
-1.0,-1.0,21.8,59.0,-1.0,-1.0,-1.0,-1.0,-1.0,UE,2010-09-08 09:00:00,4,42.02306,3.15719
-1.0,-1.0,19.0,41.0,-1.0,2.5,285.0,-1.0,-1.0,UF,2010-09-08 09:00:00,573,41.28832,1.90775
-1.0,-1.0,24.2,40.0,-1.0,1.0,58.0,-1.0,-1.0,UG,2010-09-08 09:00:00,3,41.29928,2.03787
-1.0,-1.0,18.7,49.0,-1.0,2.0,261.0,4.4,271.0,UH,2010-09-08 09:00:00,545,41.34171,1.48769
-1.0,-1.0,15.8,70.0,-1.0,0.5,79.0,-1.0,-1.0,UI,2010-09-08 09:00:00,1386,42.26477,1.76218
-1.0,-1.0,16.1,59.0,-1.0,4.0,272.0,7.2,275.0,UJ,2010-09-08 09:00:00,709,41.52879,1.3683
-1.0,-1.0,23.8,33.0,-1.0,1.1,248.0,-1.0,-1.0,UK,2010-09-08 09:00:00,161,41.27861,1.80479
-1.0,-1.0,20.7,45.0,-1.0,2.4,259.0,-1.0,-1.0,UL,2010-09-08 09:00:00,228,41.52911,0.75303
-1.0,-1.0,18.1,47.0,-1.0,4.2,273.0,-1.0,-1.0,UM,2010-09-08 09:00:00,505,41.35991,0.66789
-1.0,-1.0,22.4,56.0,-1.0,1.3,67.0,-1.0,-1.0,UN,2010-09-08 09:00:00,171,41.87449,2.92694
-1.0,-1.0,22.9,58.0,-1.0,-1.0,-1.0,-1.0,-1.0,UO,2010-09-08 09:00:00,97,41.91461,2.82069
2.6,300.0,22.4,45.0,1001.0,-1.0,-1.0,-1.0,-1.0,UP,2010-09-08 09:00:00,81,41.51773,2.37702
-1.0,-1.0,18.2,55.0,-1.0,2.0,225.0,-1.0,-1.0,UQ,2010-09-08 09:00:00,460,41.61991,2.44532
-1.0,-1.0,24.8,30.0,-1.0,1.6,342.0,-1.0,-1.0,US,2010-09-08 09:00:00,24,40.55786,0.52329
6.4,309.0,23.1,35.0,1012.0,-1.0,-1.0,-1.0,-1.0,UU,2010-09-08 09:00:00,3,40.70776,0.6321
-1.0,-1.0,23.0,31.0,-1.0,1.3,347.0,-1.0,-1.0,UV,2010-09-08 09:00:00,205,40.71727,0.41633
-1.0,-1.0,23.1,36.0,1012.0,3.6,329.0,-1.0,-1.0,UW,2010-09-08 09:00:00,0,40.62725,0.65922
-1.0,-1.0,23.4,28.0,-1.0,2.2,345.0,-1.0,-1.0,UX,2010-09-08 09:00:00,210,40.62652,0.37112
-1.0,-1.0,20.1,46.0,-1.0,1.3,248.0,1.9,246.0,UY,2010-09-08 09:00:00,576,41.87912,0.76103
-1.0,-1.0,22.0,51.0,-1.0,0.5,106.0,-1.0,-1.0,U1,2010-09-08 09:00:00,31,42.30648,2.95481
1.9,75.0,22.6,49.0,1010.0,-1.0,-1.0,-1.0,-1.0,U2,2010-09-08 09:00:00,4,42.17716,3.0968
-1.0,-1.0,21.4,38.0,-1.0,1.9,322.0,-1.0,-1.0,U3,2010-09-08 09:00:00,257,41.37491,1.63032
2.9,247.0,17.7,61.0,-1.0,1.9,252.0,-1.0,-1.0,U4,2010-09-08 09:00:00,507,41.83094,1.84699
-1.0,-1.0,14.3,58.0,-1.0,2.0,226.0,-1.0,-1.0,U5,2010-09-08 09:00:00,969,41.31349,0.99611
-1.0,-1.0,22.2,40.0,-1.0,2.7,290.0,-1.0,-1.0,U6,2010-09-08 09:00:00,29,41.08017,1.06661
-1.0,-1.0,22.5,35.0,-1.0,3.5,331.0,-1.0,-1.0,U7,2010-09-08 09:00:00,52,40.85936,0.50525
-1.0,-1.0,23.3,32.0,-1.0,2.8,306.0,-1.0,-1.0,U9,2010-09-08 09:00:00,62,40.76947,0.61635
-1.0,-1.0,21.0,37.0,-1.0,3.6,305.0,-1.0,-1.0,VA,2010-09-08 09:00:00,257,41.19645,0.51161
7.1,291.0,22.8,33.0,-1.0,-1.0,-1.0,-1.0,-1.0,VB,2010-09-08 09:00:00,32,41.06289,0.63517
-1.0,-1.0,21.9,38.0,-1.0,4.6,261.0,-1.0,-1.0,VC,2010-09-08 09:00:00,69,41.24415,0.43266
-1.0,-1.0,17.7,52.0,-1.0,6.6,263.0,-1.0,-1.0,VD,2010-09-08 09:00:00,429,41.68939,1.20381
-1.0,-1.0,23.1,40.0,-1.0,3.0,249.0,-1.0,-1.0,VE,2010-09-08 09:00:00,97,41.48692,0.46058
-1.0,-1.0,22.6,43.0,-1.0,0.8,247.0,-1.0,-1.0,VF,2010-09-08 09:00:00,122,41.56482,0.54999
-1.0,-1.0,20.4,47.0,-1.0,4.0,290.0,-1.0,-1.0,VH,2010-09-08 09:00:00,259,41.65814,0.39301
-1.0,-1.0,21.0,42.0,-1.0,2.6,249.0,-1.0,-1.0,VJ,2010-09-08 09:00:00,161,41.59957,0.6478
6.0,286.0,19.9,50.0,978.7,-1.0,-1.0,-1.0,-1.0,VK,2010-09-08 09:00:00,286,41.68328,0.4487
3.5,268.0,23.1,35.0,-1.0,1.9,252.0,-1.0,-1.0,VL,2010-09-08 09:00:00,100,41.46014,0.40562
-1.0,-1.0,20.5,46.0,-1.0,3.7,291.0,-1.0,-1.0,VM,2010-09-08 09:00:00,222,41.7145,0.62839
-1.0,-1.0,23.1,61.0,-1.0,-1.0,-1.0,-1.0,-1.0,VN,2010-09-08 09:00:00,117,41.88244,2.74262
-1.0,-1.0,16.7,60.0,-1.0,1.3,160.0,-1.0,-1.0,VO,2010-09-08 09:00:00,785,42.08745,1.42792
-1.0,-1.0,15.8,67.0,-1.0,3.8,265.0,5.2,275.0,VP,2010-09-08 09:00:00,659,41.80483,1.53853
4.0,313.0,22.6,34.0,997.0,-1.0,-1.0,-1.0,-1.0,VQ,2010-09-08 09:00:00,112,41.1713,1.16774
-1.0,-1.0,20.6,51.0,-1.0,1.2,244.0,-1.0,-1.0,VR,2010-09-08 09:00:00,291,41.68994,1.04401
4.0,46.0,3.8,80.0,773.4,-1.0,-1.0,-1.0,-1.0,VS,2010-09-08 09:00:00,2247,42.63835,0.77889
-1.0,-1.0,21.8,39.0,-1.0,2.8,270.0,-1.0,-1.0,VT,2010-09-08 09:00:00,84,41.48401,2.12745
-1.0,-1.0,19.0,54.0,-1.0,0.4,326.0,-1.0,-1.0,VU,2010-09-08 09:00:00,421,41.63286,1.91718
2.1,37.0,18.4,57.0,-1.0,-1.0,-1.0,-1.0,-1.0,VV,2010-09-08 09:00:00,528,41.68129,2.02647
-1.0,-1.0,15.7,63.0,-1.0,0.3,244.0,-1.0,-1.0,VX,2010-09-08 09:00:00,1030,41.74761,2.30291
-1.0,-1.0,23.0,36.0,-1.0,-1.0,-1.0,-1.0,-1.0,VY,2010-09-08 09:00:00,240,41.25095,1.29863
-1.0,-1.0,22.0,37.0,-1.0,-1.0,-1.0,-1.0,-1.0,VZ,2010-09-08 09:00:00,83,42.38443,3.00736
-1.0,-1.0,20.8,46.0,-1.0,2.8,202.0,-1.0,-1.0,V1,2010-09-08 09:00:00,238,41.78487,0.82939
-1.0,-1.0,17.0,75.0,-1.0,1.4,320.0,-1.0,-1.0,V3,2010-09-08 09:00:00,509,41.95224,2.23271
-1.0,-1.0,14.5,89.0,933.0,-1.0,-1.0,0.6,167.0,V4,2010-09-08 09:00:00,684,42.11477,2.21483
-1.0,-1.0,12.3,91.0,-1.0,1.1,246.0,1.3,229.0,V5,2010-09-08 09:00:00,774,42.03947,2.11993
-1.0,-1.0,20.2,52.0,-1.0,1.7,247.0,-1.0,-1.0,V8,2010-09-08 09:00:00,223,41.67279,0.87741
-1.0,-1.0,18.6,51.0,-1.0,4.2,252.0,-1.0,-1.0,WA,2010-09-08 09:00:00,443,41.87694,1.1541
-1.0,-1.0,20.0,46.0,-1.0,3.6,282.0,-1.0,-1.0,WB,2010-09-08 09:00:00,267,41.76036,0.67022
-1.0,-1.0,19.6,52.0,-1.0,2.6,272.0,-1.0,-1.0,WC,2010-09-08 09:00:00,261,41.63642,0.92446
-1.0,-1.0,20.0,39.0,-1.0,3.1,322.0,-1.0,-1.0,WD,2010-09-08 09:00:00,382,41.08671,0.31884
-1.0,-1.0,21.6,52.0,-1.0,0.9,278.0,-1.0,-1.0,WE,2010-09-08 09:00:00,126,41.5444,2.30014
-1.0,-1.0,22.3,59.0,-1.0,-1.0,-1.0,-1.0,-1.0,WF,2010-09-08 09:00:00,108,41.95425,2.77578
-1.0,-1.0,19.3,47.0,-1.0,3.5,261.0,-1.0,-1.0,WG,2010-09-08 09:00:00,301,41.80104,0.64804
-1.0,-1.0,19.6,43.0,-1.0,3.5,288.0,-1.0,-1.0,WI,2010-09-08 09:00:00,350,41.35741,0.4809
-1.0,-1.0,21.3,38.0,-1.0,5.3,316.0,-1.0,-1.0,WJ,2010-09-08 09:00:00,141,41.1223,0.72182
-1.0,-1.0,19.9,47.0,-1.0,2.4,286.0,-1.0,-1.0,WK,2010-09-08 09:00:00,268,41.81949,0.57768
-1.0,-1.0,18.2,51.0,-1.0,4.1,250.0,-1.0,-1.0,WL,2010-09-08 09:00:00,413,41.57236,1.0882
1.3,185.0,11.3,93.0,-1.0,-1.0,-1.0,-1.0,-1.0,WM,2010-09-08 09:00:00,1167,42.10736,1.8267
-1.0,-1.0,16.0,57.0,-1.0,-1.0,-1.0,1.3,83.0,WN,2010-09-08 09:00:00,916,41.59539,1.83751
-1.0,-1.0,21.9,37.0,-1.0,-1.0,-1.0,-1.0,-1.0,WO,2010-09-08 09:00:00,185,41.27151,1.46717
-1.0,-1.0,20.4,46.0,-1.0,2.2,340.0,-1.0,-1.0,WP,2010-09-08 09:00:00,325,41.48518,1.69337
-1.0,-1.0,11.8,57.0,839.3,-1.0,-1.0,-1.0,-1.0,WQ,2010-09-08 09:00:00,1572,42.0513,0.72952
-1.0,-1.0,21.8,37.0,-1.0,1.3,267.0,-1.0,-1.0,WR,2010-09-08 09:00:00,300,41.2163,0.79748
0.8,312.0,17.0,62.0,904.0,-1.0,-1.0,-1.0,-1.0,WS,2010-09-08 09:00:00,953,41.84008,2.41877
3.5,186.0,23.3,57.0,1011.0,-1.0,-1.0,-1.0,-1.0,WT,2010-09-08 09:00:00,2,41.64707,2.75658
-1.0,-1.0,21.9,40.0,1005.0,-1.0,-1.0,4.7,262.0,WU,2010-09-08 09:00:00,42,41.45215,2.24757
3.1,181.0,15.5,80.0,921.0,-1.0,-1.0,-1.0,-1.0,WV,2010-09-08 09:00:00,788,42.23414,1.87485
-1.0,-1.0,19.3,60.0,-1.0,-1.0,-1.0,-1.0,-1.0,WW,2010-09-08 09:00:00,278,41.79423,1.9368
-1.0,-1.0,17.9,53.0,-1.0,2.0,157.0,-1.0,-1.0,WX,2010-09-08 09:00:00,668,41.9178,0.88175
-1.0,-1.0,22.4,45.0,-1.0,1.4,349.0,-1.0,-1.0,WY,2010-09-08 09:00:00,164,41.43386,1.79429
2.0,186.0,24.0,39.0,1009.0,-1.0,-1.0,-1.0,-1.0,WZ,2010-09-08 09:00:00,17,41.20187,1.63346
-1.0,-1.0,22.0,52.0,-1.0,-1.0,-1.0,-1.0,-1.0,W1,2010-09-08 09:00:00,2,42.24726,3.09021
-1.0,-1.0,21.1,58.0,-1.0,-1.0,-1.0,-1.0,-1.0,W2,2010-09-08 09:00:00,7,42.18259,3.05783
-1.0,-1.0,22.9,51.0,-1.0,-1.0,-1.0,-1.0,-1.0,W3,2010-09-08 09:00:00,4,42.15006,3.06494
-1.0,-1.0,22.2,39.0,-1.0,2.1,295.0,-1.0,-1.0,W4,2010-09-08 09:00:00,240,41.36619,1.72857
-1.0,-1.0,18.8,52.0,-1.0,1.5,187.0,-1.0,-1.0,W5,2010-09-08 09:00:00,490,42.07683,1.31489
-1.0,-1.0,22.3,41.0,-1.0,1.9,306.0,-1.0,-1.0,W6,2010-09-08 09:00:00,158,41.13738,1.0187
-1.0,-1.0,18.1,53.0,-1.0,-1.0,-1.0,-1.0,-1.0,W8,2010-09-08 09:00:00,438,41.44237,1.15998
-1.0,-1.0,18.4,69.0,-1.0,0.5,288.0,-1.0,-1.0,W9,2010-09-08 09:00:00,461,42.14557,2.45451
9.4,295.0,13.9,67.0,921.7,-1.0,-1.0,-1.0,-1.0,XA,2010-09-08 09:00:00,785,41.60257,1.4007
-1.0,-1.0,17.9,53.0,-1.0,-1.0,-1.0,-1.0,-1.0,XB,2010-09-08 09:00:00,584,41.4779,1.53529
3.3,328.0,22.9,38.0,993.8,-1.0,-1.0,-1.0,-1.0,XC,2010-09-08 09:00:00,147,41.47892,1.97546
6.0,278.0,17.4,49.0,933.2,-1.0,-1.0,-1.0,-1.0,XD,2010-09-08 09:00:00,687,41.32,0.8857
5.0,275.0,24.3,36.0,1010.0,-1.0,-1.0,-1.0,-1.0,XE,2010-09-08 09:00:00,5,41.10393,1.201
3.7,294.0,19.7,53.0,980.6,-1.0,-1.0,-1.0,-1.0,XF,2010-09-08 09:00:00,258,41.56568,2.06952
1.6,274.0,21.7,46.0,996.7,-1.0,-1.0,-1.0,-1.0,XG,2010-09-08 09:00:00,123,41.56734,2.22619
-1.0,-1.0,20.2,39.0,933.0,-1.0,-1.0,-1.0,-1.0,XH,2010-09-08 09:00:00,679,42.40533,1.12993
-1.0,-1.0,19.6,49.0,983.2,3.9,261.0,-1.0,-1.0,XI,2010-09-08 09:00:00,247,41.61817,0.87182
7.8,288.0,20.0,47.0,970.9,-1.0,-1.0,-1.0,-1.0,X1,2010-09-08 09:00:00,359,41.15374,0.81953
-1.0,-1.0,24.1,35.0,-1.0,-1.0,-1.0,-1.0,-1.0,X2,2010-09-08 09:00:00,7,41.38943,2.18847
8.4,283.0,19.2,51.0,968.0,-1.0,-1.0,-1.0,-1.0,X3,2010-09-08 09:00:00,370,41.74281,0.5358
2.4,285.0,24.2,35.0,1006.3,-1.0,-1.0,-1.0,-1.0,X4,2010-09-08 09:00:00,33,41.3839,2.16775
5.3,275.0,14.2,53.0,895.2,-1.0,-1.0,-1.0,-1.0,X5,2010-09-08 09:00:00,1055,40.79705,0.31822
-1.0,-1.0,19.6,47.0,-1.0,2.7,205.0,-1.0,-1.0,X6,2010-09-08 09:00:00,366,41.92173,1.02901
-1.0,-1.0,21.0,42.0,-1.0,3.6,296.0,-1.0,-1.0,X7,2010-09-08 09:00:00,215,41.51909,0.55314
2.0,288.0,23.1,36.0,1000.8,-1.0,-1.0,-1.0,-1.0,X8,2010-09-08 09:00:00,79,41.37919,2.1054
1.9,289.0,21.8,46.0,991.0,-1.0,-1.0,-1.0,-1.0,X9,2010-09-08 09:00:00,176,41.61265,2.16836
4.5,22.0,3.2,71.0,-1.0,-1.0,-1.0,-1.0,-1.0,ZB,2010-09-08 09:00:00,2451,42.51939,1.36597
-1.0,-1.0,2.9,96.0,-1.0,-1.0,-1.0,3.3,278.0,Z1,2010-09-08 09:00:00,2266,42.64691,0.98486
-1.0,-1.0,3.6,67.0,-1.0,-1.0,-1.0,1.9,315.0,Z2,2010-09-08 09:00:00,2535,42.46602,0.88405
-1.0,-1.0,8.0,74.0,-1.0,-1.0,-1.0,1.5,181.0,Z3,2010-09-08 09:00:00,2230,42.46605,1.7785
-1.0,-1.0,4.9,86.0,-1.0,-1.0,-1.0,1.5,106.0,Z4,2010-09-08 09:00:00,2364,42.42205,2.2524
-1.0,-1.0,4.2,73.0,-1.0,-1.0,-1.0,1.4,132.0,Z5,2010-09-08 09:00:00,2400,42.70029,1.27201
-1.0,-1.0,3.0,88.0,-1.0,-1.0,-1.0,0.8,281.0,Z6,2010-09-08 09:00:00,2228,42.77011,0.73198
1.7,73.0,3.0,86.0,-1.0,-1.0,-1.0,-1.0,-1.0,Z7,2010-09-08 09:00:00,2519,42.53412,1.05476
-1.0,-1.0,5.4,62.0,-1.0,-1.0,-1.0,4.9,332.0,Z8,2010-09-08 09:00:00,2316,42.18254,1.52407
1.9,276.0,7.1,75.0,-1.0,-1.0,-1.0,-1.0,-1.0,Z9,2010-09-08 09:00:00,2143,42.29265,1.71498
2.3,252.0,18.0,56.0,932.1,-1.0,-1.0,-1.0,-1.0,CA,2010-09-08 09:30:00,693,41.95378,1.5851
1.6,262.0,13.7,90.0,939.4,-1.0,-1.0,-1.0,-1.0,CC,2010-09-08 09:30:00,626,42.07398,2.20862
2.1,123.0,20.6,32.0,913.4,-1.0,-1.0,-1.0,-1.0,CD,2010-09-08 09:30:00,849,42.37083,1.43277
5.1,292.0,20.1,46.0,974.1,-1.0,-1.0,-1.0,-1.0,CE,2010-09-08 09:30:00,316,41.53109,1.80813
3.3,73.0,14.1,66.0,855.7,-1.0,-1.0,-1.0,-1.0,CG,2010-09-08 09:30:00,1405,42.37717,2.41456
1.2,90.0,15.0,82.0,914.0,-1.0,-1.0,-1.0,-1.0,CI,2010-09-08 09:30:00,852,42.25839,2.36429
3.5,163.0,20.0,50.0,944.8,-1.0,-1.0,-1.0,-1.0,CJ,2010-09-08 09:30:00,566.5,42.21624,1.33132
1.7,313.0,19.7,47.0,970.5,-1.0,-1.0,-1.0,-1.0,CL,2010-09-08 09:30:00,349,41.67399,1.76796
1.4,275.0,20.2,47.0,932.2,-1.0,-1.0,-1.0,-1.0,CP,2010-09-08 09:30:00,690,42.13924,1.03893
2.2,162.0,20.7,48.0,943.1,-1.0,-1.0,-1.0,-1.0,CQ,2010-09-08 09:30:00,594,41.99546,1.02569
0.5,215.0,11.4,99.0,913.1,-1.0,-1.0,-1.0,-1.0,CR,2010-09-08 09:30:00,873,42.08032,1.9624
2.6,153.0,18.4,56.0,916.7,-1.0,-1.0,-1.0,-1.0,CT,2010-09-08 09:30:00,823,42.39811,0.74362
0.5,2.0,16.3,57.0,898.4,-1.0,-1.0,-1.0,-1.0,CU,2010-09-08 09:30:00,1002,42.69856,0.79397
1.3,151.0,20.2,47.0,951.3,-1.0,-1.0,-1.0,-1.0,CV,2010-09-08 09:30:00,513.3,42.23939,0.96434
7.6,273.0,19.1,46.0,959.6,-1.0,-1.0,-1.0,-1.0,CW,2010-09-08 09:30:00,446,41.39241,1.09894
3.4,266.0,14.7,69.0,918.6,-1.0,-1.0,-1.0,-1.0,CY,2010-09-08 09:30:00,816,41.87813,2.17873
6.3,248.0,20.1,53.0,980.8,-1.0,-1.0,-1.0,-1.0,C6,2010-09-08 09:30:00,264,41.6566,0.95172
6.5,257.0,18.7,51.0,962.2,-1.0,-1.0,-1.0,-1.0,C7,2010-09-08 09:30:00,427,41.66695,1.16234
6.0,271.0,17.1,55.0,946.9,-1.0,-1.0,-1.0,-1.0,C8,2010-09-08 09:30:00,554,41.67555,1.29609
-1.0,-1.0,22.8,35.0,983.7,-1.0,-1.0,-1.0,-1.0,C9,2010-09-08 09:30:00,240,40.71825,0.39988
8.7,337.0,21.6,33.0,990.1,-1.0,-1.0,-1.0,-1.0,DB,2010-09-08 09:30:00,179,40.87287,0.71581
1.7,47.0,19.6,67.0,961.5,-1.0,-1.0,-1.0,-1.0,DC,2010-09-08 09:30:00,421.5,42.19144,2.48263
3.0,243.0,23.6,44.0,1005.2,-1.0,-1.0,-1.0,-1.0,DD,2010-09-08 09:30:00,44.5,41.51175,2.38674
1.3,61.0,22.7,52.0,1007.2,-1.0,-1.0,-1.0,-1.0,DF,2010-09-08 09:30:00,28.6,41.97751,3.03543
2.8,200.0,11.6,68.0,798.9,-1.0,-1.0,-1.0,-1.0,DG,2010-09-08 09:30:00,1971.4,42.39848,2.15517
4.1,329.0,20.5,44.0,963.4,-1.0,-1.0,-1.0,-1.0,DI,2010-09-08 09:30:00,415,41.43292,1.62386
1.7,34.0,20.1,60.0,990.0,-1.0,-1.0,-1.0,-1.0,DJ,2010-09-08 09:30:00,176,42.11653,2.78969
3.0,89.0,24.5,42.0,1010.0,-1.0,-1.0,-1.0,-1.0,DK,2010-09-08 09:30:00,2,41.14677,1.41846
3.1,293.0,24.6,36.0,1010.9,-1.0,-1.0,-1.0,-1.0,DL,2010-09-08 09:30:00,0.5,40.70719,0.83449
2.2,20.0,22.4,56.0,999.8,-1.0,-1.0,-1.0,-1.0,DM,2010-09-08 09:30:00,90,41.96012,2.80696
1.2,49.0,21.4,64.0,992.5,-1.0,-1.0,-1.0,-1.0,DN,2010-09-08 09:30:00,150,41.96095,2.63108
2.9,100.0,22.2,55.0,1008.8,-1.0,-1.0,-1.0,-1.0,DO,2010-09-08 09:30:00,14,41.80857,3.03241
1.5,315.0,17.1,43.0,887.2,-1.0,-1.0,-1.0,-1.0,DP,2010-09-08 09:30:00,1097,42.38605,1.8664
4.4,313.0,20.3,42.0,978.2,-1.0,-1.0,-1.0,-1.0,DQ,2010-09-08 09:30:00,287,41.30728,1.36259
-1.0,-1.0,19.4,45.0,965.6,-1.0,-1.0,-1.0,-1.0,D1,2010-09-08 09:30:00,404,41.28521,0.75383
-1.0,-1.0,19.9,55.0,971.1,-1.0,-1.0,-1.0,-1.0,D2,2010-09-08 09:30:00,343,41.59252,1.915
2.7,311.0,22.4,38.0,981.3,-1.0,-1.0,-1.0,-1.0,D3,2010-09-08 09:30:00,252,41.38197,1.93564
5.4,43.0,21.1,42.0,1007.7,-1.0,-1.0,-1.0,-1.0,D4,2010-09-08 09:30:00,24,42.27065,3.18165
3.6,256.0,20.4,40.0,963.5,-1.0,-1.0,-1.0,-1.0,D5,2010-09-08 09:30:00,411.2,41.41843,2.12388
7.4,15.0,19.3,45.0,987.5,-1.0,-1.0,-1.0,-1.0,D6,2010-09-08 09:30:00,196,42.43515,3.16622
4.9,294.0,23.6,33.0,1006.1,-1.0,-1.0,-1.0,-1.0,D7,2010-09-08 09:30:00,53,41.18499,0.59376
5.2,306.0,19.2,39.0,953.8,-1.0,-1.0,-1.0,-1.0,D8,2010-09-08 09:30:00,515,40.95134,0.30565
3.1,150.0,23.8,38.0,1003.9,-1.0,-1.0,-1.0,-1.0,D9,2010-09-08 09:30:00,59,41.21553,1.52121
3.8,272.0,19.4,53.0,972.7,-1.0,-1.0,-1.0,-1.0,H1,2010-09-08 09:30:00,333,41.58642,1.65306
3.0,324.0,20.5,49.0,986.4,-1.0,-1.0,-1.0,-1.0,R1,2010-09-08 09:30:00,210,41.70637,1.87276
4.6,319.0,23.2,33.0,997.0,-1.0,-1.0,-1.0,-1.0,VQ,2010-09-08 09:30:00,112,41.1713,1.16774
3.8,43.0,4.2,78.0,773.5,-1.0,-1.0,-1.0,-1.0,VS,2010-09-08 09:30:00,2247,42.63835,0.77889
-1.0,-1.0,22.3,40.0,1006.0,-1.0,-1.0,4.5,257.0,WU,2010-09-08 09:30:00,42,41.45215,2.24757
2.4,176.0,24.6,36.0,1009.0,-1.0,-1.0,-1.0,-1.0,WZ,2010-09-08 09:30:00,17,41.20187,1.63346
6.8,293.0,14.9,65.0,922.4,-1.0,-1.0,-1.0,-1.0,XA,2010-09-08 09:30:00,785,41.60257,1.4007
3.5,319.0,23.4,35.0,994.0,-1.0,-1.0,-1.0,-1.0,XC,2010-09-08 09:30:00,147,41.47892,1.97546
6.9,304.0,17.9,46.0,933.4,-1.0,-1.0,-1.0,-1.0,XD,2010-09-08 09:30:00,687,41.32,0.8857
6.9,294.0,24.9,34.0,1010.0,-1.0,-1.0,-1.0,-1.0,XE,2010-09-08 09:30:00,5,41.10393,1.201
3.3,275.0,20.5,51.0,980.8,-1.0,-1.0,-1.0,-1.0,XF,2010-09-08 09:30:00,258,41.56568,2.06952
3.8,248.0,21.8,43.0,996.9,-1.0,-1.0,-1.0,-1.0,XG,2010-09-08 09:30:00,123,41.56734,2.22619
-1.0,-1.0,20.8,36.0,933.0,-1.0,-1.0,-1.0,-1.0,XH,2010-09-08 09:30:00,679,42.40533,1.12993
2.3,299.0,23.8,34.0,1001.0,-1.0,-1.0,-1.0,-1.0,X8,2010-09-08 09:30:00,79,41.37919,2.1054
3.3,20.0,4.2,65.0,-1.0,-1.0,-1.0,-1.0,-1.0,ZB,2010-09-08 09:30:00,2451,42.51939,1.36597
-1.0,-1.0,3.3,91.0,-1.0,-1.0,-1.0,3.4,265.0,Z1,2010-09-08 09:30:00,2266,42.64691,0.98486
-1.0,-1.0,4.0,63.0,-1.0,-1.0,-1.0,1.9,297.0,Z2,2010-09-08 09:30:00,2535,42.46602,0.88405
-1.0,-1.0,8.2,72.0,-1.0,-1.0,-1.0,1.3,188.0,Z3,2010-09-08 09:30:00,2230,42.46605,1.7785
-1.0,-1.0,5.5,86.0,-1.0,-1.0,-1.0,2.0,103.0,Z4,2010-09-08 09:30:00,2364,42.42205,2.2524
-1.0,-1.0,4.5,72.0,-1.0,-1.0,-1.0,1.2,150.0,Z5,2010-09-08 09:30:00,2400,42.70029,1.27201
-1.0,-1.0,3.4,86.0,-1.0,-1.0,-1.0,1.0,316.0,Z6,2010-09-08 09:30:00,2228,42.77011,0.73198
2.7,71.0,2.7,87.0,-1.0,-1.0,-1.0,-1.0,-1.0,Z7,2010-09-08 09:30:00,2519,42.53412,1.05476
-1.0,-1.0,5.7,64.0,-1.0,-1.0,-1.0,4.4,310.0,Z8,2010-09-08 09:30:00,2316,42.18254,1.52407
2.0,280.0,7.9,67.0,-1.0,-1.0,-1.0,-1.0,-1.0,Z9,2010-09-08 09:30:00,2143,42.29265,1.71498
2.7,225.0,18.9,52.0,932.3,-1.0,-1.0,-1.0,-1.0,CA,2010-09-08 10:00:00,693,41.95378,1.5851
1.2,314.0,15.3,79.0,939.5,-1.0,-1.0,-1.0,-1.0,CC,2010-09-08 10:00:00,626,42.07398,2.20862
2.3,152.0,21.2,29.0,913.3,-1.0,-1.0,-1.0,-1.0,CD,2010-09-08 10:00:00,849,42.37083,1.43277
5.6,295.0,20.6,46.0,974.1,-1.0,-1.0,-1.0,-1.0,CE,2010-09-08 10:00:00,316,41.53109,1.80813
2.4,61.0,13.1,69.0,856.0,-1.0,-1.0,-1.0,-1.0,CG,2010-09-08 10:00:00,1405,42.37717,2.41456
1.7,52.0,15.5,78.0,914.2,-1.0,-1.0,-1.0,-1.0,CI,2010-09-08 10:00:00,852,42.25839,2.36429
4.0,163.0,21.4,45.0,944.7,-1.0,-1.0,-1.0,-1.0,CJ,2010-09-08 10:00:00,566.5,42.21624,1.33132
1.8,269.0,20.6,45.0,970.5,-1.0,-1.0,-1.0,-1.0,CL,2010-09-08 10:00:00,349,41.67399,1.76796
2.4,269.0,21.4,41.0,932.3,-1.0,-1.0,-1.0,-1.0,CP,2010-09-08 10:00:00,690,42.13924,1.03893
2.6,162.0,21.7,45.0,943.1,-1.0,-1.0,-1.0,-1.0,CQ,2010-09-08 10:00:00,594,41.99546,1.02569
0.6,298.0,11.9,98.0,913.4,-1.0,-1.0,-1.0,-1.0,CR,2010-09-08 10:00:00,873,42.08032,1.9624
2.8,154.0,19.1,55.0,916.8,-1.0,-1.0,-1.0,-1.0,CT,2010-09-08 10:00:00,823,42.39811,0.74362
0.9,264.0,16.9,51.0,898.5,-1.0,-1.0,-1.0,-1.0,CU,2010-09-08 10:00:00,1002,42.69856,0.79397
1.7,173.0,22.1,42.0,951.3,-1.0,-1.0,-1.0,-1.0,CV,2010-09-08 10:00:00,513.3,42.23939,0.96434
7.6,273.0,19.6,44.0,959.8,-1.0,-1.0,-1.0,-1.0,CW,2010-09-08 10:00:00,446,41.39241,1.09894
2.7,274.0,15.3,69.0,918.8,-1.0,-1.0,-1.0,-1.0,CY,2010-09-08 10:00:00,816,41.87813,2.17873
6.1,247.0,21.0,50.0,980.8,-1.0,-1.0,-1.0,-1.0,C6,2010-09-08 10:00:00,264,41.6566,0.95172
6.9,258.0,19.6,47.0,962.2,-1.0,-1.0,-1.0,-1.0,C7,2010-09-08 10:00:00,427,41.66695,1.16234
6.8,279.0,17.8,51.0,946.9,-1.0,-1.0,-1.0,-1.0,C8,2010-09-08 10:00:00,554,41.67555,1.29609
-1.0,-1.0,23.7,31.0,983.7,-1.0,-1.0,-1.0,-1.0,C9,2010-09-08 10:00:00,240,40.71825,0.39988
8.8,345.0,22.2,33.0,990.1,-1.0,-1.0,-1.0,-1.0,DB,2010-09-08 10:00:00,179,40.87287,0.71581
1.9,48.0,19.7,63.0,961.8,-1.0,-1.0,-1.0,-1.0,DC,2010-09-08 10:00:00,421.5,42.19144,2.48263
2.4,271.0,24.3,42.0,1005.4,-1.0,-1.0,-1.0,-1.0,DD,2010-09-08 10:00:00,44.5,41.51175,2.38674
1.5,61.0,23.3,52.0,1007.4,-1.0,-1.0,-1.0,-1.0,DF,2010-09-08 10:00:00,28.6,41.97751,3.03543
2.8,198.0,11.3,72.0,799.1,-1.0,-1.0,-1.0,-1.0,DG,2010-09-08 10:00:00,1971.4,42.39848,2.15517
4.4,308.0,20.8,43.0,963.4,-1.0,-1.0,-1.0,-1.0,DI,2010-09-08 10:00:00,415,41.43292,1.62386
1.8,45.0,21.4,54.0,990.2,-1.0,-1.0,-1.0,-1.0,DJ,2010-09-08 10:00:00,176,42.11653,2.78969
4.0,88.0,25.2,41.0,1010.1,-1.0,-1.0,-1.0,-1.0,DK,2010-09-08 10:00:00,2,41.14677,1.41846
3.6,292.0,25.2,35.0,1010.9,-1.0,-1.0,-1.0,-1.0,DL,2010-09-08 10:00:00,0.5,40.70719,0.83449
2.6,33.0,21.4,53.0,1000.1,-1.0,-1.0,-1.0,-1.0,DM,2010-09-08 10:00:00,90,41.96012,2.80696
1.7,72.0,22.5,58.0,992.6,-1.0,-1.0,-1.0,-1.0,DN,2010-09-08 10:00:00,150,41.96095,2.63108
2.7,101.0,22.7,53.0,1009.3,-1.0,-1.0,-1.0,-1.0,DO,2010-09-08 10:00:00,14,41.80857,3.03241
1.1,19.0,17.5,39.0,887.2,-1.0,-1.0,-1.0,-1.0,DP,2010-09-08 10:00:00,1097,42.38605,1.8664
5.5,308.0,20.9,41.0,978.0,-1.0,-1.0,-1.0,-1.0,DQ,2010-09-08 10:00:00,287,41.30728,1.36259
-1.0,-1.0,20.3,42.0,965.6,-1.0,-1.0,-1.0,-1.0,D1,2010-09-08 10:00:00,404,41.28521,0.75383
-1.0,-1.0,20.7,51.0,971.2,-1.0,-1.0,-1.0,-1.0,D2,2010-09-08 10:00:00,343,41.59252,1.915
2.2,331.0,23.2,37.0,981.3,-1.0,-1.0,-1.0,-1.0,D3,2010-09-08 10:00:00,252,41.38197,1.93564
5.3,30.0,22.2,39.0,1008.0,-1.0,-1.0,-1.0,-1.0,D4,2010-09-08 10:00:00,24,42.27065,3.18165
3.4,263.0,21.2,37.0,963.6,-1.0,-1.0,-1.0,-1.0,D5,2010-09-08 10:00:00,411.2,41.41843,2.12388
5.2,21.0,19.1,49.0,988.0,-1.0,-1.0,-1.0,-1.0,D6,2010-09-08 10:00:00,196,42.43515,3.16622
4.6,297.0,24.4,30.0,1006.0,-1.0,-1.0,-1.0,-1.0,D7,2010-09-08 10:00:00,53,41.18499,0.59376
4.5,294.0,19.9,36.0,953.8,-1.0,-1.0,-1.0,-1.0,D8,2010-09-08 10:00:00,515,40.95134,0.30565
2.7,136.0,24.1,36.0,1003.9,-1.0,-1.0,-1.0,-1.0,D9,2010-09-08 10:00:00,59,41.21553,1.52121
3.5,279.0,20.0,51.0,972.8,-1.0,-1.0,-1.0,-1.0,H1,2010-09-08 10:00:00,333,41.58642,1.65306
3.2,329.0,21.5,46.0,986.4,-1.0,-1.0,-1.0,-1.0,R1,2010-09-08 10:00:00,210,41.70637,1.87276
-1.0,-1.0,23.5,36.0,-1.0,3.6,309.0,-1.0,-1.0,UA,2010-09-08 10:00:00,93,40.9091,0.76943
-1.0,-1.0,22.9,47.0,-1.0,1.1,19.0,-1.0,-1.0,UB,2010-09-08 10:00:00,15,42.05398,3.06195
-1.0,-1.0,22.9,52.0,-1.0,1.4,59.0,-1.0,-1.0,UC,2010-09-08 10:00:00,60,41.97726,2.99705
-1.0,-1.0,23.6,48.0,-1.0,-1.0,-1.0,-1.0,-1.0,UD,2010-09-08 10:00:00,12,42.02895,3.06227
-1.0,-1.0,23.1,52.0,-1.0,-1.0,-1.0,-1.0,-1.0,UE,2010-09-08 10:00:00,4,42.02306,3.15719
-1.0,-1.0,20.8,38.0,-1.0,2.2,287.0,-1.0,-1.0,UF,2010-09-08 10:00:00,573,41.28832,1.90775
-1.0,-1.0,25.0,43.0,-1.0,1.8,198.0,-1.0,-1.0,UG,2010-09-08 10:00:00,3,41.29928,2.03787
-1.0,-1.0,20.1,44.0,-1.0,1.3,282.0,2.4,285.0,UH,2010-09-08 10:00:00,545,41.34171,1.48769
-1.0,-1.0,15.0,76.0,-1.0,0.5,57.0,-1.0,-1.0,UI,2010-09-08 10:00:00,1386,42.26477,1.76218
-1.0,-1.0,18.3,52.0,-1.0,2.6,274.0,4.8,276.0,UJ,2010-09-08 10:00:00,709,41.52879,1.3683
-1.0,-1.0,25.2,30.0,-1.0,0.9,227.0,-1.0,-1.0,UK,2010-09-08 10:00:00,161,41.27861,1.80479
-1.0,-1.0,22.2,39.0,-1.0,2.6,267.0,-1.0,-1.0,UL,2010-09-08 10:00:00,228,41.52911,0.75303
-1.0,-1.0,19.4,42.0,-1.0,3.8,281.0,-1.0,-1.0,UM,2010-09-08 10:00:00,505,41.35991,0.66789
-1.0,-1.0,23.0,51.0,-1.0,2.0,170.0,-1.0,-1.0,UN,2010-09-08 10:00:00,171,41.87449,2.92694
-1.0,-1.0,22.6,57.0,-1.0,-1.0,-1.0,-1.0,-1.0,UO,2010-09-08 10:00:00,97,41.91461,2.82069
2.9,305.0,23.4,40.0,1001.0,-1.0,-1.0,-1.0,-1.0,UP,2010-09-08 10:00:00,81,41.51773,2.37702
-1.0,-1.0,19.3,50.0,-1.0,2.0,213.0,-1.0,-1.0,UQ,2010-09-08 10:00:00,460,41.61991,2.44532
-1.0,-1.0,25.2,31.0,-1.0,1.9,104.0,-1.0,-1.0,US,2010-09-08 10:00:00,24,40.55786,0.52329
5.7,308.0,24.4,32.0,1012.0,-1.0,-1.0,-1.0,-1.0,UU,2010-09-08 10:00:00,3,40.70776,0.6321
-1.0,-1.0,24.2,26.0,-1.0,1.6,343.0,-1.0,-1.0,UV,2010-09-08 10:00:00,205,40.71727,0.41633
-1.0,-1.0,24.2,33.0,1012.0,3.4,329.0,-1.0,-1.0,UW,2010-09-08 10:00:00,0,40.62725,0.65922
-1.0,-1.0,24.6,25.0,-1.0,2.4,334.0,-1.0,-1.0,UX,2010-09-08 10:00:00,210,40.62652,0.37112
-1.0,-1.0,21.6,40.0,-1.0,1.7,255.0,2.7,256.0,UY,2010-09-08 10:00:00,576,41.87912,0.76103
-1.0,-1.0,23.0,47.0,-1.0,0.5,168.0,-1.0,-1.0,U1,2010-09-08 10:00:00,31,42.30648,2.95481
3.1,56.0,23.1,46.0,1011.0,-1.0,-1.0,-1.0,-1.0,U2,2010-09-08 10:00:00,4,42.17716,3.0968
-1.0,-1.0,22.2,37.0,-1.0,1.4,328.0,-1.0,-1.0,U3,2010-09-08 10:00:00,257,41.37491,1.63032
2.2,259.0,19.3,55.0,-1.0,1.5,260.0,-1.0,-1.0,U4,2010-09-08 10:00:00,507,41.83094,1.84699
-1.0,-1.0,15.6,54.0,-1.0,2.1,225.0,-1.0,-1.0,U5,2010-09-08 10:00:00,969,41.31349,0.99611
-1.0,-1.0,23.7,33.0,-1.0,2.5,301.0,-1.0,-1.0,U6,2010-09-08 10:00:00,29,41.08017,1.06661
-1.0,-1.0,24.0,32.0,-1.0,2.5,337.0,-1.0,-1.0,U7,2010-09-08 10:00:00,52,40.85936,0.50525
-1.0,-1.0,24.7,30.0,-1.0,2.6,298.0,-1.0,-1.0,U9,2010-09-08 10:00:00,62,40.76947,0.61635
-1.0,-1.0,22.7,32.0,-1.0,2.7,314.0,-1.0,-1.0,VA,2010-09-08 10:00:00,257,41.19645,0.51161
6.9,294.0,24.3,29.0,-1.0,-1.0,-1.0,-1.0,-1.0,VB,2010-09-08 10:00:00,32,41.06289,0.63517
-1.0,-1.0,23.0,33.0,-1.0,5.3,269.0,-1.0,-1.0,VC,2010-09-08 10:00:00,69,41.24415,0.43266
-1.0,-1.0,19.5,45.0,-1.0,6.3,268.0,-1.0,-1.0,VD,2010-09-08 10:00:00,429,41.68939,1.20381
-1.0,-1.0,24.4,34.0,-1.0,2.8,259.0,-1.0,-1.0,VE,2010-09-08 10:00:00,97,41.48692,0.46058
-1.0,-1.0,24.0,35.0,-1.0,1.3,250.0,-1.0,-1.0,VF,2010-09-08 10:00:00,122,41.56482,0.54999
-1.0,-1.0,21.7,40.0,-1.0,4.5,281.0,-1.0,-1.0,VH,2010-09-08 10:00:00,259,41.65814,0.39301
-1.0,-1.0,22.6,35.0,-1.0,2.8,266.0,-1.0,-1.0,VJ,2010-09-08 10:00:00,161,41.59957,0.6478
5.9,290.0,21.6,43.0,978.9,-1.0,-1.0,-1.0,-1.0,VK,2010-09-08 10:00:00,286,41.68328,0.4487
3.5,266.0,24.6,32.0,-1.0,2.1,246.0,-1.0,-1.0,VL,2010-09-08 10:00:00,100,41.46014,0.40562
-1.0,-1.0,22.2,40.0,-1.0,3.8,283.0,-1.0,-1.0,VM,2010-09-08 10:00:00,222,41.7145,0.62839
-1.0,-1.0,23.0,54.0,-1.0,-1.0,-1.0,-1.0,-1.0,VN,2010-09-08 10:00:00,117,41.88244,2.74262
-1.0,-1.0,19.2,50.0,-1.0,1.8,212.0,-1.0,-1.0,VO,2010-09-08 10:00:00,785,42.08745,1.42792
-1.0,-1.0,17.7,60.0,-1.0,3.4,267.0,4.4,275.0,VP,2010-09-08 10:00:00,659,41.80483,1.53853
4.1,325.0,23.8,32.0,997.0,-1.0,-1.0,-1.0,-1.0,VQ,2010-09-08 10:00:00,112,41.1713,1.16774
-1.0,-1.0,22.4,45.0,-1.0,1.4,253.0,-1.0,-1.0,VR,2010-09-08 10:00:00,291,41.68994,1.04401
5.4,29.0,4.2,82.0,773.8,-1.0,-1.0,-1.0,-1.0,VS,2010-09-08 10:00:00,2247,42.63835,0.77889
-1.0,-1.0,22.8,37.0,-1.0,2.8,276.0,-1.0,-1.0,VT,2010-09-08 10:00:00,84,41.48401,2.12745
-1.0,-1.0,20.5,49.0,-1.0,0.4,343.0,-1.0,-1.0,VU,2010-09-08 10:00:00,421,41.63286,1.91718
1.6,76.0,19.0,53.0,-1.0,-1.0,-1.0,-1.0,-1.0,VV,2010-09-08 10:00:00,528,41.68129,2.02647
-1.0,-1.0,16.5,59.0,-1.0,0.4,277.0,-1.0,-1.0,VX,2010-09-08 10:00:00,1030,41.74761,2.30291
-1.0,-1.0,23.2,33.0,-1.0,-1.0,-1.0,-1.0,-1.0,VY,2010-09-08 10:00:00,240,41.25095,1.29863
-1.0,-1.0,22.7,36.0,-1.0,-1.0,-1.0,-1.0,-1.0,VZ,2010-09-08 10:00:00,83,42.38443,3.00736
-1.0,-1.0,22.6,39.0,-1.0,3.7,256.0,-1.0,-1.0,V1,2010-09-08 10:00:00,238,41.78487,0.82939
-1.0,-1.0,18.3,70.0,-1.0,1.4,322.0,-1.0,-1.0,V3,2010-09-08 10:00:00,509,41.95224,2.23271
-1.0,-1.0,15.6,80.0,934.0,-1.0,-1.0,1.0,246.0,V4,2010-09-08 10:00:00,684,42.11477,2.21483
-1.0,-1.0,14.1,83.0,-1.0,1.2,261.0,1.4,246.0,V5,2010-09-08 10:00:00,774,42.03947,2.11993
-1.0,-1.0,22.0,46.0,-1.0,1.8,247.0,-1.0,-1.0,V8,2010-09-08 10:00:00,223,41.67279,0.87741
-1.0,-1.0,20.5,45.0,-1.0,4.6,253.0,-1.0,-1.0,WA,2010-09-08 10:00:00,443,41.87694,1.1541
-1.0,-1.0,21.8,40.0,-1.0,4.3,274.0,-1.0,-1.0,WB,2010-09-08 10:00:00,267,41.76036,0.67022
-1.0,-1.0,21.2,44.0,-1.0,3.0,272.0,-1.0,-1.0,WC,2010-09-08 10:00:00,261,41.63642,0.92446
-1.0,-1.0,21.3,34.0,-1.0,3.2,325.0,-1.0,-1.0,WD,2010-09-08 10:00:00,382,41.08671,0.31884
-1.0,-1.0,22.9,46.0,-1.0,1.0,276.0,-1.0,-1.0,WE,2010-09-08 10:00:00,126,41.5444,2.30014
-1.0,-1.0,20.7,61.0,-1.0,-1.0,-1.0,-1.0,-1.0,WF,2010-09-08 10:00:00,108,41.95425,2.77578
-1.0,-1.0,20.9,41.0,-1.0,4.0,261.0,-1.0,-1.0,WG,2010-09-08 10:00:00,301,41.80104,0.64804
-1.0,-1.0,20.9,36.0,-1.0,3.2,288.0,-1.0,-1.0,WI,2010-09-08 10:00:00,350,41.35741,0.4809
-1.0,-1.0,22.8,32.0,-1.0,4.8,321.0,-1.0,-1.0,WJ,2010-09-08 10:00:00,141,41.1223,0.72182
-1.0,-1.0,21.8,40.0,-1.0,2.3,282.0,-1.0,-1.0,WK,2010-09-08 10:00:00,268,41.81949,0.57768
-1.0,-1.0,20.0,42.0,-1.0,4.8,255.0,-1.0,-1.0,WL,2010-09-08 10:00:00,413,41.57236,1.0882
1.2,190.0,12.4,88.0,-1.0,-1.0,-1.0,-1.0,-1.0,WM,2010-09-08 10:00:00,1167,42.10736,1.8267
-1.0,-1.0,15.9,59.0,-1.0,-1.0,-1.0,2.1,329.0,WN,2010-09-08 10:00:00,916,41.59539,1.83751
-1.0,-1.0,23.3,34.0,-1.0,-1.0,-1.0,-1.0,-1.0,WO,2010-09-08 10:00:00,185,41.27151,1.46717
-1.0,-1.0,21.4,43.0,-1.0,2.5,327.0,-1.0,-1.0,WP,2010-09-08 10:00:00,325,41.48518,1.69337
-1.0,-1.0,12.5,55.0,839.8,-1.0,-1.0,-1.0,-1.0,WQ,2010-09-08 10:00:00,1572,42.0513,0.72952
-1.0,-1.0,23.0,31.0,-1.0,1.6,267.0,-1.0,-1.0,WR,2010-09-08 10:00:00,300,41.2163,0.79748
1.1,306.0,16.8,67.0,904.0,-1.0,-1.0,-1.0,-1.0,WS,2010-09-08 10:00:00,953,41.84008,2.41877
3.3,199.0,24.0,48.0,1011.0,-1.0,-1.0,-1.0,-1.0,WT,2010-09-08 10:00:00,2,41.64707,2.75658
-1.0,-1.0,22.9,40.0,1006.0,-1.0,-1.0,3.9,268.0,WU,2010-09-08 10:00:00,42,41.45215,2.24757
2.8,182.0,15.4,80.0,922.0,-1.0,-1.0,-1.0,-1.0,WV,2010-09-08 10:00:00,788,42.23414,1.87485
-1.0,-1.0,20.4,56.0,-1.0,-1.0,-1.0,-1.0,-1.0,WW,2010-09-08 10:00:00,278,41.79423,1.9368
-1.0,-1.0,19.4,46.0,-1.0,2.2,174.0,-1.0,-1.0,WX,2010-09-08 10:00:00,668,41.9178,0.88175
-1.0,-1.0,23.3,43.0,-1.0,1.8,340.0,-1.0,-1.0,WY,2010-09-08 10:00:00,164,41.43386,1.79429
2.1,156.0,25.2,36.0,1009.0,-1.0,-1.0,-1.0,-1.0,WZ,2010-09-08 10:00:00,17,41.20187,1.63346
-1.0,-1.0,23.8,43.0,-1.0,-1.0,-1.0,-1.0,-1.0,W1,2010-09-08 10:00:00,2,42.24726,3.09021
-1.0,-1.0,23.3,48.0,-1.0,-1.0,-1.0,-1.0,-1.0,W2,2010-09-08 10:00:00,7,42.18259,3.05783
-1.0,-1.0,23.8,47.0,-1.0,-1.0,-1.0,-1.0,-1.0,W3,2010-09-08 10:00:00,4,42.15006,3.06494
-1.0,-1.0,23.1,36.0,-1.0,2.2,318.0,-1.0,-1.0,W4,2010-09-08 10:00:00,240,41.36619,1.72857
-1.0,-1.0,21.0,44.0,-1.0,2.7,180.0,-1.0,-1.0,W5,2010-09-08 10:00:00,490,42.07683,1.31489
-1.0,-1.0,23.8,35.0,-1.0,2.2,318.0,-1.0,-1.0,W6,2010-09-08 10:00:00,158,41.13738,1.0187
-1.0,-1.0,20.1,46.0,-1.0,-1.0,-1.0,-1.0,-1.0,W8,2010-09-08 10:00:00,438,41.44237,1.15998
-1.0,-1.0,18.9,72.0,-1.0,1.8,75.0,-1.0,-1.0,W9,2010-09-08 10:00:00,461,42.14557,2.45451
6.5,293.0,15.9,60.0,922.6,-1.0,-1.0,-1.0,-1.0,XA,2010-09-08 10:00:00,785,41.60257,1.4007
-1.0,-1.0,18.9,51.0,-1.0,-1.0,-1.0,-1.0,-1.0,XB,2010-09-08 10:00:00,584,41.4779,1.53529
4.4,309.0,23.8,33.0,994.1,-1.0,-1.0,-1.0,-1.0,XC,2010-09-08 10:00:00,147,41.47892,1.97546
6.6,298.0,18.5,44.0,933.5,-1.0,-1.0,-1.0,-1.0,XD,2010-09-08 10:00:00,687,41.32,0.8857
7.1,290.0,25.5,32.0,1010.2,-1.0,-1.0,-1.0,-1.0,XE,2010-09-08 10:00:00,5,41.10393,1.201
3.0,263.0,21.1,49.0,980.9,-1.0,-1.0,-1.0,-1.0,XF,2010-09-08 10:00:00,258,41.56568,2.06952
3.5,242.0,22.4,42.0,997.0,-1.0,-1.0,-1.0,-1.0,XG,2010-09-08 10:00:00,123,41.56734,2.22619
-1.0,-1.0,22.1,35.0,933.1,-1.0,-1.0,-1.0,-1.0,XH,2010-09-08 10:00:00,679,42.40533,1.12993
-1.0,-1.0,21.4,42.0,983.3,4.1,265.0,-1.0,-1.0,XI,2010-09-08 10:00:00,247,41.61817,0.87182
7.6,284.0,21.7,40.0,971.1,-1.0,-1.0,-1.0,-1.0,X1,2010-09-08 10:00:00,359,41.15374,0.81953
-1.0,-1.0,25.3,35.0,-1.0,-1.0,-1.0,-1.0,-1.0,X2,2010-09-08 10:00:00,7,41.38943,2.18847
9.6,284.0,20.9,42.0,969.0,-1.0,-1.0,-1.0,-1.0,X3,2010-09-08 10:00:00,370,41.74281,0.5358
2.2,278.0,25.2,34.0,1006.4,-1.0,-1.0,-1.0,-1.0,X4,2010-09-08 10:00:00,33,41.3839,2.16775
5.0,288.0,15.8,45.0,895.4,-1.0,-1.0,-1.0,-1.0,X5,2010-09-08 10:00:00,1055,40.79705,0.31822
-1.0,-1.0,21.7,40.0,-1.0,3.8,209.0,-1.0,-1.0,X6,2010-09-08 10:00:00,366,41.92173,1.02901
-1.0,-1.0,22.2,35.0,-1.0,4.7,297.0,-1.0,-1.0,X7,2010-09-08 10:00:00,215,41.51909,0.55314
2.6,288.0,24.4,33.0,1001.0,-1.0,-1.0,-1.0,-1.0,X8,2010-09-08 10:00:00,79,41.37919,2.1054
2.8,332.0,22.9,43.0,991.0,-1.0,-1.0,-1.0,-1.0,X9,2010-09-08 10:00:00,176,41.61265,2.16836
2.7,15.0,4.6,64.0,-1.0,-1.0,-1.0,-1.0,-1.0,ZB,2010-09-08 10:00:00,2451,42.51939,1.36597
-1.0,-1.0,4.0,90.0,-1.0,-1.0,-1.0,2.9,272.0,Z1,2010-09-08 10:00:00,2266,42.64691,0.98486
-1.0,-1.0,4.4,71.0,-1.0,-1.0,-1.0,1.6,273.0,Z2,2010-09-08 10:00:00,2535,42.46602,0.88405
-1.0,-1.0,7.6,73.0,-1.0,-1.0,-1.0,1.2,191.0,Z3,2010-09-08 10:00:00,2230,42.46605,1.7785
-1.0,-1.0,4.7,95.0,-1.0,-1.0,-1.0,3.1,105.0,Z4,2010-09-08 10:00:00,2364,42.42205,2.2524
-1.0,-1.0,4.4,74.0,-1.0,-1.0,-1.0,2.3,272.0,Z5,2010-09-08 10:00:00,2400,42.70029,1.27201
-1.0,-1.0,3.6,83.0,-1.0,-1.0,-1.0,1.6,298.0,Z6,2010-09-08 10:00:00,2228,42.77011,0.73198
1.5,61.0,2.8,86.0,-1.0,-1.0,-1.0,-1.0,-1.0,Z7,2010-09-08 10:00:00,2519,42.53412,1.05476
-1.0,-1.0,6.4,66.0,-1.0,-1.0,-1.0,3.0,298.0,Z8,2010-09-08 10:00:00,2316,42.18254,1.52407
2.3,298.0,8.1,62.0,-1.0,-1.0,-1.0,-1.0,-1.0,Z9,2010-09-08 10:00:00,2143,42.29265,1.71498
3.6,210.0,19.3,50.0,932.3,-1.0,-1.0,-1.0,-1.0,CA,2010-09-08 10:30:00,693,41.95378,1.5851
1.1,350.0,16.8,73.0,939.3,-1.0,-1.0,-1.0,-1.0,CC,2010-09-08 10:30:00,626,42.07398,2.20862
3.3,209.0,21.0,29.0,913.3,-1.0,-1.0,-1.0,-1.0,CD,2010-09-08 10:30:00,849,42.37083,1.43277
4.8,302.0,21.6,43.0,974.1,-1.0,-1.0,-1.0,-1.0,CE,2010-09-08 10:30:00,316,41.53109,1.80813
2.0,51.0,11.7,74.0,856.2,-1.0,-1.0,-1.0,-1.0,CG,2010-09-08 10:30:00,1405,42.37717,2.41456
2.0,44.0,15.7,77.0,914.3,-1.0,-1.0,-1.0,-1.0,CI,2010-09-08 10:30:00,852,42.25839,2.36429
4.8,180.0,22.3,44.0,944.9,-1.0,-1.0,-1.0,-1.0,CJ,2010-09-08 10:30:00,566.5,42.21624,1.33132
1.9,279.0,21.2,43.0,970.5,-1.0,-1.0,-1.0,-1.0,CL,2010-09-08 10:30:00,349,41.67399,1.76796
2.5,265.0,22.5,37.0,932.3,-1.0,-1.0,-1.0,-1.0,CP,2010-09-08 10:30:00,690,42.13924,1.03893
3.3,161.0,22.6,42.0,943.1,-1.0,-1.0,-1.0,-1.0,CQ,2010-09-08 10:30:00,594,41.99546,1.02569
1.2,43.0,13.3,96.0,913.3,-1.0,-1.0,-1.0,-1.0,CR,2010-09-08 10:30:00,873,42.08032,1.9624
2.6,153.0,20.0,52.0,916.9,-1.0,-1.0,-1.0,-1.0,CT,2010-09-08 10:30:00,823,42.39811,0.74362
2.5,10.0,17.4,47.0,898.5,-1.0,-1.0,-1.0,-1.0,CU,2010-09-08 10:30:00,1002,42.69856,0.79397
1.5,161.0,22.3,42.0,951.4,-1.0,-1.0,-1.0,-1.0,CV,2010-09-08 10:30:00,513.3,42.23939,0.96434
7.9,269.0,20.3,42.0,959.8,-1.0,-1.0,-1.0,-1.0,CW,2010-09-08 10:30:00,446,41.39241,1.09894
2.4,277.0,16.2,67.0,918.8,-1.0,-1.0,-1.0,-1.0,CY,2010-09-08 10:30:00,816,41.87813,2.17873
7.5,253.0,21.7,47.0,980.9,-1.0,-1.0,-1.0,-1.0,C6,2010-09-08 10:30:00,264,41.6566,0.95172
6.7,270.0,20.8,43.0,962.2,-1.0,-1.0,-1.0,-1.0,C7,2010-09-08 10:30:00,427,41.66695,1.16234
7.0,278.0,18.4,48.0,946.9,-1.0,-1.0,-1.0,-1.0,C8,2010-09-08 10:30:00,554,41.67555,1.29609
-1.0,-1.0,24.0,29.0,983.5,-1.0,-1.0,-1.0,-1.0,C9,2010-09-08 10:30:00,240,40.71825,0.39988
8.3,346.0,22.6,31.0,990.3,-1.0,-1.0,-1.0,-1.0,DB,2010-09-08 10:30:00,179,40.87287,0.71581
2.6,31.0,20.9,58.0,961.7,-1.0,-1.0,-1.0,-1.0,DC,2010-09-08 10:30:00,421.5,42.19144,2.48263
3.3,233.0,24.7,41.0,1005.2,-1.0,-1.0,-1.0,-1.0,DD,2010-09-08 10:30:00,44.5,41.51175,2.38674
2.2,74.0,23.6,52.0,1007.5,-1.0,-1.0,-1.0,-1.0,DF,2010-09-08 10:30:00,28.6,41.97751,3.03543
2.7,193.0,11.7,71.0,799.2,-1.0,-1.0,-1.0,-1.0,DG,2010-09-08 10:30:00,1971.4,42.39848,2.15517
2.7,311.0,21.5,42.0,963.5,-1.0,-1.0,-1.0,-1.0,DI,2010-09-08 10:30:00,415,41.43292,1.62386
1.6,51.0,22.1,52.0,990.2,-1.0,-1.0,-1.0,-1.0,DJ,2010-09-08 10:30:00,176,42.11653,2.78969
5.3,100.0,25.1,45.0,1010.1,-1.0,-1.0,-1.0,-1.0,DK,2010-09-08 10:30:00,2,41.14677,1.41846
3.0,287.0,26.0,33.0,1010.9,-1.0,-1.0,-1.0,-1.0,DL,2010-09-08 10:30:00,0.5,40.70719,0.83449
1.8,23.0,22.2,49.0,1000.1,-1.0,-1.0,-1.0,-1.0,DM,2010-09-08 10:30:00,90,41.96012,2.80696
3.3,115.0,22.6,57.0,992.6,-1.0,-1.0,-1.0,-1.0,DN,2010-09-08 10:30:00,150,41.96095,2.63108
3.2,80.0,23.0,52.0,1009.2,-1.0,-1.0,-1.0,-1.0,DO,2010-09-08 10:30:00,14,41.80857,3.03241
1.7,198.0,18.8,35.0,887.1,-1.0,-1.0,-1.0,-1.0,DP,2010-09-08 10:30:00,1097,42.38605,1.8664
5.5,305.0,21.3,38.0,978.2,-1.0,-1.0,-1.0,-1.0,DQ,2010-09-08 10:30:00,287,41.30728,1.36259
-1.0,-1.0,21.1,40.0,965.5,-1.0,-1.0,-1.0,-1.0,D1,2010-09-08 10:30:00,404,41.28521,0.75383
-1.0,-1.0,21.4,49.0,971.1,-1.0,-1.0,-1.0,-1.0,D2,2010-09-08 10:30:00,343,41.59252,1.915
2.5,314.0,23.8,35.0,981.2,-1.0,-1.0,-1.0,-1.0,D3,2010-09-08 10:30:00,252,41.38197,1.93564
5.4,38.0,22.3,39.0,1008.1,-1.0,-1.0,-1.0,-1.0,D4,2010-09-08 10:30:00,24,42.27065,3.18165
3.4,255.0,22.4,35.0,963.5,-1.0,-1.0,-1.0,-1.0,D5,2010-09-08 10:30:00,411.2,41.41843,2.12388
3.8,26.0,20.0,51.0,988.2,-1.0,-1.0,-1.0,-1.0,D6,2010-09-08 10:30:00,196,42.43515,3.16622
4.2,293.0,25.4,29.0,1005.9,-1.0,-1.0,-1.0,-1.0,D7,2010-09-08 10:30:00,53,41.18499,0.59376
5.0,286.0,21.0,33.0,953.7,-1.0,-1.0,-1.0,-1.0,D8,2010-09-08 10:30:00,515,40.95134,0.30565
3.2,329.0,24.4,32.0,1003.9,-1.0,-1.0,-1.0,-1.0,D9,2010-09-08 10:30:00,59,41.21553,1.52121
3.3,272.0,20.5,50.0,972.8,-1.0,-1.0,-1.0,-1.0,H1,2010-09-08 10:30:00,333,41.58642,1.65306
2.5,336.0,22.0,44.0,986.3,-1.0,-1.0,-1.0,-1.0,R1,2010-09-08 10:30:00,210,41.70637,1.87276
2.8,321.0,24.7,30.0,997.0,-1.0,-1.0,-1.0,-1.0,VQ,2010-09-08 10:30:00,112,41.1713,1.16774
5.1,26.0,4.3,83.0,774.1,-1.0,-1.0,-1.0,-1.0,VS,2010-09-08 10:30:00,2247,42.63835,0.77889
-1.0,-1.0,23.4,39.0,1006.0,-1.0,-1.0,3.3,247.0,WU,2010-09-08 10:30:00,42,41.45215,2.24757
4.5,313.0,26.0,31.0,1009.0,-1.0,-1.0,-1.0,-1.0,WZ,2010-09-08 10:30:00,17,41.20187,1.63346
6.1,290.0,16.7,55.0,922.9,-1.0,-1.0,-1.0,-1.0,XA,2010-09-08 10:30:00,785,41.60257,1.4007
3.4,291.0,25.0,31.0,993.9,-1.0,-1.0,-1.0,-1.0,XC,2010-09-08 10:30:00,147,41.47892,1.97546
6.8,278.0,19.4,41.0,933.6,-1.0,-1.0,-1.0,-1.0,XD,2010-09-08 10:30:00,687,41.32,0.8857
5.2,277.0,26.4,31.0,1010.2,-1.0,-1.0,-1.0,-1.0,XE,2010-09-08 10:30:00,5,41.10393,1.201
2.8,275.0,21.7,48.0,980.7,-1.0,-1.0,-1.0,-1.0,XF,2010-09-08 10:30:00,258,41.56568,2.06952
2.8,226.0,23.2,40.0,996.9,-1.0,-1.0,-1.0,-1.0,XG,2010-09-08 10:30:00,123,41.56734,2.22619
-1.0,-1.0,22.6,34.0,933.2,-1.0,-1.0,-1.0,-1.0,XH,2010-09-08 10:30:00,679,42.40533,1.12993
2.6,286.0,25.1,31.0,1000.8,-1.0,-1.0,-1.0,-1.0,X8,2010-09-08 10:30:00,79,41.37919,2.1054
4.1,10.0,4.9,65.0,-1.0,-1.0,-1.0,-1.0,-1.0,ZB,2010-09-08 10:30:00,2451,42.51939,1.36597
-1.0,-1.0,4.3,86.0,-1.0,-1.0,-1.0,3.8,284.0,Z1,2010-09-08 10:30:00,2266,42.64691,0.98486
-1.0,-1.0,3.9,81.0,-1.0,-1.0,-1.0,2.1,259.0,Z2,2010-09-08 10:30:00,2535,42.46602,0.88405
-1.0,-1.0,8.3,68.0,-1.0,-1.0,-1.0,1.5,200.0,Z3,2010-09-08 10:30:00,2230,42.46605,1.7785
-1.0,-1.0,4.4,97.0,-1.0,-1.0,-1.0,2.8,104.0,Z4,2010-09-08 10:30:00,2364,42.42205,2.2524
-1.0,-1.0,5.0,70.0,-1.0,-1.0,-1.0,2.4,284.0,Z5,2010-09-08 10:30:00,2400,42.70029,1.27201
-1.0,-1.0,4.1,83.0,-1.0,-1.0,-1.0,1.5,294.0,Z6,2010-09-08 10:30:00,2228,42.77011,0.73198
1.7,58.0,3.1,83.0,-1.0,-1.0,-1.0,-1.0,-1.0,Z7,2010-09-08 10:30:00,2519,42.53412,1.05476
-1.0,-1.0,6.6,77.0,-1.0,-1.0,-1.0,1.7,224.0,Z8,2010-09-08 10:30:00,2316,42.18254,1.52407
2.1,297.0,8.3,58.0,-1.0,-1.0,-1.0,-1.0,-1.0,Z9,2010-09-08 10:30:00,2143,42.29265,1.71498
3.3,194.0,20.1,47.0,932.6,-1.0,-1.0,-1.0,-1.0,CA,2010-09-08 11:00:00,693,41.95378,1.5851
1.5,161.0,18.6,65.0,939.4,-1.0,-1.0,-1.0,-1.0,CC,2010-09-08 11:00:00,626,42.07398,2.20862
4.5,219.0,21.4,31.0,913.5,-1.0,-1.0,-1.0,-1.0,CD,2010-09-08 11:00:00,849,42.37083,1.43277
4.4,303.0,22.6,41.0,974.3,-1.0,-1.0,-1.0,-1.0,CE,2010-09-08 11:00:00,316,41.53109,1.80813
2.5,71.0,11.1,75.0,856.5,-1.0,-1.0,-1.0,-1.0,CG,2010-09-08 11:00:00,1405,42.37717,2.41456
2.3,37.0,15.3,76.0,914.6,-1.0,-1.0,-1.0,-1.0,CI,2010-09-08 11:00:00,852,42.25839,2.36429
5.0,189.0,22.3,42.0,945.1,-1.0,-1.0,-1.0,-1.0,CJ,2010-09-08 11:00:00,566.5,42.21624,1.33132
2.8,324.0,21.8,41.0,970.6,-1.0,-1.0,-1.0,-1.0,CL,2010-09-08 11:00:00,349,41.67399,1.76796
2.5,270.0,23.1,34.0,932.4,-1.0,-1.0,-1.0,-1.0,CP,2010-09-08 11:00:00,690,42.13924,1.03893
2.2,231.0,23.7,37.0,943.2,-1.0,-1.0,-1.0,-1.0,CQ,2010-09-08 11:00:00,594,41.99546,1.02569
0.8,59.0,15.3,86.0,913.6,-1.0,-1.0,-1.0,-1.0,CR,2010-09-08 11:00:00,873,42.08032,1.9624
2.6,152.0,20.4,48.0,917.0,-1.0,-1.0,-1.0,-1.0,CT,2010-09-08 11:00:00,823,42.39811,0.74362
2.3,14.0,18.2,43.0,898.5,-1.0,-1.0,-1.0,-1.0,CU,2010-09-08 11:00:00,1002,42.69856,0.79397
2.2,162.0,23.2,37.0,951.3,-1.0,-1.0,-1.0,-1.0,CV,2010-09-08 11:00:00,513.3,42.23939,0.96434
7.7,273.0,21.1,37.0,959.7,-1.0,-1.0,-1.0,-1.0,CW,2010-09-08 11:00:00,446,41.39241,1.09894
2.4,278.0,16.4,66.0,919.1,-1.0,-1.0,-1.0,-1.0,CY,2010-09-08 11:00:00,816,41.87813,2.17873
7.3,248.0,22.4,45.0,980.9,-1.0,-1.0,-1.0,-1.0,C6,2010-09-08 11:00:00,264,41.6566,0.95172
7.1,275.0,21.7,40.0,962.2,-1.0,-1.0,-1.0,-1.0,C7,2010-09-08 11:00:00,427,41.66695,1.16234
6.3,283.0,19.2,44.0,947.4,-1.0,-1.0,-1.0,-1.0,C8,2010-09-08 11:00:00,554,41.67555,1.29609
-1.0,-1.0,24.7,28.0,983.7,-1.0,-1.0,-1.0,-1.0,C9,2010-09-08 11:00:00,240,40.71825,0.39988
7.6,340.0,23.3,30.0,990.6,-1.0,-1.0,-1.0,-1.0,DB,2010-09-08 11:00:00,179,40.87287,0.71581
3.5,29.0,20.7,56.0,961.9,-1.0,-1.0,-1.0,-1.0,DC,2010-09-08 11:00:00,421.5,42.19144,2.48263
2.7,241.0,25.6,40.0,1005.3,-1.0,-1.0,-1.0,-1.0,DD,2010-09-08 11:00:00,44.5,41.51175,2.38674
2.4,71.0,23.9,49.0,1007.6,-1.0,-1.0,-1.0,-1.0,DF,2010-09-08 11:00:00,28.6,41.97751,3.03543
3.1,192.0,11.2,75.0,799.5,-1.0,-1.0,-1.0,-1.0,DG,2010-09-08 11:00:00,1971.4,42.39848,2.15517
4.0,319.0,21.9,42.0,963.8,-1.0,-1.0,-1.0,-1.0,DI,2010-09-08 11:00:00,415,41.43292,1.62386
1.8,122.0,23.2,50.0,990.2,-1.0,-1.0,-1.0,-1.0,DJ,2010-09-08 11:00:00,176,42.11653,2.78969
5.1,119.0,25.3,42.0,1010.4,-1.0,-1.0,-1.0,-1.0,DK,2010-09-08 11:00:00,2,41.14677,1.41846
3.7,292.0,26.4,33.0,1011.0,-1.0,-1.0,-1.0,-1.0,DL,2010-09-08 11:00:00,0.5,40.70719,0.83449
1.7,108.0,22.7,49.0,1000.2,-1.0,-1.0,-1.0,-1.0,DM,2010-09-08 11:00:00,90,41.96012,2.80696
2.5,96.0,22.6,57.0,992.8,-1.0,-1.0,-1.0,-1.0,DN,2010-09-08 11:00:00,150,41.96095,2.63108
2.0,102.0,23.0,49.0,1009.5,-1.0,-1.0,-1.0,-1.0,DO,2010-09-08 11:00:00,14,41.80857,3.03241
1.7,350.0,19.8,31.0,887.2,-1.0,-1.0,-1.0,-1.0,DP,2010-09-08 11:00:00,1097,42.38605,1.8664
4.9,303.0,22.0,37.0,978.5,-1.0,-1.0,-1.0,-1.0,DQ,2010-09-08 11:00:00,287,41.30728,1.36259
-1.0,-1.0,21.8,37.0,965.6,-1.0,-1.0,-1.0,-1.0,D1,2010-09-08 11:00:00,404,41.28521,0.75383
-1.0,-1.0,22.5,46.0,971.3,-1.0,-1.0,-1.0,-1.0,D2,2010-09-08 11:00:00,343,41.59252,1.915
3.4,305.0,24.0,35.0,981.3,-1.0,-1.0,-1.0,-1.0,D3,2010-09-08 11:00:00,252,41.38197,1.93564
4.8,29.0,23.1,36.0,1008.1,-1.0,-1.0,-1.0,-1.0,D4,2010-09-08 11:00:00,24,42.27065,3.18165
3.5,247.0,23.5,32.0,963.6,-1.0,-1.0,-1.0,-1.0,D5,2010-09-08 11:00:00,411.2,41.41843,2.12388
3.1,25.0,20.1,51.0,988.4,-1.0,-1.0,-1.0,-1.0,D6,2010-09-08 11:00:00,196,42.43515,3.16622
3.6,288.0,26.2,27.0,1006.0,-1.0,-1.0,-1.0,-1.0,D7,2010-09-08 11:00:00,53,41.18499,0.59376
3.9,297.0,22.0,31.0,953.8,-1.0,-1.0,-1.0,-1.0,D8,2010-09-08 11:00:00,515,40.95134,0.30565
4.0,331.0,24.9,30.0,1004.1,-1.0,-1.0,-1.0,-1.0,D9,2010-09-08 11:00:00,59,41.21553,1.52121
4.1,281.0,21.2,48.0,972.9,-1.0,-1.0,-1.0,-1.0,H1,2010-09-08 11:00:00,333,41.58642,1.65306
2.4,330.0,22.5,42.0,986.5,-1.0,-1.0,-1.0,-1.0,R1,2010-09-08 11:00:00,210,41.70637,1.87276
-1.0,-1.0,24.9,32.0,-1.0,3.5,303.0,-1.0,-1.0,UA,2010-09-08 11:00:00,93,40.9091,0.76943
-1.0,-1.0,22.6,46.0,-1.0,0.9,16.0,-1.0,-1.0,UB,2010-09-08 11:00:00,15,42.05398,3.06195
-1.0,-1.0,23.3,50.0,-1.0,1.3,106.0,-1.0,-1.0,UC,2010-09-08 11:00:00,60,41.97726,2.99705
-1.0,-1.0,23.2,44.0,-1.0,-1.0,-1.0,-1.0,-1.0,UD,2010-09-08 11:00:00,12,42.02895,3.06227
-1.0,-1.0,23.3,52.0,-1.0,-1.0,-1.0,-1.0,-1.0,UE,2010-09-08 11:00:00,4,42.02306,3.15719
-1.0,-1.0,21.0,36.0,-1.0,3.1,312.0,-1.0,-1.0,UF,2010-09-08 11:00:00,573,41.28832,1.90775
-1.0,-1.0,25.7,41.0,-1.0,2.8,221.0,-1.0,-1.0,UG,2010-09-08 11:00:00,3,41.29928,2.03787
-1.0,-1.0,21.3,40.0,-1.0,1.4,286.0,2.4,288.0,UH,2010-09-08 11:00:00,545,41.34171,1.48769
-1.0,-1.0,12.4,84.0,-1.0,0.3,44.0,-1.0,-1.0,UI,2010-09-08 11:00:00,1386,42.26477,1.76218
-1.0,-1.0,19.6,44.0,-1.0,3.2,280.0,6.4,283.0,UJ,2010-09-08 11:00:00,709,41.52879,1.3683
-1.0,-1.0,26.3,29.0,-1.0,1.2,224.0,-1.0,-1.0,UK,2010-09-08 11:00:00,161,41.27861,1.80479
-1.0,-1.0,23.2,35.0,-1.0,2.3,273.0,-1.0,-1.0,UL,2010-09-08 11:00:00,228,41.52911,0.75303
-1.0,-1.0,20.4,37.0,-1.0,3.4,286.0,-1.0,-1.0,UM,2010-09-08 11:00:00,505,41.35991,0.66789
-1.0,-1.0,23.0,48.0,-1.0,2.3,176.0,-1.0,-1.0,UN,2010-09-08 11:00:00,171,41.87449,2.92694
-1.0,-1.0,24.5,46.0,-1.0,-1.0,-1.0,-1.0,-1.0,UO,2010-09-08 11:00:00,97,41.91461,2.82069
2.7,236.0,24.7,38.0,1001.0,-1.0,-1.0,-1.0,-1.0,UP,2010-09-08 11:00:00,81,41.51773,2.37702
-1.0,-1.0,20.4,46.0,-1.0,2.0,228.0,-1.0,-1.0,UQ,2010-09-08 11:00:00,460,41.61991,2.44532
-1.0,-1.0,25.1,33.0,-1.0,2.5,111.0,-1.0,-1.0,US,2010-09-08 11:00:00,24,40.55786,0.52329
5.3,321.0,25.6,28.0,1011.0,-1.0,-1.0,-1.0,-1.0,UU,2010-09-08 11:00:00,3,40.70776,0.6321
-1.0,-1.0,25.5,24.0,-1.0,1.4,337.0,-1.0,-1.0,UV,2010-09-08 11:00:00,205,40.71727,0.41633
-1.0,-1.0,25.1,32.0,1012.0,2.4,305.0,-1.0,-1.0,UW,2010-09-08 11:00:00,0,40.62725,0.65922
-1.0,-1.0,26.0,22.0,-1.0,2.1,299.0,-1.0,-1.0,UX,2010-09-08 11:00:00,210,40.62652,0.37112
-1.0,-1.0,22.9,34.0,-1.0,1.7,262.0,3.0,268.0,UY,2010-09-08 11:00:00,576,41.87912,0.76103
-1.0,-1.0,24.8,38.0,-1.0,1.0,44.0,-1.0,-1.0,U1,2010-09-08 11:00:00,31,42.30648,2.95481
3.4,63.0,24.1,45.0,1011.0,-1.0,-1.0,-1.0,-1.0,U2,2010-09-08 11:00:00,4,42.17716,3.0968
-1.0,-1.0,23.1,35.0,-1.0,1.7,313.0,-1.0,-1.0,U3,2010-09-08 11:00:00,257,41.37491,1.63032
2.3,294.0,20.4,51.0,-1.0,1.5,284.0,-1.0,-1.0,U4,2010-09-08 11:00:00,507,41.83094,1.84699
-1.0,-1.0,16.9,48.0,-1.0,1.8,227.0,-1.0,-1.0,U5,2010-09-08 11:00:00,969,41.31349,0.99611
-1.0,-1.0,25.0,30.0,-1.0,1.8,298.0,-1.0,-1.0,U6,2010-09-08 11:00:00,29,41.08017,1.06661
-1.0,-1.0,25.1,29.0,-1.0,2.3,341.0,-1.0,-1.0,U7,2010-09-08 11:00:00,52,40.85936,0.50525
-1.0,-1.0,25.9,27.0,-1.0,2.5,314.0,-1.0,-1.0,U9,2010-09-08 11:00:00,62,40.76947,0.61635
-1.0,-1.0,23.7,29.0,-1.0,2.7,301.0,-1.0,-1.0,VA,2010-09-08 11:00:00,257,41.19645,0.51161
7.3,288.0,25.4,26.0,-1.0,-1.0,-1.0,-1.0,-1.0,VB,2010-09-08 11:00:00,32,41.06289,0.63517
-1.0,-1.0,23.9,31.0,-1.0,4.4,261.0,-1.0,-1.0,VC,2010-09-08 11:00:00,69,41.24415,0.43266
-1.0,-1.0,21.1,38.0,-1.0,6.0,276.0,-1.0,-1.0,VD,2010-09-08 11:00:00,429,41.68939,1.20381
-1.0,-1.0,26.0,30.0,-1.0,2.0,280.0,-1.0,-1.0,VE,2010-09-08 11:00:00,97,41.48692,0.46058
-1.0,-1.0,24.8,33.0,-1.0,1.1,246.0,-1.0,-1.0,VF,2010-09-08 11:00:00,122,41.56482,0.54999
-1.0,-1.0,22.3,39.0,-1.0,4.5,276.0,-1.0,-1.0,VH,2010-09-08 11:00:00,259,41.65814,0.39301
-1.0,-1.0,23.5,31.0,-1.0,3.2,273.0,-1.0,-1.0,VJ,2010-09-08 11:00:00,161,41.59957,0.6478
6.8,283.0,22.4,42.0,979.0,-1.0,-1.0,-1.0,-1.0,VK,2010-09-08 11:00:00,286,41.68328,0.4487
3.5,272.0,25.7,28.0,-1.0,2.0,253.0,-1.0,-1.0,VL,2010-09-08 11:00:00,100,41.46014,0.40562
-1.0,-1.0,23.5,34.0,-1.0,3.9,274.0,-1.0,-1.0,VM,2010-09-08 11:00:00,222,41.7145,0.62839
-1.0,-1.0,23.4,46.0,-1.0,-1.0,-1.0,-1.0,-1.0,VN,2010-09-08 11:00:00,117,41.88244,2.74262
-1.0,-1.0,20.6,44.0,-1.0,1.7,229.0,-1.0,-1.0,VO,2010-09-08 11:00:00,785,42.08745,1.42792
-1.0,-1.0,19.4,52.0,-1.0,2.7,261.0,3.6,268.0,VP,2010-09-08 11:00:00,659,41.80483,1.53853
2.5,287.0,25.1,29.0,998.0,-1.0,-1.0,-1.0,-1.0,VQ,2010-09-08 11:00:00,112,41.1713,1.16774
-1.0,-1.0,23.9,40.0,-1.0,1.7,255.0,-1.0,-1.0,VR,2010-09-08 11:00:00,291,41.68994,1.04401
4.1,10.0,4.9,82.0,774.2,-1.0,-1.0,-1.0,-1.0,VS,2010-09-08 11:00:00,2247,42.63835,0.77889
-1.0,-1.0,24.3,34.0,-1.0,1.6,248.0,-1.0,-1.0,VT,2010-09-08 11:00:00,84,41.48401,2.12745
-1.0,-1.0,21.6,45.0,-1.0,0.6,331.0,-1.0,-1.0,VU,2010-09-08 11:00:00,421,41.63286,1.91718
1.6,125.0,20.1,51.0,-1.0,-1.0,-1.0,-1.0,-1.0,VV,2010-09-08 11:00:00,528,41.68129,2.02647
-1.0,-1.0,16.5,62.0,-1.0,0.4,247.0,-1.0,-1.0,VX,2010-09-08 11:00:00,1030,41.74761,2.30291
-1.0,-1.0,24.4,31.0,-1.0,-1.0,-1.0,-1.0,-1.0,VY,2010-09-08 11:00:00,240,41.25095,1.29863
-1.0,-1.0,22.9,36.0,-1.0,-1.0,-1.0,-1.0,-1.0,VZ,2010-09-08 11:00:00,83,42.38443,3.00736
-1.0,-1.0,24.0,34.0,-1.0,4.3,258.0,-1.0,-1.0,V1,2010-09-08 11:00:00,238,41.78487,0.82939
-1.0,-1.0,19.4,64.0,-1.0,1.1,197.0,-1.0,-1.0,V3,2010-09-08 11:00:00,509,41.95224,2.23271
-1.0,-1.0,18.6,66.0,934.0,-1.0,-1.0,0.9,189.0,V4,2010-09-08 11:00:00,684,42.11477,2.21483
-1.0,-1.0,15.7,76.0,-1.0,1.6,266.0,1.8,257.0,V5,2010-09-08 11:00:00,774,42.03947,2.11993
-1.0,-1.0,23.1,41.0,-1.0,1.9,258.0,-1.0,-1.0,V8,2010-09-08 11:00:00,223,41.67279,0.87741
-1.0,-1.0,22.6,36.0,-1.0,4.9,251.0,-1.0,-1.0,WA,2010-09-08 11:00:00,443,41.87694,1.1541
-1.0,-1.0,23.3,33.0,-1.0,4.3,271.0,-1.0,-1.0,WB,2010-09-08 11:00:00,267,41.76036,0.67022
-1.0,-1.0,22.6,39.0,-1.0,3.3,282.0,-1.0,-1.0,WC,2010-09-08 11:00:00,261,41.63642,0.92446
-1.0,-1.0,22.3,30.0,-1.0,2.6,305.0,-1.0,-1.0,WD,2010-09-08 11:00:00,382,41.08671,0.31884
-1.0,-1.0,24.0,42.0,-1.0,0.9,286.0,-1.0,-1.0,WE,2010-09-08 11:00:00,126,41.5444,2.30014
-1.0,-1.0,23.0,49.0,-1.0,-1.0,-1.0,-1.0,-1.0,WF,2010-09-08 11:00:00,108,41.95425,2.77578
-1.0,-1.0,22.6,33.0,-1.0,3.9,254.0,-1.0,-1.0,WG,2010-09-08 11:00:00,301,41.80104,0.64804
-1.0,-1.0,22.2,32.0,-1.0,3.1,282.0,-1.0,-1.0,WI,2010-09-08 11:00:00,350,41.35741,0.4809
-1.0,-1.0,24.2,29.0,-1.0,4.7,317.0,-1.0,-1.0,WJ,2010-09-08 11:00:00,141,41.1223,0.72182
-1.0,-1.0,23.2,33.0,-1.0,2.3,280.0,-1.0,-1.0,WK,2010-09-08 11:00:00,268,41.81949,0.57768
-1.0,-1.0,21.4,36.0,-1.0,5.5,252.0,-1.0,-1.0,WL,2010-09-08 11:00:00,413,41.57236,1.0882
1.3,154.0,14.7,78.0,-1.0,-1.0,-1.0,-1.0,-1.0,WM,2010-09-08 11:00:00,1167,42.10736,1.8267
-1.0,-1.0,15.5,58.0,-1.0,-1.0,-1.0,2.6,323.0,WN,2010-09-08 11:00:00,916,41.59539,1.83751
-1.0,-1.0,24.5,31.0,-1.0,-1.0,-1.0,-1.0,-1.0,WO,2010-09-08 11:00:00,185,41.27151,1.46717
-1.0,-1.0,22.6,40.0,-1.0,2.5,321.0,-1.0,-1.0,WP,2010-09-08 11:00:00,325,41.48518,1.69337
-1.0,-1.0,12.9,54.0,840.2,-1.0,-1.0,-1.0,-1.0,WQ,2010-09-08 11:00:00,1572,42.0513,0.72952
-1.0,-1.0,24.3,27.0,-1.0,1.8,268.0,-1.0,-1.0,WR,2010-09-08 11:00:00,300,41.2163,0.79748
0.9,294.0,17.0,65.0,905.0,-1.0,-1.0,-1.0,-1.0,WS,2010-09-08 11:00:00,953,41.84008,2.41877
4.2,197.0,24.6,46.0,1012.0,-1.0,-1.0,-1.0,-1.0,WT,2010-09-08 11:00:00,2,41.64707,2.75658
-1.0,-1.0,23.8,40.0,1006.0,-1.0,-1.0,3.4,184.0,WU,2010-09-08 11:00:00,42,41.45215,2.24757
2.2,165.0,16.8,74.0,923.0,-1.0,-1.0,-1.0,-1.0,WV,2010-09-08 11:00:00,788,42.23414,1.87485
-1.0,-1.0,21.7,52.0,-1.0,-1.0,-1.0,-1.0,-1.0,WW,2010-09-08 11:00:00,278,41.79423,1.9368
-1.0,-1.0,20.9,38.0,-1.0,2.7,265.0,-1.0,-1.0,WX,2010-09-08 11:00:00,668,41.9178,0.88175
-1.0,-1.0,24.4,40.0,-1.0,2.1,338.0,-1.0,-1.0,WY,2010-09-08 11:00:00,164,41.43386,1.79429
4.5,295.0,26.7,30.0,1009.0,-1.0,-1.0,-1.0,-1.0,WZ,2010-09-08 11:00:00,17,41.20187,1.63346
-1.0,-1.0,24.6,41.0,-1.0,-1.0,-1.0,-1.0,-1.0,W1,2010-09-08 11:00:00,2,42.24726,3.09021
-1.0,-1.0,24.2,44.0,-1.0,-1.0,-1.0,-1.0,-1.0,W2,2010-09-08 11:00:00,7,42.18259,3.05783
-1.0,-1.0,24.5,44.0,-1.0,-1.0,-1.0,-1.0,-1.0,W3,2010-09-08 11:00:00,4,42.15006,3.06494
-1.0,-1.0,24.1,35.0,-1.0,2.1,308.0,-1.0,-1.0,W4,2010-09-08 11:00:00,240,41.36619,1.72857
-1.0,-1.0,22.6,39.0,-1.0,3.1,182.0,-1.0,-1.0,W5,2010-09-08 11:00:00,490,42.07683,1.31489
-1.0,-1.0,25.3,31.0,-1.0,1.3,299.0,-1.0,-1.0,W6,2010-09-08 11:00:00,158,41.13738,1.0187
-1.0,-1.0,21.1,40.0,-1.0,-1.0,-1.0,-1.0,-1.0,W8,2010-09-08 11:00:00,438,41.44237,1.15998
-1.0,-1.0,18.9,70.0,-1.0,2.3,67.0,-1.0,-1.0,W9,2010-09-08 11:00:00,461,42.14557,2.45451
5.9,292.0,17.6,52.0,923.3,-1.0,-1.0,-1.0,-1.0,XA,2010-09-08 11:00:00,785,41.60257,1.4007
-1.0,-1.0,20.0,46.0,-1.0,-1.0,-1.0,-1.0,-1.0,XB,2010-09-08 11:00:00,584,41.4779,1.53529
2.9,294.0,25.6,31.0,994.1,-1.0,-1.0,-1.0,-1.0,XC,2010-09-08 11:00:00,147,41.47892,1.97546
6.3,295.0,20.1,38.0,933.7,-1.0,-1.0,-1.0,-1.0,XD,2010-09-08 11:00:00,687,41.32,0.8857
6.4,281.0,27.1,30.0,1010.1,-1.0,-1.0,-1.0,-1.0,XE,2010-09-08 11:00:00,5,41.10393,1.201
3.1,285.0,22.3,47.0,980.9,-1.0,-1.0,-1.0,-1.0,XF,2010-09-08 11:00:00,258,41.56568,2.06952
2.8,233.0,23.6,39.0,997.0,-1.0,-1.0,-1.0,-1.0,XG,2010-09-08 11:00:00,123,41.56734,2.22619
-1.0,-1.0,21.8,40.0,933.4,-1.0,-1.0,-1.0,-1.0,XH,2010-09-08 11:00:00,679,42.40533,1.12993
-1.0,-1.0,22.4,38.0,983.4,4.3,274.0,-1.0,-1.0,XI,2010-09-08 11:00:00,247,41.61817,0.87182
8.1,290.0,23.0,35.0,970.8,-1.0,-1.0,-1.0,-1.0,X1,2010-09-08 11:00:00,359,41.15374,0.81953
-1.0,-1.0,25.8,37.0,-1.0,-1.0,-1.0,-1.0,-1.0,X2,2010-09-08 11:00:00,7,41.38943,2.18847
9.9,272.0,22.1,38.0,969.0,-1.0,-1.0,-1.0,-1.0,X3,2010-09-08 11:00:00,370,41.74281,0.5358
2.0,243.0,26.3,33.0,1006.5,-1.0,-1.0,-1.0,-1.0,X4,2010-09-08 11:00:00,33,41.3839,2.16775
5.1,290.0,16.9,40.0,895.6,-1.0,-1.0,-1.0,-1.0,X5,2010-09-08 11:00:00,1055,40.79705,0.31822
-1.0,-1.0,23.8,32.0,-1.0,3.5,221.0,-1.0,-1.0,X6,2010-09-08 11:00:00,366,41.92173,1.02901
-1.0,-1.0,23.2,32.0,-1.0,4.1,295.0,-1.0,-1.0,X7,2010-09-08 11:00:00,215,41.51909,0.55314
2.2,282.0,26.0,31.0,1000.9,-1.0,-1.0,-1.0,-1.0,X8,2010-09-08 11:00:00,79,41.37919,2.1054
1.9,216.0,24.1,41.0,991.0,-1.0,-1.0,-1.0,-1.0,X9,2010-09-08 11:00:00,176,41.61265,2.16836
3.0,1.0,5.4,64.0,-1.0,-1.0,-1.0,-1.0,-1.0,ZB,2010-09-08 11:00:00,2451,42.51939,1.36597
-1.0,-1.0,4.6,84.0,-1.0,-1.0,-1.0,3.4,279.0,Z1,2010-09-08 11:00:00,2266,42.64691,0.98486
-1.0,-1.0,4.3,84.0,-1.0,-1.0,-1.0,1.0,276.0,Z2,2010-09-08 11:00:00,2535,42.46602,0.88405
-1.0,-1.0,8.6,64.0,-1.0,-1.0,-1.0,1.2,187.0,Z3,2010-09-08 11:00:00,2230,42.46605,1.7785
-1.0,-1.0,4.3,97.0,-1.0,-1.0,-1.0,1.7,102.0,Z4,2010-09-08 11:00:00,2364,42.42205,2.2524
-1.0,-1.0,6.0,65.0,-1.0,-1.0,-1.0,1.7,207.0,Z5,2010-09-08 11:00:00,2400,42.70029,1.27201
-1.0,-1.0,4.4,82.0,-1.0,-1.0,-1.0,1.0,328.0,Z6,2010-09-08 11:00:00,2228,42.77011,0.73198
1.7,40.0,3.2,83.0,-1.0,-1.0,-1.0,-1.0,-1.0,Z7,2010-09-08 11:00:00,2519,42.53412,1.05476
-1.0,-1.0,6.6,80.0,-1.0,-1.0,-1.0,3.1,241.0,Z8,2010-09-08 11:00:00,2316,42.18254,1.52407
2.4,260.0,7.8,60.0,-1.0,-1.0,-1.0,-1.0,-1.0,Z9,2010-09-08 11:00:00,2143,42.29265,1.71498
2.4,180.0,20.3,45.0,932.7,-1.0,-1.0,-1.0,-1.0,CA,2010-09-08 11:30:00,693,41.95378,1.5851
1.2,228.0,19.6,59.0,939.6,-1.0,-1.0,-1.0,-1.0,CC,2010-09-08 11:30:00,626,42.07398,2.20862
5.0,219.0,20.4,38.0,913.7,-1.0,-1.0,-1.0,-1.0,CD,2010-09-08 11:30:00,849,42.37083,1.43277
4.7,288.0,22.7,41.0,974.4,-1.0,-1.0,-1.0,-1.0,CE,2010-09-08 11:30:00,316,41.53109,1.80813
1.7,76.0,11.2,76.0,856.9,-1.0,-1.0,-1.0,-1.0,CG,2010-09-08 11:30:00,1405,42.37717,2.41456
1.9,42.0,15.5,75.0,915.0,-1.0,-1.0,-1.0,-1.0,CI,2010-09-08 11:30:00,852,42.25839,2.36429
4.4,182.0,21.9,42.0,945.3,-1.0,-1.0,-1.0,-1.0,CJ,2010-09-08 11:30:00,566.5,42.21624,1.33132
2.6,324.0,22.5,39.0,970.7,-1.0,-1.0,-1.0,-1.0,CL,2010-09-08 11:30:00,349,41.67399,1.76796
2.9,265.0,24.1,31.0,932.5,-1.0,-1.0,-1.0,-1.0,CP,2010-09-08 11:30:00,690,42.13924,1.03893
1.4,302.0,23.6,36.0,943.2,-1.0,-1.0,-1.0,-1.0,CQ,2010-09-08 11:30:00,594,41.99546,1.02569
0.7,27.0,15.5,82.0,913.8,-1.0,-1.0,-1.0,-1.0,CR,2010-09-08 11:30:00,873,42.08032,1.9624
2.4,158.0,20.6,43.0,917.1,-1.0,-1.0,-1.0,-1.0,CT,2010-09-08 11:30:00,823,42.39811,0.74362
2.4,17.0,18.9,43.0,898.3,-1.0,-1.0,-1.0,-1.0,CU,2010-09-08 11:30:00,1002,42.69856,0.79397
2.6,181.0,24.4,33.0,951.3,-1.0,-1.0,-1.0,-1.0,CV,2010-09-08 11:30:00,513.3,42.23939,0.96434
7.4,266.0,21.6,34.0,959.9,-1.0,-1.0,-1.0,-1.0,CW,2010-09-08 11:30:00,446,41.39241,1.09894
2.5,268.0,17.2,63.0,919.5,-1.0,-1.0,-1.0,-1.0,CY,2010-09-08 11:30:00,816,41.87813,2.17873
7.4,256.0,23.0,43.0,980.9,-1.0,-1.0,-1.0,-1.0,C6,2010-09-08 11:30:00,264,41.6566,0.95172
6.6,277.0,22.7,38.0,962.3,-1.0,-1.0,-1.0,-1.0,C7,2010-09-08 11:30:00,427,41.66695,1.16234
5.9,284.0,19.9,42.0,947.5,-1.0,-1.0,-1.0,-1.0,C8,2010-09-08 11:30:00,554,41.67555,1.29609
-1.0,-1.0,25.2,28.0,983.8,-1.0,-1.0,-1.0,-1.0,C9,2010-09-08 11:30:00,240,40.71825,0.39988
9.3,331.0,23.7,29.0,990.4,-1.0,-1.0,-1.0,-1.0,DB,2010-09-08 11:30:00,179,40.87287,0.71581
2.2,22.0,21.6,53.0,962.3,-1.0,-1.0,-1.0,-1.0,DC,2010-09-08 11:30:00,421.5,42.19144,2.48263
3.7,201.0,25.2,43.0,1005.7,-1.0,-1.0,-1.0,-1.0,DD,2010-09-08 11:30:00,44.5,41.51175,2.38674
2.1,84.0,24.2,46.0,1008.0,-1.0,-1.0,-1.0,-1.0,DF,2010-09-08 11:30:00,28.6,41.97751,3.03543
2.5,200.0,10.8,76.0,799.9,-1.0,-1.0,-1.0,-1.0,DG,2010-09-08 11:30:00,1971.4,42.39848,2.15517
4.4,315.0,22.5,40.0,963.9,-1.0,-1.0,-1.0,-1.0,DI,2010-09-08 11:30:00,415,41.43292,1.62386
1.5,124.0,23.4,49.0,990.6,-1.0,-1.0,-1.0,-1.0,DJ,2010-09-08 11:30:00,176,42.11653,2.78969
5.0,140.0,26.2,41.0,1010.5,-1.0,-1.0,-1.0,-1.0,DK,2010-09-08 11:30:00,2,41.14677,1.41846
4.7,306.0,26.2,32.0,1011.1,-1.0,-1.0,-1.0,-1.0,DL,2010-09-08 11:30:00,0.5,40.70719,0.83449
2.6,152.0,24.4,42.0,1000.6,-1.0,-1.0,-1.0,-1.0,DM,2010-09-08 11:30:00,90,41.96012,2.80696
2.3,114.0,22.9,53.0,993.2,-1.0,-1.0,-1.0,-1.0,DN,2010-09-08 11:30:00,150,41.96095,2.63108
1.8,104.0,23.3,49.0,1009.8,-1.0,-1.0,-1.0,-1.0,DO,2010-09-08 11:30:00,14,41.80857,3.03241
2.6,178.0,19.6,34.0,887.2,-1.0,-1.0,-1.0,-1.0,DP,2010-09-08 11:30:00,1097,42.38605,1.8664
5.7,306.0,22.7,33.0,978.6,-1.0,-1.0,-1.0,-1.0,DQ,2010-09-08 11:30:00,287,41.30728,1.36259
-1.0,-1.0,22.4,35.0,965.6,-1.0,-1.0,-1.0,-1.0,D1,2010-09-08 11:30:00,404,41.28521,0.75383
-1.0,-1.0,22.6,45.0,971.5,-1.0,-1.0,-1.0,-1.0,D2,2010-09-08 11:30:00,343,41.59252,1.915
3.9,301.0,24.2,35.0,981.5,-1.0,-1.0,-1.0,-1.0,D3,2010-09-08 11:30:00,252,41.38197,1.93564
4.3,34.0,23.4,34.0,1008.4,-1.0,-1.0,-1.0,-1.0,D4,2010-09-08 11:30:00,24,42.27065,3.18165
3.6,262.0,23.8,32.0,964.0,-1.0,-1.0,-1.0,-1.0,D5,2010-09-08 11:30:00,411.2,41.41843,2.12388
3.3,22.0,20.5,54.0,988.7,-1.0,-1.0,-1.0,-1.0,D6,2010-09-08 11:30:00,196,42.43515,3.16622
3.8,289.0,26.8,25.0,1005.9,-1.0,-1.0,-1.0,-1.0,D7,2010-09-08 11:30:00,53,41.18499,0.59376
4.0,292.0,22.9,28.0,953.9,-1.0,-1.0,-1.0,-1.0,D8,2010-09-08 11:30:00,515,40.95134,0.30565
5.0,325.0,25.2,30.0,1004.2,-1.0,-1.0,-1.0,-1.0,D9,2010-09-08 11:30:00,59,41.21553,1.52121
4.2,292.0,22.0,45.0,973.0,-1.0,-1.0,-1.0,-1.0,H1,2010-09-08 11:30:00,333,41.58642,1.65306
2.2,337.0,23.3,40.0,986.5,-1.0,-1.0,-1.0,-1.0,R1,2010-09-08 11:30:00,210,41.70637,1.87276
3.0,287.0,25.6,28.0,998.0,-1.0,-1.0,-1.0,-1.0,VQ,2010-09-08 11:30:00,112,41.1713,1.16774
4.1,4.0,5.1,83.0,774.4,-1.0,-1.0,-1.0,-1.0,VS,2010-09-08 11:30:00,2247,42.63835,0.77889
-1.0,-1.0,23.5,43.0,1006.0,-1.0,-1.0,3.7,156.0,WU,2010-09-08 11:30:00,42,41.45215,2.24757
3.7,289.0,27.4,28.0,1009.0,-1.0,-1.0,-1.0,-1.0,WZ,2010-09-08 11:30:00,17,41.20187,1.63346
6.2,295.0,18.2,48.0,923.3,-1.0,-1.0,-1.0,-1.0,XA,2010-09-08 11:30:00,785,41.60257,1.4007
3.3,307.0,26.0,31.0,994.3,-1.0,-1.0,-1.0,-1.0,XC,2010-09-08 11:30:00,147,41.47892,1.97546
6.8,302.0,20.4,37.0,933.7,-1.0,-1.0,-1.0,-1.0,XD,2010-09-08 11:30:00,687,41.32,0.8857
5.6,283.0,27.5,29.0,1010.2,-1.0,-1.0,-1.0,-1.0,XE,2010-09-08 11:30:00,5,41.10393,1.201
3.2,279.0,22.8,46.0,981.2,-1.0,-1.0,-1.0,-1.0,XF,2010-09-08 11:30:00,258,41.56568,2.06952
1.8,191.0,24.8,36.0,997.3,-1.0,-1.0,-1.0,-1.0,XG,2010-09-08 11:30:00,123,41.56734,2.22619
-1.0,-1.0,21.6,43.0,933.6,-1.0,-1.0,-1.0,-1.0,XH,2010-09-08 11:30:00,679,42.40533,1.12993
2.9,303.0,25.9,30.0,1001.2,-1.0,-1.0,-1.0,-1.0,X8,2010-09-08 11:30:00,79,41.37919,2.1054
2.3,282.0,6.0,60.0,-1.0,-1.0,-1.0,-1.0,-1.0,ZB,2010-09-08 11:30:00,2451,42.51939,1.36597
-1.0,-1.0,5.9,80.0,-1.0,-1.0,-1.0,3.1,272.0,Z1,2010-09-08 11:30:00,2266,42.64691,0.98486
-1.0,-1.0,4.4,87.0,-1.0,-1.0,-1.0,1.2,263.0,Z2,2010-09-08 11:30:00,2535,42.46602,0.88405
-1.0,-1.0,10.2,58.0,-1.0,-1.0,-1.0,2.0,169.0,Z3,2010-09-08 11:30:00,2230,42.46605,1.7785
-1.0,-1.0,4.3,97.0,-1.0,-1.0,-1.0,1.8,101.0,Z4,2010-09-08 11:30:00,2364,42.42205,2.2524
-1.0,-1.0,6.7,61.0,-1.0,-1.0,-1.0,3.2,260.0,Z5,2010-09-08 11:30:00,2400,42.70029,1.27201
-1.0,-1.0,5.0,83.0,-1.0,-1.0,-1.0,0.7,319.0,Z6,2010-09-08 11:30:00,2228,42.77011,0.73198
1.0,40.0,3.8,81.0,-1.0,-1.0,-1.0,-1.0,-1.0,Z7,2010-09-08 11:30:00,2519,42.53412,1.05476
-1.0,-1.0,6.3,82.0,-1.0,-1.0,-1.0,2.8,216.0,Z8,2010-09-08 11:30:00,2316,42.18254,1.52407
2.2,260.0,9.6,54.0,-1.0,-1.0,-1.0,-1.0,-1.0,Z9,2010-09-08 11:30:00,2143,42.29265,1.71498
2.8,200.0,21.6,41.0,932.8,-1.0,-1.0,-1.0,-1.0,CA,2010-09-08 12:00:00,693,41.95378,1.5851
1.9,201.0,19.8,58.0,939.6,-1.0,-1.0,-1.0,-1.0,CC,2010-09-08 12:00:00,626,42.07398,2.20862
5.4,206.0,21.6,35.0,913.9,-1.0,-1.0,-1.0,-1.0,CD,2010-09-08 12:00:00,849,42.37083,1.43277
4.4,289.0,23.3,38.0,974.6,-1.0,-1.0,-1.0,-1.0,CE,2010-09-08 12:00:00,316,41.53109,1.80813
2.1,37.0,10.6,80.0,857.2,-1.0,-1.0,-1.0,-1.0,CG,2010-09-08 12:00:00,1405,42.37717,2.41456
1.6,48.0,15.7,72.0,915.2,-1.0,-1.0,-1.0,-1.0,CI,2010-09-08 12:00:00,852,42.25839,2.36429
4.4,180.0,23.8,38.0,945.3,-1.0,-1.0,-1.0,-1.0,CJ,2010-09-08 12:00:00,566.5,42.21624,1.33132
2.5,324.0,23.3,36.0,970.8,-1.0,-1.0,-1.0,-1.0,CL,2010-09-08 12:00:00,349,41.67399,1.76796
3.1,231.0,25.1,30.0,932.4,-1.0,-1.0,-1.0,-1.0,CP,2010-09-08 12:00:00,690,42.13924,1.03893
1.4,242.0,23.1,37.0,943.2,-1.0,-1.0,-1.0,-1.0,CQ,2010-09-08 12:00:00,594,41.99546,1.02569
1.2,67.0,16.8,79.0,913.8,-1.0,-1.0,-1.0,-1.0,CR,2010-09-08 12:00:00,873,42.08032,1.9624
2.7,160.0,20.9,41.0,917.1,-1.0,-1.0,-1.0,-1.0,CT,2010-09-08 12:00:00,823,42.39811,0.74362
2.6,17.0,19.4,42.0,898.2,-1.0,-1.0,-1.0,-1.0,CU,2010-09-08 12:00:00,1002,42.69856,0.79397
1.5,193.0,25.0,31.0,951.3,-1.0,-1.0,-1.0,-1.0,CV,2010-09-08 12:00:00,513.3,42.23939,0.96434
6.1,272.0,22.3,33.0,960.1,-1.0,-1.0,-1.0,-1.0,CW,2010-09-08 12:00:00,446,41.39241,1.09894
2.8,281.0,17.6,62.0,919.6,-1.0,-1.0,-1.0,-1.0,CY,2010-09-08 12:00:00,816,41.87813,2.17873
7.3,254.0,23.4,42.0,980.9,-1.0,-1.0,-1.0,-1.0,C6,2010-09-08 12:00:00,264,41.6566,0.95172
6.6,277.0,23.1,36.0,962.4,-1.0,-1.0,-1.0,-1.0,C7,2010-09-08 12:00:00,427,41.66695,1.16234
5.8,280.0,20.6,38.0,947.5,-1.0,-1.0,-1.0,-1.0,C8,2010-09-08 12:00:00,554,41.67555,1.29609
-1.0,-1.0,25.8,27.0,983.7,-1.0,-1.0,-1.0,-1.0,C9,2010-09-08 12:00:00,240,40.71825,0.39988
9.5,320.0,23.8,28.0,990.3,-1.0,-1.0,-1.0,-1.0,DB,2010-09-08 12:00:00,179,40.87287,0.71581
1.7,132.0,22.4,51.0,962.4,-1.0,-1.0,-1.0,-1.0,DC,2010-09-08 12:00:00,421.5,42.19144,2.48263
3.2,192.0,25.1,43.0,1006.0,-1.0,-1.0,-1.0,-1.0,DD,2010-09-08 12:00:00,44.5,41.51175,2.38674
1.9,83.0,23.4,48.0,1008.3,-1.0,-1.0,-1.0,-1.0,DF,2010-09-08 12:00:00,28.6,41.97751,3.03543
1.9,203.0,9.5,81.0,800.1,-1.0,-1.0,-1.0,-1.0,DG,2010-09-08 12:00:00,1971.4,42.39848,2.15517
5.3,305.0,23.0,37.0,963.9,-1.0,-1.0,-1.0,-1.0,DI,2010-09-08 12:00:00,415,41.43292,1.62386
2.8,99.0,22.6,52.0,990.8,-1.0,-1.0,-1.0,-1.0,DJ,2010-09-08 12:00:00,176,42.11653,2.78969
4.3,145.0,26.7,39.0,1010.5,-1.0,-1.0,-1.0,-1.0,DK,2010-09-08 12:00:00,2,41.14677,1.41846
3.7,309.0,26.7,30.0,1011.1,-1.0,-1.0,-1.0,-1.0,DL,2010-09-08 12:00:00,0.5,40.70719,0.83449
2.7,154.0,25.0,35.0,1000.7,-1.0,-1.0,-1.0,-1.0,DM,2010-09-08 12:00:00,90,41.96012,2.80696
2.4,119.0,23.8,45.0,993.3,-1.0,-1.0,-1.0,-1.0,DN,2010-09-08 12:00:00,150,41.96095,2.63108
2.1,109.0,24.1,47.0,1010.1,-1.0,-1.0,-1.0,-1.0,DO,2010-09-08 12:00:00,14,41.80857,3.03241
4.0,198.0,18.8,37.0,887.3,-1.0,-1.0,-1.0,-1.0,DP,2010-09-08 12:00:00,1097,42.38605,1.8664
5.1,308.0,23.1,31.0,978.6,-1.0,-1.0,-1.0,-1.0,DQ,2010-09-08 12:00:00,287,41.30728,1.36259
-1.0,-1.0,22.9,33.0,965.6,-1.0,-1.0,-1.0,-1.0,D1,2010-09-08 12:00:00,404,41.28521,0.75383
-1.0,-1.0,23.3,41.0,971.6,-1.0,-1.0,-1.0,-1.0,D2,2010-09-08 12:00:00,343,41.59252,1.915
3.8,315.0,24.7,34.0,981.6,-1.0,-1.0,-1.0,-1.0,D3,2010-09-08 12:00:00,252,41.38197,1.93564
4.3,40.0,23.3,36.0,1008.6,-1.0,-1.0,-1.0,-1.0,D4,2010-09-08 12:00:00,24,42.27065,3.18165
4.1,251.0,24.6,30.0,964.2,-1.0,-1.0,-1.0,-1.0,D5,2010-09-08 12:00:00,411.2,41.41843,2.12388
2.8,15.0,20.5,56.0,988.9,-1.0,-1.0,-1.0,-1.0,D6,2010-09-08 12:00:00,196,42.43515,3.16622
3.6,283.0,27.4,24.0,1005.7,-1.0,-1.0,-1.0,-1.0,D7,2010-09-08 12:00:00,53,41.18499,0.59376
4.4,300.0,23.0,25.0,953.8,-1.0,-1.0,-1.0,-1.0,D8,2010-09-08 12:00:00,515,40.95134,0.30565
5.1,330.0,25.8,27.0,1004.1,-1.0,-1.0,-1.0,-1.0,D9,2010-09-08 12:00:00,59,41.21553,1.52121
3.6,281.0,22.6,42.0,973.1,-1.0,-1.0,-1.0,-1.0,H1,2010-09-08 12:00:00,333,41.58642,1.65306
2.1,7.0,24.0,38.0,986.5,-1.0,-1.0,-1.0,-1.0,R1,2010-09-08 12:00:00,210,41.70637,1.87276
-1.0,-1.0,25.8,29.0,-1.0,2.9,299.0,-1.0,-1.0,UA,2010-09-08 12:00:00,93,40.9091,0.76943
-1.0,-1.0,23.6,45.0,-1.0,1.1,71.0,-1.0,-1.0,UB,2010-09-08 12:00:00,15,42.05398,3.06195
-1.0,-1.0,23.0,50.0,-1.0,0.9,73.0,-1.0,-1.0,UC,2010-09-08 12:00:00,60,41.97726,2.99705
-1.0,-1.0,23.5,43.0,-1.0,-1.0,-1.0,-1.0,-1.0,UD,2010-09-08 12:00:00,12,42.02895,3.06227
-1.0,-1.0,23.1,55.0,-1.0,-1.0,-1.0,-1.0,-1.0,UE,2010-09-08 12:00:00,4,42.02306,3.15719
-1.0,-1.0,21.6,36.0,-1.0,3.4,320.0,-1.0,-1.0,UF,2010-09-08 12:00:00,573,41.28832,1.90775
-1.0,-1.0,26.0,40.0,-1.0,2.0,201.0,-1.0,-1.0,UG,2010-09-08 12:00:00,3,41.29928,2.03787
-1.0,-1.0,22.7,34.0,-1.0,1.5,274.0,2.6,277.0,UH,2010-09-08 12:00:00,545,41.34171,1.48769
-1.0,-1.0,13.7,77.0,-1.0,0.4,62.0,-1.0,-1.0,UI,2010-09-08 12:00:00,1386,42.26477,1.76218
-1.0,-1.0,20.4,39.0,-1.0,3.6,276.0,6.4,279.0,UJ,2010-09-08 12:00:00,709,41.52879,1.3683
-1.0,-1.0,26.9,27.0,-1.0,1.0,245.0,-1.0,-1.0,UK,2010-09-08 12:00:00,161,41.27861,1.80479
-1.0,-1.0,24.2,32.0,-1.0,2.0,274.0,-1.0,-1.0,UL,2010-09-08 12:00:00,228,41.52911,0.75303
-1.0,-1.0,21.4,32.0,-1.0,3.5,278.0,-1.0,-1.0,UM,2010-09-08 12:00:00,505,41.35991,0.66789
-1.0,-1.0,23.5,46.0,-1.0,2.4,198.0,-1.0,-1.0,UN,2010-09-08 12:00:00,171,41.87449,2.92694
-1.0,-1.0,25.1,40.0,-1.0,-1.0,-1.0,-1.0,-1.0,UO,2010-09-08 12:00:00,97,41.91461,2.82069
3.4,167.0,25.4,38.0,1002.0,-1.0,-1.0,-1.0,-1.0,UP,2010-09-08 12:00:00,81,41.51773,2.37702
-1.0,-1.0,20.8,45.0,-1.0,2.1,204.0,-1.0,-1.0,UQ,2010-09-08 12:00:00,460,41.61991,2.44532
-1.0,-1.0,25.8,32.0,-1.0,2.3,112.0,-1.0,-1.0,US,2010-09-08 12:00:00,24,40.55786,0.52329
5.0,327.0,26.6,24.0,1011.0,-1.0,-1.0,-1.0,-1.0,UU,2010-09-08 12:00:00,3,40.70776,0.6321
-1.0,-1.0,26.4,23.0,-1.0,1.3,344.0,-1.0,-1.0,UV,2010-09-08 12:00:00,205,40.71727,0.41633
-1.0,-1.0,25.4,35.0,1012.0,1.7,178.0,-1.0,-1.0,UW,2010-09-08 12:00:00,0,40.62725,0.65922
-1.0,-1.0,27.0,19.0,-1.0,2.4,314.0,-1.0,-1.0,UX,2010-09-08 12:00:00,210,40.62652,0.37112
-1.0,-1.0,23.8,30.0,-1.0,1.9,258.0,3.1,262.0,UY,2010-09-08 12:00:00,576,41.87912,0.76103
-1.0,-1.0,24.6,41.0,-1.0,1.1,84.0,-1.0,-1.0,U1,2010-09-08 12:00:00,31,42.30648,2.95481
3.4,81.0,24.0,48.0,1011.0,-1.0,-1.0,-1.0,-1.0,U2,2010-09-08 12:00:00,4,42.17716,3.0968
-1.0,-1.0,24.4,31.0,-1.0,2.1,310.0,-1.0,-1.0,U3,2010-09-08 12:00:00,257,41.37491,1.63032
1.8,328.0,21.1,47.0,-1.0,1.4,303.0,-1.0,-1.0,U4,2010-09-08 12:00:00,507,41.83094,1.84699
-1.0,-1.0,18.0,44.0,-1.0,1.9,227.0,-1.0,-1.0,U5,2010-09-08 12:00:00,969,41.31349,0.99611
-1.0,-1.0,26.1,27.0,-1.0,1.6,307.0,-1.0,-1.0,U6,2010-09-08 12:00:00,29,41.08017,1.06661
-1.0,-1.0,26.2,24.0,-1.0,2.1,321.0,-1.0,-1.0,U7,2010-09-08 12:00:00,52,40.85936,0.50525
-1.0,-1.0,27.0,22.0,-1.0,2.1,294.0,-1.0,-1.0,U9,2010-09-08 12:00:00,62,40.76947,0.61635
-1.0,-1.0,24.7,26.0,-1.0,2.6,296.0,-1.0,-1.0,VA,2010-09-08 12:00:00,257,41.19645,0.51161
6.9,286.0,26.4,23.0,-1.0,-1.0,-1.0,-1.0,-1.0,VB,2010-09-08 12:00:00,32,41.06289,0.63517
-1.0,-1.0,24.9,28.0,-1.0,3.6,254.0,-1.0,-1.0,VC,2010-09-08 12:00:00,69,41.24415,0.43266
-1.0,-1.0,22.2,34.0,-1.0,5.5,271.0,-1.0,-1.0,VD,2010-09-08 12:00:00,429,41.68939,1.20381
-1.0,-1.0,26.5,28.0,-1.0,2.4,261.0,-1.0,-1.0,VE,2010-09-08 12:00:00,97,41.48692,0.46058
-1.0,-1.0,26.0,29.0,-1.0,0.9,253.0,-1.0,-1.0,VF,2010-09-08 12:00:00,122,41.56482,0.54999
-1.0,-1.0,23.3,35.0,-1.0,4.0,284.0,-1.0,-1.0,VH,2010-09-08 12:00:00,259,41.65814,0.39301
-1.0,-1.0,24.2,29.0,-1.0,3.0,276.0,-1.0,-1.0,VJ,2010-09-08 12:00:00,161,41.59957,0.6478
5.7,277.0,23.2,38.0,979.1,-1.0,-1.0,-1.0,-1.0,VK,2010-09-08 12:00:00,286,41.68328,0.4487
4.6,253.0,26.3,26.0,-1.0,2.9,238.0,-1.0,-1.0,VL,2010-09-08 12:00:00,100,41.46014,0.40562
-1.0,-1.0,24.1,33.0,-1.0,4.1,264.0,-1.0,-1.0,VM,2010-09-08 12:00:00,222,41.7145,0.62839
-1.0,-1.0,24.2,40.0,-1.0,-1.0,-1.0,-1.0,-1.0,VN,2010-09-08 12:00:00,117,41.88244,2.74262
-1.0,-1.0,22.1,38.0,-1.0,1.8,221.0,-1.0,-1.0,VO,2010-09-08 12:00:00,785,42.08745,1.42792
-1.0,-1.0,21.0,45.0,-1.0,2.7,266.0,3.5,272.0,VP,2010-09-08 12:00:00,659,41.80483,1.53853
4.0,271.0,26.2,27.0,998.0,-1.0,-1.0,-1.0,-1.0,VQ,2010-09-08 12:00:00,112,41.1713,1.16774
-1.0,-1.0,25.0,36.0,-1.0,1.8,258.0,-1.0,-1.0,VR,2010-09-08 12:00:00,291,41.68994,1.04401
4.1,7.0,5.5,84.0,774.6,-1.0,-1.0,-1.0,-1.0,VS,2010-09-08 12:00:00,2247,42.63835,0.77889
-1.0,-1.0,25.1,34.0,-1.0,1.8,318.0,-1.0,-1.0,VT,2010-09-08 12:00:00,84,41.48401,2.12745
-1.0,-1.0,22.9,40.0,-1.0,0.5,328.0,-1.0,-1.0,VU,2010-09-08 12:00:00,421,41.63286,1.91718
1.9,38.0,21.5,48.0,-1.0,-1.0,-1.0,-1.0,-1.0,VV,2010-09-08 12:00:00,528,41.68129,2.02647
-1.0,-1.0,16.4,64.0,-1.0,0.3,269.0,-1.0,-1.0,VX,2010-09-08 12:00:00,1030,41.74761,2.30291
-1.0,-1.0,25.4,29.0,-1.0,-1.0,-1.0,-1.0,-1.0,VY,2010-09-08 12:00:00,240,41.25095,1.29863
-1.0,-1.0,23.8,37.0,-1.0,-1.0,-1.0,-1.0,-1.0,VZ,2010-09-08 12:00:00,83,42.38443,3.00736
-1.0,-1.0,25.0,30.0,-1.0,4.4,256.0,-1.0,-1.0,V1,2010-09-08 12:00:00,238,41.78487,0.82939
-1.0,-1.0,21.0,58.0,-1.0,1.3,219.0,-1.0,-1.0,V3,2010-09-08 12:00:00,509,41.95224,2.23271
-1.0,-1.0,20.7,57.0,934.0,-1.0,-1.0,1.0,173.0,V4,2010-09-08 12:00:00,684,42.11477,2.21483
-1.0,-1.0,17.8,66.0,-1.0,1.6,258.0,1.8,248.0,V5,2010-09-08 12:00:00,774,42.03947,2.11993
-1.0,-1.0,24.0,37.0,-1.0,1.9,251.0,-1.0,-1.0,V8,2010-09-08 12:00:00,223,41.67279,0.87741
-1.0,-1.0,24.0,31.0,-1.0,5.1,255.0,-1.0,-1.0,WA,2010-09-08 12:00:00,443,41.87694,1.1541
-1.0,-1.0,24.1,31.0,-1.0,4.8,262.0,-1.0,-1.0,WB,2010-09-08 12:00:00,267,41.76036,0.67022
-1.0,-1.0,23.5,36.0,-1.0,2.9,280.0,-1.0,-1.0,WC,2010-09-08 12:00:00,261,41.63642,0.92446
-1.0,-1.0,23.3,27.0,-1.0,2.3,309.0,-1.0,-1.0,WD,2010-09-08 12:00:00,382,41.08671,0.31884
-1.0,-1.0,25.4,39.0,-1.0,0.7,271.0,-1.0,-1.0,WE,2010-09-08 12:00:00,126,41.5444,2.30014
-1.0,-1.0,23.8,39.0,-1.0,-1.0,-1.0,-1.0,-1.0,WF,2010-09-08 12:00:00,108,41.95425,2.77578
-1.0,-1.0,23.3,30.0,-1.0,3.8,261.0,-1.0,-1.0,WG,2010-09-08 12:00:00,301,41.80104,0.64804
-1.0,-1.0,23.4,28.0,-1.0,3.0,273.0,-1.0,-1.0,WI,2010-09-08 12:00:00,350,41.35741,0.4809
-1.0,-1.0,25.2,26.0,-1.0,4.9,312.0,-1.0,-1.0,WJ,2010-09-08 12:00:00,141,41.1223,0.72182
-1.0,-1.0,23.9,31.0,-1.0,2.1,279.0,-1.0,-1.0,WK,2010-09-08 12:00:00,268,41.81949,0.57768
-1.0,-1.0,22.3,32.0,-1.0,4.9,261.0,-1.0,-1.0,WL,2010-09-08 12:00:00,413,41.57236,1.0882
2.1,181.0,15.4,73.0,-1.0,-1.0,-1.0,-1.0,-1.0,WM,2010-09-08 12:00:00,1167,42.10736,1.8267
-1.0,-1.0,16.2,55.0,-1.0,-1.0,-1.0,2.7,330.0,WN,2010-09-08 12:00:00,916,41.59539,1.83751
-1.0,-1.0,25.5,27.0,-1.0,-1.0,-1.0,-1.0,-1.0,WO,2010-09-08 12:00:00,185,41.27151,1.46717
-1.0,-1.0,23.9,34.0,-1.0,2.8,311.0,-1.0,-1.0,WP,2010-09-08 12:00:00,325,41.48518,1.69337
4.2,236.0,13.2,53.0,840.5,-1.0,-1.0,-1.0,-1.0,WQ,2010-09-08 12:00:00,1572,42.0513,0.72952
-1.0,-1.0,25.4,24.0,-1.0,1.7,267.0,-1.0,-1.0,WR,2010-09-08 12:00:00,300,41.2163,0.79748
1.0,302.0,17.7,63.0,905.0,-1.0,-1.0,-1.0,-1.0,WS,2010-09-08 12:00:00,953,41.84008,2.41877
5.8,154.0,24.4,55.0,1012.0,-1.0,-1.0,-1.0,-1.0,WT,2010-09-08 12:00:00,2,41.64707,2.75658
-1.0,-1.0,23.6,45.0,1006.0,-1.0,-1.0,5.0,152.0,WU,2010-09-08 12:00:00,42,41.45215,2.24757
1.8,173.0,19.5,64.0,923.0,-1.0,-1.0,-1.0,-1.0,WV,2010-09-08 12:00:00,788,42.23414,1.87485
-1.0,-1.0,22.9,50.0,-1.0,-1.0,-1.0,-1.0,-1.0,WW,2010-09-08 12:00:00,278,41.79423,1.9368
-1.0,-1.0,22.2,32.0,-1.0,2.6,261.0,-1.0,-1.0,WX,2010-09-08 12:00:00,668,41.9178,0.88175
-1.0,-1.0,25.2,37.0,-1.0,2.2,350.0,-1.0,-1.0,WY,2010-09-08 12:00:00,164,41.43386,1.79429
4.3,305.0,28.3,25.0,1009.0,-1.0,-1.0,-1.0,-1.0,WZ,2010-09-08 12:00:00,17,41.20187,1.63346
-1.0,-1.0,23.8,43.0,-1.0,-1.0,-1.0,-1.0,-1.0,W1,2010-09-08 12:00:00,2,42.24726,3.09021
-1.0,-1.0,23.1,44.0,-1.0,-1.0,-1.0,-1.0,-1.0,W2,2010-09-08 12:00:00,7,42.18259,3.05783
-1.0,-1.0,23.8,49.0,-1.0,-1.0,-1.0,-1.0,-1.0,W3,2010-09-08 12:00:00,4,42.15006,3.06494
-1.0,-1.0,24.8,32.0,-1.0,1.9,328.0,-1.0,-1.0,W4,2010-09-08 12:00:00,240,41.36619,1.72857
-1.0,-1.0,24.5,32.0,-1.0,3.1,189.0,-1.0,-1.0,W5,2010-09-08 12:00:00,490,42.07683,1.31489
-1.0,-1.0,26.2,27.0,-1.0,1.4,296.0,-1.0,-1.0,W6,2010-09-08 12:00:00,158,41.13738,1.0187
-1.0,-1.0,21.9,35.0,-1.0,-1.0,-1.0,-1.0,-1.0,W8,2010-09-08 12:00:00,438,41.44237,1.15998
-1.0,-1.0,20.0,66.0,-1.0,1.6,78.0,-1.0,-1.0,W9,2010-09-08 12:00:00,461,42.14557,2.45451
5.9,295.0,18.8,46.0,923.4,-1.0,-1.0,-1.0,-1.0,XA,2010-09-08 12:00:00,785,41.60257,1.4007
-1.0,-1.0,21.0,40.0,-1.0,-1.0,-1.0,-1.0,-1.0,XB,2010-09-08 12:00:00,584,41.4779,1.53529
3.4,336.0,26.1,31.0,994.3,-1.0,-1.0,-1.0,-1.0,XC,2010-09-08 12:00:00,147,41.47892,1.97546
7.2,293.0,20.9,35.0,933.5,-1.0,-1.0,-1.0,-1.0,XD,2010-09-08 12:00:00,687,41.32,0.8857
5.1,292.0,27.9,28.0,1010.2,-1.0,-1.0,-1.0,-1.0,XE,2010-09-08 12:00:00,5,41.10393,1.201
3.0,286.0,23.4,44.0,981.3,-1.0,-1.0,-1.0,-1.0,XF,2010-09-08 12:00:00,258,41.56568,2.06952
2.2,345.0,24.7,37.0,997.4,-1.0,-1.0,-1.0,-1.0,XG,2010-09-08 12:00:00,123,41.56734,2.22619
-1.0,-1.0,20.9,44.0,933.8,-1.0,-1.0,-1.0,-1.0,XH,2010-09-08 12:00:00,679,42.40533,1.12993
-1.0,-1.0,23.2,35.0,983.4,4.3,268.0,-1.0,-1.0,XI,2010-09-08 12:00:00,247,41.61817,0.87182
7.1,276.0,24.1,32.0,970.9,-1.0,-1.0,-1.0,-1.0,X1,2010-09-08 12:00:00,359,41.15374,0.81953
-1.0,-1.0,25.4,40.0,-1.0,-1.0,-1.0,-1.0,-1.0,X2,2010-09-08 12:00:00,7,41.38943,2.18847
9.5,268.0,22.9,35.0,969.0,-1.0,-1.0,-1.0,-1.0,X3,2010-09-08 12:00:00,370,41.74281,0.5358
2.9,206.0,26.5,36.0,1006.8,-1.0,-1.0,-1.0,-1.0,X4,2010-09-08 12:00:00,33,41.3839,2.16775
4.0,294.0,18.2,36.0,895.7,-1.0,-1.0,-1.0,-1.0,X5,2010-09-08 12:00:00,1055,40.79705,0.31822
-1.0,-1.0,25.3,28.0,-1.0,3.3,228.0,-1.0,-1.0,X6,2010-09-08 12:00:00,366,41.92173,1.02901
-1.0,-1.0,24.4,29.0,-1.0,3.4,303.0,-1.0,-1.0,X7,2010-09-08 12:00:00,215,41.51909,0.55314
3.3,309.0,25.9,31.0,1001.3,-1.0,-1.0,-1.0,-1.0,X8,2010-09-08 12:00:00,79,41.37919,2.1054
1.8,254.0,25.2,38.0,991.0,-1.0,-1.0,-1.0,-1.0,X9,2010-09-08 12:00:00,176,41.61265,2.16836
2.3,342.0,6.8,58.0,-1.0,-1.0,-1.0,-1.0,-1.0,ZB,2010-09-08 12:00:00,2451,42.51939,1.36597
-1.0,-1.0,6.8,75.0,-1.0,-1.0,-1.0,3.0,283.0,Z1,2010-09-08 12:00:00,2266,42.64691,0.98486
-1.0,-1.0,4.6,89.0,-1.0,-1.0,-1.0,2.0,255.0,Z2,2010-09-08 12:00:00,2535,42.46602,0.88405
-1.0,-1.0,10.4,53.0,-1.0,-1.0,-1.0,1.9,160.0,Z3,2010-09-08 12:00:00,2230,42.46605,1.7785
-1.0,-1.0,4.4,97.0,-1.0,-1.0,-1.0,2.5,99.0,Z4,2010-09-08 12:00:00,2364,42.42205,2.2524
-1.0,-1.0,7.0,58.0,-1.0,-1.0,-1.0,3.6,262.0,Z5,2010-09-08 12:00:00,2400,42.70029,1.27201
-1.0,-1.0,6.0,80.0,-1.0,-1.0,-1.0,0.9,306.0,Z6,2010-09-08 12:00:00,2228,42.77011,0.73198
1.8,50.0,4.4,79.0,-1.0,-1.0,-1.0,-1.0,-1.0,Z7,2010-09-08 12:00:00,2519,42.53412,1.05476
-1.0,-1.0,6.2,82.0,-1.0,-1.0,-1.0,3.5,228.0,Z8,2010-09-08 12:00:00,2316,42.18254,1.52407
3.7,223.0,10.0,63.0,-1.0,-1.0,-1.0,-1.0,-1.0,Z9,2010-09-08 12:00:00,2143,42.29265,1.71498
3.0,204.0,22.0,39.0,932.7,-1.0,-1.0,-1.0,-1.0,CA,2010-09-08 12:30:00,693,41.95378,1.5851
1.6,175.0,21.4,53.0,939.6,-1.0,-1.0,-1.0,-1.0,CC,2010-09-08 12:30:00,626,42.07398,2.20862
5.2,198.0,22.2,32.0,914.0,-1.0,-1.0,-1.0,-1.0,CD,2010-09-08 12:30:00,849,42.37083,1.43277
3.3,305.0,23.3,36.0,974.5,-1.0,-1.0,-1.0,-1.0,CE,2010-09-08 12:30:00,316,41.53109,1.80813
2.4,21.0,10.2,82.0,857.4,-1.0,-1.0,-1.0,-1.0,CG,2010-09-08 12:30:00,1405,42.37717,2.41456
1.5,41.0,15.9,69.0,915.3,-1.0,-1.0,-1.0,-1.0,CI,2010-09-08 12:30:00,852,42.25839,2.36429
5.0,182.0,24.2,37.0,945.3,-1.0,-1.0,-1.0,-1.0,CJ,2010-09-08 12:30:00,566.5,42.21624,1.33132
1.7,295.0,23.7,34.0,970.7,-1.0,-1.0,-1.0,-1.0,CL,2010-09-08 12:30:00,349,41.67399,1.76796
2.5,226.0,25.1,31.0,932.3,-1.0,-1.0,-1.0,-1.0,CP,2010-09-08 12:30:00,690,42.13924,1.03893
1.7,247.0,24.1,33.0,943.2,-1.0,-1.0,-1.0,-1.0,CQ,2010-09-08 12:30:00,594,41.99546,1.02569
1.0,195.0,17.9,69.0,913.7,-1.0,-1.0,-1.0,-1.0,CR,2010-09-08 12:30:00,873,42.08032,1.9624
2.3,162.0,21.4,41.0,917.2,-1.0,-1.0,-1.0,-1.0,CT,2010-09-08 12:30:00,823,42.39811,0.74362
2.6,19.0,19.5,43.0,898.2,-1.0,-1.0,-1.0,-1.0,CU,2010-09-08 12:30:00,1002,42.69856,0.79397
2.0,186.0,24.7,33.0,951.3,-1.0,-1.0,-1.0,-1.0,CV,2010-09-08 12:30:00,513.3,42.23939,0.96434
5.6,266.0,22.8,32.0,960.2,-1.0,-1.0,-1.0,-1.0,CW,2010-09-08 12:30:00,446,41.39241,1.09894
2.9,285.0,18.1,59.0,919.6,-1.0,-1.0,-1.0,-1.0,CY,2010-09-08 12:30:00,816,41.87813,2.17873
7.7,251.0,23.7,41.0,980.8,-1.0,-1.0,-1.0,-1.0,C6,2010-09-08 12:30:00,264,41.6566,0.95172
6.2,276.0,23.6,34.0,962.4,-1.0,-1.0,-1.0,-1.0,C7,2010-09-08 12:30:00,427,41.66695,1.16234
5.0,269.0,21.3,35.0,947.4,-1.0,-1.0,-1.0,-1.0,C8,2010-09-08 12:30:00,554,41.67555,1.29609
-1.0,-1.0,26.2,26.0,983.6,-1.0,-1.0,-1.0,-1.0,C9,2010-09-08 12:30:00,240,40.71825,0.39988
8.1,315.0,24.4,26.0,990.4,-1.0,-1.0,-1.0,-1.0,DB,2010-09-08 12:30:00,179,40.87287,0.71581
1.0,97.0,21.1,56.0,962.6,-1.0,-1.0,-1.0,-1.0,DC,2010-09-08 12:30:00,421.5,42.19144,2.48263
2.3,165.0,25.1,42.0,1006.2,-1.0,-1.0,-1.0,-1.0,DD,2010-09-08 12:30:00,44.5,41.51175,2.38674
3.2,66.0,23.5,47.0,1008.4,-1.0,-1.0,-1.0,-1.0,DF,2010-09-08 12:30:00,28.6,41.97751,3.03543
1.7,190.0,8.7,84.0,800.3,-1.0,-1.0,-1.0,-1.0,DG,2010-09-08 12:30:00,1971.4,42.39848,2.15517
4.8,333.0,23.5,35.0,963.9,-1.0,-1.0,-1.0,-1.0,DI,2010-09-08 12:30:00,415,41.43292,1.62386
2.5,97.0,22.2,53.0,990.9,-1.0,-1.0,-1.0,-1.0,DJ,2010-09-08 12:30:00,176,42.11653,2.78969
3.9,161.0,26.5,39.0,1010.5,-1.0,-1.0,-1.0,-1.0,DK,2010-09-08 12:30:00,2,41.14677,1.41846
3.8,322.0,27.2,28.0,1010.8,-1.0,-1.0,-1.0,-1.0,DL,2010-09-08 12:30:00,0.5,40.70719,0.83449
2.7,142.0,25.2,35.0,1000.7,-1.0,-1.0,-1.0,-1.0,DM,2010-09-08 12:30:00,90,41.96012,2.80696
1.8,121.0,24.2,42.0,993.2,-1.0,-1.0,-1.0,-1.0,DN,2010-09-08 12:30:00,150,41.96095,2.63108
2.6,112.0,24.0,46.0,1010.0,-1.0,-1.0,-1.0,-1.0,DO,2010-09-08 12:30:00,14,41.80857,3.03241
5.1,193.0,20.8,32.0,887.3,-1.0,-1.0,-1.0,-1.0,DP,2010-09-08 12:30:00,1097,42.38605,1.8664
5.4,322.0,23.6,31.0,978.5,-1.0,-1.0,-1.0,-1.0,DQ,2010-09-08 12:30:00,287,41.30728,1.36259
-1.0,-1.0,23.2,31.0,965.4,-1.0,-1.0,-1.0,-1.0,D1,2010-09-08 12:30:00,404,41.28521,0.75383
-1.0,-1.0,24.1,37.0,971.6,-1.0,-1.0,-1.0,-1.0,D2,2010-09-08 12:30:00,343,41.59252,1.915
3.0,304.0,25.5,32.0,981.6,-1.0,-1.0,-1.0,-1.0,D3,2010-09-08 12:30:00,252,41.38197,1.93564
4.3,40.0,22.8,41.0,1008.7,-1.0,-1.0,-1.0,-1.0,D4,2010-09-08 12:30:00,24,42.27065,3.18165
2.5,305.0,24.3,31.0,964.4,-1.0,-1.0,-1.0,-1.0,D5,2010-09-08 12:30:00,411.2,41.41843,2.12388
2.1,19.0,21.3,51.0,988.9,-1.0,-1.0,-1.0,-1.0,D6,2010-09-08 12:30:00,196,42.43515,3.16622
4.1,280.0,27.7,23.0,1005.7,-1.0,-1.0,-1.0,-1.0,D7,2010-09-08 12:30:00,53,41.18499,0.59376
4.4,301.0,23.5,24.0,953.9,-1.0,-1.0,-1.0,-1.0,D8,2010-09-08 12:30:00,515,40.95134,0.30565
3.8,232.0,26.3,28.0,1004.2,-1.0,-1.0,-1.0,-1.0,D9,2010-09-08 12:30:00,59,41.21553,1.52121
4.2,283.0,23.0,40.0,973.0,-1.0,-1.0,-1.0,-1.0,H1,2010-09-08 12:30:00,333,41.58642,1.65306
2.0,16.0,24.8,36.0,986.5,-1.0,-1.0,-1.0,-1.0,R1,2010-09-08 12:30:00,210,41.70637,1.87276
2.8,293.0,26.8,26.0,997.0,-1.0,-1.0,-1.0,-1.0,VQ,2010-09-08 12:30:00,112,41.1713,1.16774
3.9,6.0,5.8,83.0,774.7,-1.0,-1.0,-1.0,-1.0,VS,2010-09-08 12:30:00,2247,42.63835,0.77889
-1.0,-1.0,23.5,46.0,1006.0,-1.0,-1.0,5.7,148.0,WU,2010-09-08 12:30:00,42,41.45215,2.24757
3.4,267.0,28.2,27.0,1009.0,-1.0,-1.0,-1.0,-1.0,WZ,2010-09-08 12:30:00,17,41.20187,1.63346
6.1,299.0,19.2,43.0,923.4,-1.0,-1.0,-1.0,-1.0,XA,2010-09-08 12:30:00,785,41.60257,1.4007
2.7,336.0,26.9,30.0,994.4,-1.0,-1.0,-1.0,-1.0,XC,2010-09-08 12:30:00,147,41.47892,1.97546
7.0,297.0,21.3,33.0,933.4,-1.0,-1.0,-1.0,-1.0,XD,2010-09-08 12:30:00,687,41.32,0.8857
4.3,281.0,28.7,26.0,1010.0,-1.0,-1.0,-1.0,-1.0,XE,2010-09-08 12:30:00,5,41.10393,1.201
2.6,301.0,23.9,42.0,981.3,-1.0,-1.0,-1.0,-1.0,XF,2010-09-08 12:30:00,258,41.56568,2.06952
2.2,34.0,24.8,37.0,997.5,-1.0,-1.0,-1.0,-1.0,XG,2010-09-08 12:30:00,123,41.56734,2.22619
-1.0,-1.0,22.2,42.0,933.8,-1.0,-1.0,-1.0,-1.0,XH,2010-09-08 12:30:00,679,42.40533,1.12993
2.8,300.0,26.5,29.0,1001.3,-1.0,-1.0,-1.0,-1.0,X8,2010-09-08 12:30:00,79,41.37919,2.1054
1.7,351.0,7.3,58.0,-1.0,-1.0,-1.0,-1.0,-1.0,ZB,2010-09-08 12:30:00,2451,42.51939,1.36597
-1.0,-1.0,7.2,74.0,-1.0,-1.0,-1.0,2.4,275.0,Z1,2010-09-08 12:30:00,2266,42.64691,0.98486
-1.0,-1.0,4.4,89.0,-1.0,-1.0,-1.0,1.5,268.0,Z2,2010-09-08 12:30:00,2535,42.46602,0.88405
-1.0,-1.0,9.8,57.0,-1.0,-1.0,-1.0,1.7,160.0,Z3,2010-09-08 12:30:00,2230,42.46605,1.7785
-1.0,-1.0,4.0,98.0,-1.0,-1.0,-1.0,3.0,107.0,Z4,2010-09-08 12:30:00,2364,42.42205,2.2524
-1.0,-1.0,8.2,55.0,-1.0,-1.0,-1.0,2.7,234.0,Z5,2010-09-08 12:30:00,2400,42.70029,1.27201
-1.0,-1.0,6.4,81.0,-1.0,-1.0,-1.0,1.7,301.0,Z6,2010-09-08 12:30:00,2228,42.77011,0.73198
1.2,25.0,4.3,84.0,-1.0,-1.0,-1.0,-1.0,-1.0,Z7,2010-09-08 12:30:00,2519,42.53412,1.05476
-1.0,-1.0,6.2,82.0,-1.0,-1.0,-1.0,4.6,232.0,Z8,2010-09-08 12:30:00,2316,42.18254,1.52407
2.6,260.0,10.0,58.0,-1.0,-1.0,-1.0,-1.0,-1.0,Z9,2010-09-08 12:30:00,2143,42.29265,1.71498
4.1,195.0,23.0,35.0,932.5,-1.0,-1.0,-1.0,-1.0,CA,2010-09-08 13:00:00,693,41.95378,1.5851
2.0,145.0,21.7,51.0,939.4,-1.0,-1.0,-1.0,-1.0,CC,2010-09-08 13:00:00,626,42.07398,2.20862
5.4,210.0,21.9,32.0,913.9,-1.0,-1.0,-1.0,-1.0,CD,2010-09-08 13:00:00,849,42.37083,1.43277
3.7,287.0,23.4,34.0,974.3,-1.0,-1.0,-1.0,-1.0,CE,2010-09-08 13:00:00,316,41.53109,1.80813
2.1,25.0,9.8,82.0,857.4,-1.0,-1.0,-1.0,-1.0,CG,2010-09-08 13:00:00,1405,42.37717,2.41456
0.8,106.0,14.8,82.0,915.4,-1.0,-1.0,-1.0,-1.0,CI,2010-09-08 13:00:00,852,42.25839,2.36429
4.7,183.0,24.2,35.0,945.2,-1.0,-1.0,-1.0,-1.0,CJ,2010-09-08 13:00:00,566.5,42.21624,1.33132
1.8,285.0,24.6,32.0,970.5,-1.0,-1.0,-1.0,-1.0,CL,2010-09-08 13:00:00,349,41.67399,1.76796
3.8,246.0,24.7,32.0,932.3,-1.0,-1.0,-1.0,-1.0,CP,2010-09-08 13:00:00,690,42.13924,1.03893
2.5,228.0,24.6,31.0,943.2,-1.0,-1.0,-1.0,-1.0,CQ,2010-09-08 13:00:00,594,41.99546,1.02569
0.7,231.0,19.1,65.0,913.5,-1.0,-1.0,-1.0,-1.0,CR,2010-09-08 13:00:00,873,42.08032,1.9624
2.5,153.0,22.0,38.0,917.2,-1.0,-1.0,-1.0,-1.0,CT,2010-09-08 13:00:00,823,42.39811,0.74362
1.9,356.0,19.4,44.0,898.3,-1.0,-1.0,-1.0,-1.0,CU,2010-09-08 13:00:00,1002,42.69856,0.79397
1.7,172.0,25.0,31.0,951.3,-1.0,-1.0,-1.0,-1.0,CV,2010-09-08 13:00:00,513.3,42.23939,0.96434
5.6,273.0,23.4,31.0,960.3,-1.0,-1.0,-1.0,-1.0,CW,2010-09-08 13:00:00,446,41.39241,1.09894
2.6,261.0,19.4,55.0,919.4,-1.0,-1.0,-1.0,-1.0,CY,2010-09-08 13:00:00,816,41.87813,2.17873
7.6,251.0,24.0,38.0,980.8,-1.0,-1.0,-1.0,-1.0,C6,2010-09-08 13:00:00,264,41.6566,0.95172
6.0,274.0,24.1,33.0,962.5,-1.0,-1.0,-1.0,-1.0,C7,2010-09-08 13:00:00,427,41.66695,1.16234
5.6,275.0,21.6,34.0,947.4,-1.0,-1.0,-1.0,-1.0,C8,2010-09-08 13:00:00,554,41.67555,1.29609
-1.0,-1.0,26.8,26.0,983.5,-1.0,-1.0,-1.0,-1.0,C9,2010-09-08 13:00:00,240,40.71825,0.39988
6.3,325.0,25.1,24.0,990.5,-1.0,-1.0,-1.0,-1.0,DB,2010-09-08 13:00:00,179,40.87287,0.71581
2.0,22.0,19.4,65.0,962.6,-1.0,-1.0,-1.0,-1.0,DC,2010-09-08 13:00:00,421.5,42.19144,2.48263
2.2,166.0,24.8,42.0,1006.1,-1.0,-1.0,-1.0,-1.0,DD,2010-09-08 13:00:00,44.5,41.51175,2.38674
3.5,71.0,22.5,50.0,1008.4,-1.0,-1.0,-1.0,-1.0,DF,2010-09-08 13:00:00,28.6,41.97751,3.03543
1.3,194.0,8.3,85.0,800.3,-1.0,-1.0,-1.0,-1.0,DG,2010-09-08 13:00:00,1971.4,42.39848,2.15517
4.6,330.0,24.2,33.0,963.8,-1.0,-1.0,-1.0,-1.0,DI,2010-09-08 13:00:00,415,41.43292,1.62386
2.8,104.0,22.6,52.0,990.8,-1.0,-1.0,-1.0,-1.0,DJ,2010-09-08 13:00:00,176,42.11653,2.78969
4.6,175.0,27.0,40.0,1010.3,-1.0,-1.0,-1.0,-1.0,DK,2010-09-08 13:00:00,2,41.14677,1.41846
3.4,316.0,27.7,27.0,1010.9,-1.0,-1.0,-1.0,-1.0,DL,2010-09-08 13:00:00,0.5,40.70719,0.83449
2.7,151.0,24.7,39.0,1000.7,-1.0,-1.0,-1.0,-1.0,DM,2010-09-08 13:00:00,90,41.96012,2.80696
2.6,145.0,23.8,44.0,993.2,-1.0,-1.0,-1.0,-1.0,DN,2010-09-08 13:00:00,150,41.96095,2.63108
2.6,102.0,24.1,47.0,1010.1,-1.0,-1.0,-1.0,-1.0,DO,2010-09-08 13:00:00,14,41.80857,3.03241
5.0,187.0,21.5,34.0,887.3,-1.0,-1.0,-1.0,-1.0,DP,2010-09-08 13:00:00,1097,42.38605,1.8664
4.3,314.0,24.3,30.0,978.4,-1.0,-1.0,-1.0,-1.0,DQ,2010-09-08 13:00:00,287,41.30728,1.36259
-1.0,-1.0,23.9,29.0,965.4,-1.0,-1.0,-1.0,-1.0,D1,2010-09-08 13:00:00,404,41.28521,0.75383
-1.0,-1.0,24.3,36.0,971.4,-1.0,-1.0,-1.0,-1.0,D2,2010-09-08 13:00:00,343,41.59252,1.915
2.5,316.0,26.0,31.0,981.5,-1.0,-1.0,-1.0,-1.0,D3,2010-09-08 13:00:00,252,41.38197,1.93564
4.2,42.0,22.9,41.0,1008.6,-1.0,-1.0,-1.0,-1.0,D4,2010-09-08 13:00:00,24,42.27065,3.18165
2.3,267.0,24.5,32.0,964.2,-1.0,-1.0,-1.0,-1.0,D5,2010-09-08 13:00:00,411.2,41.41843,2.12388
1.9,88.0,21.8,51.0,988.8,-1.0,-1.0,-1.0,-1.0,D6,2010-09-08 13:00:00,196,42.43515,3.16622
4.1,273.0,28.0,21.0,1005.6,-1.0,-1.0,-1.0,-1.0,D7,2010-09-08 13:00:00,53,41.18499,0.59376
3.8,279.0,24.1,23.0,953.7,-1.0,-1.0,-1.0,-1.0,D8,2010-09-08 13:00:00,515,40.95134,0.30565
3.4,178.0,25.7,30.0,1004.1,-1.0,-1.0,-1.0,-1.0,D9,2010-09-08 13:00:00,59,41.21553,1.52121
3.1,284.0,23.7,37.0,972.8,-1.0,-1.0,-1.0,-1.0,H1,2010-09-08 13:00:00,333,41.58642,1.65306
2.2,359.0,25.9,35.0,986.2,-1.0,-1.0,-1.0,-1.0,R1,2010-09-08 13:00:00,210,41.70637,1.87276
-1.0,-1.0,26.7,25.0,-1.0,2.2,302.0,-1.0,-1.0,UA,2010-09-08 13:00:00,93,40.9091,0.76943
-1.0,-1.0,22.5,49.0,-1.0,1.1,43.0,-1.0,-1.0,UB,2010-09-08 13:00:00,15,42.05398,3.06195
-1.0,-1.0,22.5,51.0,-1.0,1.2,56.0,-1.0,-1.0,UC,2010-09-08 13:00:00,60,41.97726,2.99705
-1.0,-1.0,22.6,48.0,-1.0,-1.0,-1.0,-1.0,-1.0,UD,2010-09-08 13:00:00,12,42.02895,3.06227
-1.0,-1.0,22.0,60.0,-1.0,-1.0,-1.0,-1.0,-1.0,UE,2010-09-08 13:00:00,4,42.02306,3.15719
-1.0,-1.0,22.7,32.0,-1.0,2.7,311.0,-1.0,-1.0,UF,2010-09-08 13:00:00,573,41.28832,1.90775
-1.0,-1.0,26.2,40.0,-1.0,1.5,187.0,-1.0,-1.0,UG,2010-09-08 13:00:00,3,41.29928,2.03787
-1.0,-1.0,23.4,31.0,-1.0,1.4,260.0,2.8,267.0,UH,2010-09-08 13:00:00,545,41.34171,1.48769
-1.0,-1.0,13.6,76.0,-1.0,0.4,35.0,-1.0,-1.0,UI,2010-09-08 13:00:00,1386,42.26477,1.76218
-1.0,-1.0,20.8,37.0,-1.0,3.5,270.0,6.1,272.0,UJ,2010-09-08 13:00:00,709,41.52879,1.3683
-1.0,-1.0,25.9,30.0,-1.0,1.1,205.0,-1.0,-1.0,UK,2010-09-08 13:00:00,161,41.27861,1.80479
-1.0,-1.0,24.8,29.0,-1.0,2.1,269.0,-1.0,-1.0,UL,2010-09-08 13:00:00,228,41.52911,0.75303
-1.0,-1.0,22.2,29.0,-1.0,3.5,276.0,-1.0,-1.0,UM,2010-09-08 13:00:00,505,41.35991,0.66789
-1.0,-1.0,23.2,47.0,-1.0,2.1,161.0,-1.0,-1.0,UN,2010-09-08 13:00:00,171,41.87449,2.92694
-1.0,-1.0,24.4,45.0,-1.0,-1.0,-1.0,-1.0,-1.0,UO,2010-09-08 13:00:00,97,41.91461,2.82069
3.2,160.0,25.2,39.0,1002.0,-1.0,-1.0,-1.0,-1.0,UP,2010-09-08 13:00:00,81,41.51773,2.37702
-1.0,-1.0,20.9,47.0,-1.0,2.2,149.0,-1.0,-1.0,UQ,2010-09-08 13:00:00,460,41.61991,2.44532
-1.0,-1.0,26.1,35.0,-1.0,2.3,146.0,-1.0,-1.0,US,2010-09-08 13:00:00,24,40.55786,0.52329
3.4,325.0,27.8,23.0,1011.0,-1.0,-1.0,-1.0,-1.0,UU,2010-09-08 13:00:00,3,40.70776,0.6321
-1.0,-1.0,27.5,21.0,-1.0,1.2,311.0,-1.0,-1.0,UV,2010-09-08 13:00:00,205,40.71727,0.41633
-1.0,-1.0,25.8,37.0,1012.0,1.7,150.0,-1.0,-1.0,UW,2010-09-08 13:00:00,0,40.62725,0.65922
-1.0,-1.0,28.0,15.0,-1.0,2.3,279.0,-1.0,-1.0,UX,2010-09-08 13:00:00,210,40.62652,0.37112
-1.0,-1.0,24.0,30.0,-1.0,1.9,266.0,3.1,265.0,UY,2010-09-08 13:00:00,576,41.87912,0.76103
-1.0,-1.0,23.6,46.0,-1.0,1.7,78.0,-1.0,-1.0,U1,2010-09-08 13:00:00,31,42.30648,2.95481
4.2,98.0,21.7,63.0,1011.0,-1.0,-1.0,-1.0,-1.0,U2,2010-09-08 13:00:00,4,42.17716,3.0968
-1.0,-1.0,25.2,28.0,-1.0,2.0,302.0,-1.0,-1.0,U3,2010-09-08 13:00:00,257,41.37491,1.63032
1.7,66.0,22.2,44.0,-1.0,1.3,70.0,-1.0,-1.0,U4,2010-09-08 13:00:00,507,41.83094,1.84699
-1.0,-1.0,19.0,38.0,-1.0,1.8,229.0,-1.0,-1.0,U5,2010-09-08 13:00:00,969,41.31349,0.99611
-1.0,-1.0,26.7,26.0,-1.0,2.0,278.0,-1.0,-1.0,U6,2010-09-08 13:00:00,29,41.08017,1.06661
-1.0,-1.0,27.2,22.0,-1.0,1.7,331.0,-1.0,-1.0,U7,2010-09-08 13:00:00,52,40.85936,0.50525
-1.0,-1.0,27.7,20.0,-1.0,2.2,321.0,-1.0,-1.0,U9,2010-09-08 13:00:00,62,40.76947,0.61635
-1.0,-1.0,25.3,22.0,-1.0,2.7,301.0,-1.0,-1.0,VA,2010-09-08 13:00:00,257,41.19645,0.51161
6.5,286.0,26.9,20.0,-1.0,-1.0,-1.0,-1.0,-1.0,VB,2010-09-08 13:00:00,32,41.06289,0.63517
-1.0,-1.0,25.5,23.0,-1.0,3.4,249.0,-1.0,-1.0,VC,2010-09-08 13:00:00,69,41.24415,0.43266
-1.0,-1.0,22.9,31.0,-1.0,5.6,272.0,-1.0,-1.0,VD,2010-09-08 13:00:00,429,41.68939,1.20381
-1.0,-1.0,26.2,29.0,-1.0,3.5,231.0,-1.0,-1.0,VE,2010-09-08 13:00:00,97,41.48692,0.46058
-1.0,-1.0,26.8,27.0,-1.0,0.8,256.0,-1.0,-1.0,VF,2010-09-08 13:00:00,122,41.56482,0.54999
-1.0,-1.0,23.9,32.0,-1.0,4.0,285.0,-1.0,-1.0,VH,2010-09-08 13:00:00,259,41.65814,0.39301
-1.0,-1.0,25.0,26.0,-1.0,3.1,265.0,-1.0,-1.0,VJ,2010-09-08 13:00:00,161,41.59957,0.6478
5.8,272.0,23.8,35.0,978.9,-1.0,-1.0,-1.0,-1.0,VK,2010-09-08 13:00:00,286,41.68328,0.4487
4.0,256.0,26.7,24.0,-1.0,2.5,239.0,-1.0,-1.0,VL,2010-09-08 13:00:00,100,41.46014,0.40562
-1.0,-1.0,24.7,30.0,-1.0,3.6,271.0,-1.0,-1.0,VM,2010-09-08 13:00:00,222,41.7145,0.62839
-1.0,-1.0,23.5,49.0,-1.0,-1.0,-1.0,-1.0,-1.0,VN,2010-09-08 13:00:00,117,41.88244,2.74262
-1.0,-1.0,21.4,35.0,-1.0,1.4,196.0,-1.0,-1.0,VO,2010-09-08 13:00:00,785,42.08745,1.42792
-1.0,-1.0,22.0,40.0,-1.0,3.4,248.0,4.5,255.0,VP,2010-09-08 13:00:00,659,41.80483,1.53853
2.7,327.0,26.9,25.0,998.0,-1.0,-1.0,-1.0,-1.0,VQ,2010-09-08 13:00:00,112,41.1713,1.16774
-1.0,-1.0,25.3,34.0,-1.0,1.8,259.0,-1.0,-1.0,VR,2010-09-08 13:00:00,291,41.68994,1.04401
2.4,355.0,6.1,81.0,774.8,-1.0,-1.0,-1.0,-1.0,VS,2010-09-08 13:00:00,2247,42.63835,0.77889
-1.0,-1.0,25.1,35.0,-1.0,1.8,14.0,-1.0,-1.0,VT,2010-09-08 13:00:00,84,41.48401,2.12745
-1.0,-1.0,23.6,37.0,-1.0,0.5,285.0,-1.0,-1.0,VU,2010-09-08 13:00:00,421,41.63286,1.91718
1.6,40.0,22.0,44.0,-1.0,-1.0,-1.0,-1.0,-1.0,VV,2010-09-08 13:00:00,528,41.68129,2.02647
-1.0,-1.0,17.7,56.0,-1.0,0.9,207.0,-1.0,-1.0,VX,2010-09-08 13:00:00,1030,41.74761,2.30291
-1.0,-1.0,26.1,27.0,-1.0,-1.0,-1.0,-1.0,-1.0,VY,2010-09-08 13:00:00,240,41.25095,1.29863
-1.0,-1.0,22.8,44.0,-1.0,-1.0,-1.0,-1.0,-1.0,VZ,2010-09-08 13:00:00,83,42.38443,3.00736
-1.0,-1.0,25.4,29.0,-1.0,4.3,263.0,-1.0,-1.0,V1,2010-09-08 13:00:00,238,41.78487,0.82939
-1.0,-1.0,22.0,53.0,-1.0,1.2,219.0,-1.0,-1.0,V3,2010-09-08 13:00:00,509,41.95224,2.23271
-1.0,-1.0,20.9,55.0,934.0,-1.0,-1.0,0.9,154.0,V4,2010-09-08 13:00:00,684,42.11477,2.21483
-1.0,-1.0,19.0,62.0,-1.0,1.8,265.0,2.0,252.0,V5,2010-09-08 13:00:00,774,42.03947,2.11993
-1.0,-1.0,24.5,34.0,-1.0,1.8,258.0,-1.0,-1.0,V8,2010-09-08 13:00:00,223,41.67279,0.87741
-1.0,-1.0,24.7,27.0,-1.0,5.3,254.0,-1.0,-1.0,WA,2010-09-08 13:00:00,443,41.87694,1.1541
-1.0,-1.0,24.3,30.0,-1.0,5.0,257.0,-1.0,-1.0,WB,2010-09-08 13:00:00,267,41.76036,0.67022
-1.0,-1.0,23.9,33.0,-1.0,3.2,285.0,-1.0,-1.0,WC,2010-09-08 13:00:00,261,41.63642,0.92446
-1.0,-1.0,24.0,25.0,-1.0,2.5,323.0,-1.0,-1.0,WD,2010-09-08 13:00:00,382,41.08671,0.31884
-1.0,-1.0,25.4,41.0,-1.0,0.8,149.0,-1.0,-1.0,WE,2010-09-08 13:00:00,126,41.5444,2.30014
-1.0,-1.0,23.1,47.0,-1.0,-1.0,-1.0,-1.0,-1.0,WF,2010-09-08 13:00:00,108,41.95425,2.77578
-1.0,-1.0,23.8,31.0,-1.0,3.6,254.0,-1.0,-1.0,WG,2010-09-08 13:00:00,301,41.80104,0.64804
-1.0,-1.0,23.8,26.0,-1.0,2.8,290.0,-1.0,-1.0,WI,2010-09-08 13:00:00,350,41.35741,0.4809
-1.0,-1.0,26.0,23.0,-1.0,4.3,308.0,-1.0,-1.0,WJ,2010-09-08 13:00:00,141,41.1223,0.72182
-1.0,-1.0,24.0,32.0,-1.0,2.3,277.0,-1.0,-1.0,WK,2010-09-08 13:00:00,268,41.81949,0.57768
-1.0,-1.0,23.0,30.0,-1.0,4.1,263.0,-1.0,-1.0,WL,2010-09-08 13:00:00,413,41.57236,1.0882
1.5,172.0,15.4,73.0,-1.0,-1.0,-1.0,-1.0,-1.0,WM,2010-09-08 13:00:00,1167,42.10736,1.8267
-1.0,-1.0,17.3,51.0,-1.0,-1.0,-1.0,2.5,334.0,WN,2010-09-08 13:00:00,916,41.59539,1.83751
-1.0,-1.0,26.2,25.0,-1.0,-1.0,-1.0,-1.0,-1.0,WO,2010-09-08 13:00:00,185,41.27151,1.46717
-1.0,-1.0,24.6,31.0,-1.0,2.6,326.0,-1.0,-1.0,WP,2010-09-08 13:00:00,325,41.48518,1.69337
4.9,234.0,13.7,50.0,840.6,-1.0,-1.0,-1.0,-1.0,WQ,2010-09-08 13:00:00,1572,42.0513,0.72952
-1.0,-1.0,26.2,22.0,-1.0,1.4,257.0,-1.0,-1.0,WR,2010-09-08 13:00:00,300,41.2163,0.79748
0.7,277.0,17.2,65.0,905.0,-1.0,-1.0,-1.0,-1.0,WS,2010-09-08 13:00:00,953,41.84008,2.41877
6.2,138.0,24.4,56.0,1012.0,-1.0,-1.0,-1.0,-1.0,WT,2010-09-08 13:00:00,2,41.64707,2.75658
-1.0,-1.0,23.6,44.0,1006.0,-1.0,-1.0,4.6,144.0,WU,2010-09-08 13:00:00,42,41.45215,2.24757
2.2,171.0,20.2,58.0,923.0,-1.0,-1.0,-1.0,-1.0,WV,2010-09-08 13:00:00,788,42.23414,1.87485
-1.0,-1.0,23.8,45.0,-1.0,-1.0,-1.0,-1.0,-1.0,WW,2010-09-08 13:00:00,278,41.79423,1.9368
-1.0,-1.0,23.0,29.0,-1.0,3.6,260.0,-1.0,-1.0,WX,2010-09-08 13:00:00,668,41.9178,0.88175
-1.0,-1.0,26.4,33.0,-1.0,1.6,332.0,-1.0,-1.0,WY,2010-09-08 13:00:00,164,41.43386,1.79429
3.7,194.0,27.4,30.0,1009.0,-1.0,-1.0,-1.0,-1.0,WZ,2010-09-08 13:00:00,17,41.20187,1.63346
-1.0,-1.0,23.4,46.0,-1.0,-1.0,-1.0,-1.0,-1.0,W1,2010-09-08 13:00:00,2,42.24726,3.09021
-1.0,-1.0,21.4,59.0,-1.0,-1.0,-1.0,-1.0,-1.0,W2,2010-09-08 13:00:00,7,42.18259,3.05783
-1.0,-1.0,21.7,62.0,-1.0,-1.0,-1.0,-1.0,-1.0,W3,2010-09-08 13:00:00,4,42.15006,3.06494
-1.0,-1.0,24.8,31.0,-1.0,1.6,332.0,-1.0,-1.0,W4,2010-09-08 13:00:00,240,41.36619,1.72857
-1.0,-1.0,24.8,29.0,-1.0,3.7,188.0,-1.0,-1.0,W5,2010-09-08 13:00:00,490,42.07683,1.31489
-1.0,-1.0,26.8,26.0,-1.0,1.4,310.0,-1.0,-1.0,W6,2010-09-08 13:00:00,158,41.13738,1.0187
-1.0,-1.0,22.8,33.0,-1.0,-1.0,-1.0,-1.0,-1.0,W8,2010-09-08 13:00:00,438,41.44237,1.15998
-1.0,-1.0,20.0,68.0,-1.0,0.8,210.0,-1.0,-1.0,W9,2010-09-08 13:00:00,461,42.14557,2.45451
5.3,289.0,19.6,41.0,923.4,-1.0,-1.0,-1.0,-1.0,XA,2010-09-08 13:00:00,785,41.60257,1.4007
-1.0,-1.0,21.6,36.0,-1.0,-1.0,-1.0,-1.0,-1.0,XB,2010-09-08 13:00:00,584,41.4779,1.53529
2.1,290.0,28.2,26.0,994.1,-1.0,-1.0,-1.0,-1.0,XC,2010-09-08 13:00:00,147,41.47892,1.97546
6.7,300.0,21.8,30.0,933.6,-1.0,-1.0,-1.0,-1.0,XD,2010-09-08 13:00:00,687,41.32,0.8857
4.7,269.0,29.0,25.0,1010.0,-1.0,-1.0,-1.0,-1.0,XE,2010-09-08 13:00:00,5,41.10393,1.201
1.9,300.0,24.3,41.0,981.1,-1.0,-1.0,-1.0,-1.0,XF,2010-09-08 13:00:00,258,41.56568,2.06952
1.4,208.0,24.8,36.0,997.3,-1.0,-1.0,-1.0,-1.0,XG,2010-09-08 13:00:00,123,41.56734,2.22619
-1.0,-1.0,22.5,39.0,933.8,-1.0,-1.0,-1.0,-1.0,XH,2010-09-08 13:00:00,679,42.40533,1.12993
-1.0,-1.0,23.9,32.0,983.3,4.1,273.0,-1.0,-1.0,XI,2010-09-08 13:00:00,247,41.61817,0.87182
6.6,278.0,24.8,30.0,971.0,-1.0,-1.0,-1.0,-1.0,X1,2010-09-08 13:00:00,359,41.15374,0.81953
-1.0,-1.0,25.0,42.0,-1.0,-1.0,-1.0,-1.0,-1.0,X2,2010-09-08 13:00:00,7,41.38943,2.18847
9.2,270.0,23.3,33.0,969.0,-1.0,-1.0,-1.0,-1.0,X3,2010-09-08 13:00:00,370,41.74281,0.5358
3.4,180.0,25.8,39.0,1006.7,-1.0,-1.0,-1.0,-1.0,X4,2010-09-08 13:00:00,33,41.3839,2.16775
3.8,287.0,19.7,33.0,895.6,-1.0,-1.0,-1.0,-1.0,X5,2010-09-08 13:00:00,1055,40.79705,0.31822
-1.0,-1.0,26.0,25.0,-1.0,3.2,244.0,-1.0,-1.0,X6,2010-09-08 13:00:00,366,41.92173,1.02901
-1.0,-1.0,25.1,27.0,-1.0,3.3,295.0,-1.0,-1.0,X7,2010-09-08 13:00:00,215,41.51909,0.55314
2.0,284.0,27.3,28.0,1001.1,-1.0,-1.0,-1.0,-1.0,X8,2010-09-08 13:00:00,79,41.37919,2.1054
2.1,176.0,25.4,36.0,991.0,-1.0,-1.0,-1.0,-1.0,X9,2010-09-08 13:00:00,176,41.61265,2.16836
1.8,200.0,7.1,67.0,-1.0,-1.0,-1.0,-1.0,-1.0,ZB,2010-09-08 13:00:00,2451,42.51939,1.36597
-1.0,-1.0,7.8,73.0,-1.0,-1.0,-1.0,2.4,285.0,Z1,2010-09-08 13:00:00,2266,42.64691,0.98486
-1.0,-1.0,4.5,87.0,-1.0,-1.0,-1.0,1.2,268.0,Z2,2010-09-08 13:00:00,2535,42.46602,0.88405
-1.0,-1.0,10.4,60.0,-1.0,-1.0,-1.0,1.8,154.0,Z3,2010-09-08 13:00:00,2230,42.46605,1.7785
-1.0,-1.0,4.0,98.0,-1.0,-1.0,-1.0,2.2,106.0,Z4,2010-09-08 13:00:00,2364,42.42205,2.2524
-1.0,-1.0,8.3,55.0,-1.0,-1.0,-1.0,3.0,236.0,Z5,2010-09-08 13:00:00,2400,42.70029,1.27201
-1.0,-1.0,6.1,84.0,-1.0,-1.0,-1.0,1.3,310.0,Z6,2010-09-08 13:00:00,2228,42.77011,0.73198
1.7,23.0,4.1,91.0,-1.0,-1.0,-1.0,-1.0,-1.0,Z7,2010-09-08 13:00:00,2519,42.53412,1.05476
-1.0,-1.0,6.4,86.0,-1.0,-1.0,-1.0,5.3,232.0,Z8,2010-09-08 13:00:00,2316,42.18254,1.52407
3.8,228.0,9.6,67.0,-1.0,-1.0,-1.0,-1.0,-1.0,Z9,2010-09-08 13:00:00,2143,42.29265,1.71498
4.1,217.0,23.4,33.0,932.5,-1.0,-1.0,-1.0,-1.0,CA,2010-09-08 13:30:00,693,41.95378,1.5851
1.5,204.0,21.8,47.0,939.3,-1.0,-1.0,-1.0,-1.0,CC,2010-09-08 13:30:00,626,42.07398,2.20862
4.7,195.0,21.0,33.0,914.0,-1.0,-1.0,-1.0,-1.0,CD,2010-09-08 13:30:00,849,42.37083,1.43277
3.8,286.0,24.3,32.0,974.4,-1.0,-1.0,-1.0,-1.0,CE,2010-09-08 13:30:00,316,41.53109,1.80813
1.8,15.0,10.1,83.0,857.4,-1.0,-1.0,-1.0,-1.0,CG,2010-09-08 13:30:00,1405,42.37717,2.41456
1.1,132.0,15.4,80.0,915.5,-1.0,-1.0,-1.0,-1.0,CI,2010-09-08 13:30:00,852,42.25839,2.36429
5.0,181.0,24.5,34.0,945.1,-1.0,-1.0,-1.0,-1.0,CJ,2010-09-08 13:30:00,566.5,42.21624,1.33132
1.9,245.0,25.1,30.0,970.5,-1.0,-1.0,-1.0,-1.0,CL,2010-09-08 13:30:00,349,41.67399,1.76796
4.8,252.0,26.1,28.0,932.1,-1.0,-1.0,-1.0,-1.0,CP,2010-09-08 13:30:00,690,42.13924,1.03893
2.7,196.0,24.4,31.0,943.1,-1.0,-1.0,-1.0,-1.0,CQ,2010-09-08 13:30:00,594,41.99546,1.02569
1.2,200.0,18.5,64.0,913.5,-1.0,-1.0,-1.0,-1.0,CR,2010-09-08 13:30:00,873,42.08032,1.9624
2.3,164.0,22.0,36.0,917.1,-1.0,-1.0,-1.0,-1.0,CT,2010-09-08 13:30:00,823,42.39811,0.74362
1.2,169.0,17.9,51.0,898.3,-1.0,-1.0,-1.0,-1.0,CU,2010-09-08 13:30:00,1002,42.69856,0.79397
1.8,174.0,24.5,32.0,951.1,-1.0,-1.0,-1.0,-1.0,CV,2010-09-08 13:30:00,513.3,42.23939,0.96434
5.2,280.0,23.7,30.0,960.2,-1.0,-1.0,-1.0,-1.0,CW,2010-09-08 13:30:00,446,41.39241,1.09894
2.7,240.0,19.6,53.0,919.3,-1.0,-1.0,-1.0,-1.0,CY,2010-09-08 13:30:00,816,41.87813,2.17873
7.7,262.0,24.5,36.0,980.7,-1.0,-1.0,-1.0,-1.0,C6,2010-09-08 13:30:00,264,41.6566,0.95172
6.1,273.0,24.3,31.0,962.4,-1.0,-1.0,-1.0,-1.0,C7,2010-09-08 13:30:00,427,41.66695,1.16234
5.8,267.0,21.8,32.0,947.4,-1.0,-1.0,-1.0,-1.0,C8,2010-09-08 13:30:00,554,41.67555,1.29609
-1.0,-1.0,27.1,24.0,983.2,-1.0,-1.0,-1.0,-1.0,C9,2010-09-08 13:30:00,240,40.71825,0.39988
4.9,324.0,25.8,23.0,990.5,-1.0,-1.0,-1.0,-1.0,DB,2010-09-08 13:30:00,179,40.87287,0.71581
1.3,17.0,16.6,86.0,963.1,-1.0,-1.0,-1.0,-1.0,DC,2010-09-08 13:30:00,421.5,42.19144,2.48263
2.6,150.0,25.3,42.0,1006.2,-1.0,-1.0,-1.0,-1.0,DD,2010-09-08 13:30:00,44.5,41.51175,2.38674
4.1,70.0,22.3,53.0,1008.4,-1.0,-1.0,-1.0,-1.0,DF,2010-09-08 13:30:00,28.6,41.97751,3.03543
1.1,192.0,8.2,84.0,800.4,-1.0,-1.0,-1.0,-1.0,DG,2010-09-08 13:30:00,1971.4,42.39848,2.15517
4.7,324.0,24.3,32.0,963.9,-1.0,-1.0,-1.0,-1.0,DI,2010-09-08 13:30:00,415,41.43292,1.62386
3.3,104.0,23.0,50.0,990.8,-1.0,-1.0,-1.0,-1.0,DJ,2010-09-08 13:30:00,176,42.11653,2.78969
6.3,184.0,27.3,42.0,1010.3,-1.0,-1.0,-1.0,-1.0,DK,2010-09-08 13:30:00,2,41.14677,1.41846
2.3,298.0,28.2,27.0,1010.8,-1.0,-1.0,-1.0,-1.0,DL,2010-09-08 13:30:00,0.5,40.70719,0.83449
2.5,170.0,23.8,42.0,1000.7,-1.0,-1.0,-1.0,-1.0,DM,2010-09-08 13:30:00,90,41.96012,2.80696
4.0,140.0,22.8,52.0,993.4,-1.0,-1.0,-1.0,-1.0,DN,2010-09-08 13:30:00,150,41.96095,2.63108
3.3,95.0,23.7,51.0,1010.2,-1.0,-1.0,-1.0,-1.0,DO,2010-09-08 13:30:00,14,41.80857,3.03241
4.6,199.0,20.3,36.0,887.4,-1.0,-1.0,-1.0,-1.0,DP,2010-09-08 13:30:00,1097,42.38605,1.8664
5.0,322.0,24.4,29.0,978.4,-1.0,-1.0,-1.0,-1.0,DQ,2010-09-08 13:30:00,287,41.30728,1.36259
-1.0,-1.0,24.0,27.0,965.1,-1.0,-1.0,-1.0,-1.0,D1,2010-09-08 13:30:00,404,41.28521,0.75383
-1.0,-1.0,24.8,34.0,971.4,-1.0,-1.0,-1.0,-1.0,D2,2010-09-08 13:30:00,343,41.59252,1.915
3.1,291.0,26.3,29.0,981.5,-1.0,-1.0,-1.0,-1.0,D3,2010-09-08 13:30:00,252,41.38197,1.93564
3.8,41.0,23.2,37.0,1008.6,-1.0,-1.0,-1.0,-1.0,D4,2010-09-08 13:30:00,24,42.27065,3.18165
2.1,176.0,25.6,32.0,964.2,-1.0,-1.0,-1.0,-1.0,D5,2010-09-08 13:30:00,411.2,41.41843,2.12388
1.8,165.0,21.4,55.0,988.8,-1.0,-1.0,-1.0,-1.0,D6,2010-09-08 13:30:00,196,42.43515,3.16622
3.8,285.0,28.1,20.0,1005.4,-1.0,-1.0,-1.0,-1.0,D7,2010-09-08 13:30:00,53,41.18499,0.59376
3.7,292.0,24.8,21.0,953.4,-1.0,-1.0,-1.0,-1.0,D8,2010-09-08 13:30:00,515,40.95134,0.30565
3.9,185.0,25.8,31.0,1004.1,-1.0,-1.0,-1.0,-1.0,D9,2010-09-08 13:30:00,59,41.21553,1.52121
4.1,265.0,24.3,35.0,972.7,-1.0,-1.0,-1.0,-1.0,H1,2010-09-08 13:30:00,333,41.58642,1.65306
1.4,326.0,25.5,34.0,986.1,-1.0,-1.0,-1.0,-1.0,R1,2010-09-08 13:30:00,210,41.70637,1.87276
3.5,278.0,27.4,23.0,997.0,-1.0,-1.0,-1.0,-1.0,VQ,2010-09-08 13:30:00,112,41.1713,1.16774
3.6,205.0,7.0,77.0,774.7,-1.0,-1.0,-1.0,-1.0,VS,2010-09-08 13:30:00,2247,42.63835,0.77889
-1.0,-1.0,23.6,44.0,1006.0,-1.0,-1.0,3.9,134.0,WU,2010-09-08 13:30:00,42,41.45215,2.24757
4.2,200.0,27.3,32.0,1009.0,-1.0,-1.0,-1.0,-1.0,WZ,2010-09-08 13:30:00,17,41.20187,1.63346
5.0,281.0,20.0,39.0,923.4,-1.0,-1.0,-1.0,-1.0,XA,2010-09-08 13:30:00,785,41.60257,1.4007
2.6,307.0,28.0,26.0,994.1,-1.0,-1.0,-1.0,-1.0,XC,2010-09-08 13:30:00,147,41.47892,1.97546
6.1,299.0,22.2,28.0,933.4,-1.0,-1.0,-1.0,-1.0,XD,2010-09-08 13:30:00,687,41.32,0.8857
4.6,268.0,29.2,24.0,1010.0,-1.0,-1.0,-1.0,-1.0,XE,2010-09-08 13:30:00,5,41.10393,1.201
1.6,216.0,24.1,41.0,981.0,-1.0,-1.0,-1.0,-1.0,XF,2010-09-08 13:30:00,258,41.56568,2.06952
2.8,166.0,24.5,38.0,997.2,-1.0,-1.0,-1.0,-1.0,XG,2010-09-08 13:30:00,123,41.56734,2.22619
-1.0,-1.0,22.8,38.0,933.7,-1.0,-1.0,-1.0,-1.0,XH,2010-09-08 13:30:00,679,42.40533,1.12993
2.0,220.0,27.5,30.0,1001.0,-1.0,-1.0,-1.0,-1.0,X8,2010-09-08 13:30:00,79,41.37919,2.1054
2.7,184.0,6.4,72.0,-1.0,-1.0,-1.0,-1.0,-1.0,ZB,2010-09-08 13:30:00,2451,42.51939,1.36597
-1.0,-1.0,7.0,76.0,-1.0,-1.0,-1.0,2.7,276.0,Z1,2010-09-08 13:30:00,2266,42.64691,0.98486
-1.0,-1.0,4.6,85.0,-1.0,-1.0,-1.0,1.7,264.0,Z2,2010-09-08 13:30:00,2535,42.46602,0.88405
-1.0,-1.0,10.3,56.0,-1.0,-1.0,-1.0,3.2,173.0,Z3,2010-09-08 13:30:00,2230,42.46605,1.7785
-1.0,-1.0,4.0,98.0,-1.0,-1.0,-1.0,1.5,108.0,Z4,2010-09-08 13:30:00,2364,42.42205,2.2524
-1.0,-1.0,7.4,59.0,-1.0,-1.0,-1.0,2.1,235.0,Z5,2010-09-08 13:30:00,2400,42.70029,1.27201
-1.0,-1.0,6.8,80.0,-1.0,-1.0,-1.0,1.1,327.0,Z6,2010-09-08 13:30:00,2228,42.77011,0.73198
1.3,58.0,4.7,87.0,-1.0,-1.0,-1.0,-1.0,-1.0,Z7,2010-09-08 13:30:00,2519,42.53412,1.05476
-1.0,-1.0,6.1,85.0,-1.0,-1.0,-1.0,5.4,226.0,Z8,2010-09-08 13:30:00,2316,42.18254,1.52407
4.2,228.0,10.4,65.0,-1.0,-1.0,-1.0,-1.0,-1.0,Z9,2010-09-08 13:30:00,2143,42.29265,1.71498
4.8,216.0,23.5,31.0,932.4,-1.0,-1.0,-1.0,-1.0,CA,2010-09-08 14:00:00,693,41.95378,1.5851
1.6,224.0,21.9,46.0,939.3,-1.0,-1.0,-1.0,-1.0,CC,2010-09-08 14:00:00,626,42.07398,2.20862
4.7,192.0,21.6,31.0,914.0,-1.0,-1.0,-1.0,-1.0,CD,2010-09-08 14:00:00,849,42.37083,1.43277
3.8,275.0,24.8,31.0,974.4,-1.0,-1.0,-1.0,-1.0,CE,2010-09-08 14:00:00,316,41.53109,1.80813
0.8,161.0,9.8,87.0,857.6,-1.0,-1.0,-1.0,-1.0,CG,2010-09-08 14:00:00,1405,42.37717,2.41456
1.2,123.0,15.5,78.0,915.7,-1.0,-1.0,-1.0,-1.0,CI,2010-09-08 14:00:00,852,42.25839,2.36429
4.7,183.0,23.9,34.0,945.1,-1.0,-1.0,-1.0,-1.0,CJ,2010-09-08 14:00:00,566.5,42.21624,1.33132
1.4,254.0,25.0,29.0,970.5,-1.0,-1.0,-1.0,-1.0,CL,2010-09-08 14:00:00,349,41.67399,1.76796
4.3,266.0,24.9,29.0,932.2,-1.0,-1.0,-1.0,-1.0,CP,2010-09-08 14:00:00,690,42.13924,1.03893
2.5,204.0,24.7,30.0,943.2,-1.0,-1.0,-1.0,-1.0,CQ,2010-09-08 14:00:00,594,41.99546,1.02569
1.2,211.0,18.7,60.0,913.5,-1.0,-1.0,-1.0,-1.0,CR,2010-09-08 14:00:00,873,42.08032,1.9624
2.3,156.0,22.2,35.0,917.2,-1.0,-1.0,-1.0,-1.0,CT,2010-09-08 14:00:00,823,42.39811,0.74362
1.5,21.0,18.1,49.0,898.4,-1.0,-1.0,-1.0,-1.0,CU,2010-09-08 14:00:00,1002,42.69856,0.79397
1.8,190.0,25.0,31.0,951.2,-1.0,-1.0,-1.0,-1.0,CV,2010-09-08 14:00:00,513.3,42.23939,0.96434
5.0,276.0,24.2,29.0,960.2,-1.0,-1.0,-1.0,-1.0,CW,2010-09-08 14:00:00,446,41.39241,1.09894
3.2,245.0,20.0,50.0,919.4,-1.0,-1.0,-1.0,-1.0,CY,2010-09-08 14:00:00,816,41.87813,2.17873
6.8,271.0,24.6,34.0,980.7,-1.0,-1.0,-1.0,-1.0,C6,2010-09-08 14:00:00,264,41.6566,0.95172
5.8,279.0,24.4,30.0,962.5,-1.0,-1.0,-1.0,-1.0,C7,2010-09-08 14:00:00,427,41.66695,1.16234
5.5,264.0,22.0,31.0,947.3,-1.0,-1.0,-1.0,-1.0,C8,2010-09-08 14:00:00,554,41.67555,1.29609
-1.0,-1.0,27.4,22.0,983.2,-1.0,-1.0,-1.0,-1.0,C9,2010-09-08 14:00:00,240,40.71825,0.39988
6.1,297.0,26.1,22.0,990.3,-1.0,-1.0,-1.0,-1.0,DB,2010-09-08 14:00:00,179,40.87287,0.71581
0.8,43.0,16.6,87.0,963.4,-1.0,-1.0,-1.0,-1.0,DC,2010-09-08 14:00:00,421.5,42.19144,2.48263
3.0,115.0,25.4,41.0,1006.3,-1.0,-1.0,-1.0,-1.0,DD,2010-09-08 14:00:00,44.5,41.51175,2.38674
4.2,68.0,22.4,50.0,1008.6,-1.0,-1.0,-1.0,-1.0,DF,2010-09-08 14:00:00,28.6,41.97751,3.03543
1.0,216.0,8.4,84.0,800.4,-1.0,-1.0,-1.0,-1.0,DG,2010-09-08 14:00:00,1971.4,42.39848,2.15517
4.3,286.0,24.6,32.0,963.9,-1.0,-1.0,-1.0,-1.0,DI,2010-09-08 14:00:00,415,41.43292,1.62386
3.4,84.0,21.5,55.0,991.2,-1.0,-1.0,-1.0,-1.0,DJ,2010-09-08 14:00:00,176,42.11653,2.78969
5.1,179.0,27.3,42.0,1010.1,-1.0,-1.0,-1.0,-1.0,DK,2010-09-08 14:00:00,2,41.14677,1.41846
3.3,187.0,28.0,33.0,1010.7,-1.0,-1.0,-1.0,-1.0,DL,2010-09-08 14:00:00,0.5,40.70719,0.83449
1.8,114.0,23.1,46.0,1001.0,-1.0,-1.0,-1.0,-1.0,DM,2010-09-08 14:00:00,90,41.96012,2.80696
2.9,153.0,22.6,54.0,993.7,-1.0,-1.0,-1.0,-1.0,DN,2010-09-08 14:00:00,150,41.96095,2.63108
3.2,94.0,23.4,53.0,1010.3,-1.0,-1.0,-1.0,-1.0,DO,2010-09-08 14:00:00,14,41.80857,3.03241
4.6,194.0,20.0,40.0,887.5,-1.0,-1.0,-1.0,-1.0,DP,2010-09-08 14:00:00,1097,42.38605,1.8664
4.2,333.0,24.9,29.0,978.3,-1.0,-1.0,-1.0,-1.0,DQ,2010-09-08 14:00:00,287,41.30728,1.36259
-1.0,-1.0,24.1,27.0,965.0,-1.0,-1.0,-1.0,-1.0,D1,2010-09-08 14:00:00,404,41.28521,0.75383
-1.0,-1.0,24.4,34.0,971.5,-1.0,-1.0,-1.0,-1.0,D2,2010-09-08 14:00:00,343,41.59252,1.915
2.3,296.0,26.1,28.0,981.5,-1.0,-1.0,-1.0,-1.0,D3,2010-09-08 14:00:00,252,41.38197,1.93564
3.6,34.0,23.0,36.0,1008.7,-1.0,-1.0,-1.0,-1.0,D4,2010-09-08 14:00:00,24,42.27065,3.18165
2.4,125.0,24.5,34.0,964.4,-1.0,-1.0,-1.0,-1.0,D5,2010-09-08 14:00:00,411.2,41.41843,2.12388
2.2,167.0,22.0,49.0,988.7,-1.0,-1.0,-1.0,-1.0,D6,2010-09-08 14:00:00,196,42.43515,3.16622
4.4,296.0,28.2,19.0,1005.2,-1.0,-1.0,-1.0,-1.0,D7,2010-09-08 14:00:00,53,41.18499,0.59376
4.1,302.0,24.7,20.0,953.4,-1.0,-1.0,-1.0,-1.0,D8,2010-09-08 14:00:00,515,40.95134,0.30565
3.7,195.0,26.0,31.0,1004.0,-1.0,-1.0,-1.0,-1.0,D9,2010-09-08 14:00:00,59,41.21553,1.52121
4.1,269.0,24.5,35.0,972.8,-1.0,-1.0,-1.0,-1.0,H1,2010-09-08 14:00:00,333,41.58642,1.65306
1.7,359.0,25.8,33.0,986.1,-1.0,-1.0,-1.0,-1.0,R1,2010-09-08 14:00:00,210,41.70637,1.87276
-1.0,-1.0,27.4,24.0,-1.0,2.1,304.0,-1.0,-1.0,UA,2010-09-08 14:00:00,93,40.9091,0.76943
-1.0,-1.0,22.2,50.0,-1.0,0.8,54.0,-1.0,-1.0,UB,2010-09-08 14:00:00,15,42.05398,3.06195
-1.0,-1.0,21.9,53.0,-1.0,1.7,47.0,-1.0,-1.0,UC,2010-09-08 14:00:00,60,41.97726,2.99705
-1.0,-1.0,22.2,51.0,-1.0,-1.0,-1.0,-1.0,-1.0,UD,2010-09-08 14:00:00,12,42.02895,3.06227
-1.0,-1.0,22.0,57.0,-1.0,-1.0,-1.0,-1.0,-1.0,UE,2010-09-08 14:00:00,4,42.02306,3.15719
-1.0,-1.0,23.4,34.0,-1.0,3.0,258.0,-1.0,-1.0,UF,2010-09-08 14:00:00,573,41.28832,1.90775
-1.0,-1.0,25.4,42.0,-1.0,1.8,196.0,-1.0,-1.0,UG,2010-09-08 14:00:00,3,41.29928,2.03787
-1.0,-1.0,23.9,30.0,-1.0,1.0,286.0,2.1,282.0,UH,2010-09-08 14:00:00,545,41.34171,1.48769
-1.0,-1.0,13.2,72.0,-1.0,0.3,50.0,-1.0,-1.0,UI,2010-09-08 14:00:00,1386,42.26477,1.76218
-1.0,-1.0,21.6,33.0,-1.0,2.7,276.0,5.2,278.0,UJ,2010-09-08 14:00:00,709,41.52879,1.3683
-1.0,-1.0,26.9,31.0,-1.0,1.1,205.0,-1.0,-1.0,UK,2010-09-08 14:00:00,161,41.27861,1.80479
-1.0,-1.0,25.4,29.0,-1.0,1.6,286.0,-1.0,-1.0,UL,2010-09-08 14:00:00,228,41.52911,0.75303
-1.0,-1.0,22.8,27.0,-1.0,3.6,287.0,-1.0,-1.0,UM,2010-09-08 14:00:00,505,41.35991,0.66789
-1.0,-1.0,22.5,52.0,-1.0,1.9,152.0,-1.0,-1.0,UN,2010-09-08 14:00:00,171,41.87449,2.92694
-1.0,-1.0,22.7,52.0,-1.0,-1.0,-1.0,-1.0,-1.0,UO,2010-09-08 14:00:00,97,41.91461,2.82069
3.2,141.0,25.0,38.0,1002.0,-1.0,-1.0,-1.0,-1.0,UP,2010-09-08 14:00:00,81,41.51773,2.37702
-1.0,-1.0,20.0,58.0,-1.0,2.4,148.0,-1.0,-1.0,UQ,2010-09-08 14:00:00,460,41.61991,2.44532
-1.0,-1.0,25.9,39.0,-1.0,2.1,155.0,-1.0,-1.0,US,2010-09-08 14:00:00,24,40.55786,0.52329
5.9,185.0,26.5,33.0,1011.0,-1.0,-1.0,-1.0,-1.0,UU,2010-09-08 14:00:00,3,40.70776,0.6321
-1.0,-1.0,27.4,23.0,-1.0,1.6,226.0,-1.0,-1.0,UV,2010-09-08 14:00:00,205,40.71727,0.41633
-1.0,-1.0,25.7,41.0,1012.0,2.0,185.0,-1.0,-1.0,UW,2010-09-08 14:00:00,0,40.62725,0.65922
-1.0,-1.0,26.2,29.0,-1.0,2.5,150.0,-1.0,-1.0,UX,2010-09-08 14:00:00,210,40.62652,0.37112
-1.0,-1.0,23.7,31.0,-1.0,1.9,257.0,3.0,257.0,UY,2010-09-08 14:00:00,576,41.87912,0.76103
-1.0,-1.0,23.3,47.0,-1.0,0.9,116.0,-1.0,-1.0,U1,2010-09-08 14:00:00,31,42.30648,2.95481
3.4,100.0,21.0,61.0,1012.0,-1.0,-1.0,-1.0,-1.0,U2,2010-09-08 14:00:00,4,42.17716,3.0968
-1.0,-1.0,25.5,26.0,-1.0,1.8,299.0,-1.0,-1.0,U3,2010-09-08 14:00:00,257,41.37491,1.63032
3.1,236.0,24.1,36.0,-1.0,1.9,242.0,-1.0,-1.0,U4,2010-09-08 14:00:00,507,41.83094,1.84699
-1.0,-1.0,19.6,34.0,-1.0,1.5,224.0,-1.0,-1.0,U5,2010-09-08 14:00:00,969,41.31349,0.99611
-1.0,-1.0,27.2,23.0,-1.0,1.9,278.0,-1.0,-1.0,U6,2010-09-08 14:00:00,29,41.08017,1.06661
-1.0,-1.0,27.8,20.0,-1.0,1.7,347.0,-1.0,-1.0,U7,2010-09-08 14:00:00,52,40.85936,0.50525
-1.0,-1.0,27.5,24.0,-1.0,2.2,205.0,-1.0,-1.0,U9,2010-09-08 14:00:00,62,40.76947,0.61635
-1.0,-1.0,25.6,19.0,-1.0,2.4,303.0,-1.0,-1.0,VA,2010-09-08 14:00:00,257,41.19645,0.51161
4.9,299.0,27.5,18.0,-1.0,-1.0,-1.0,-1.0,-1.0,VB,2010-09-08 14:00:00,32,41.06289,0.63517
-1.0,-1.0,26.3,21.0,-1.0,3.6,256.0,-1.0,-1.0,VC,2010-09-08 14:00:00,69,41.24415,0.43266
-1.0,-1.0,23.0,29.0,-1.0,5.5,269.0,-1.0,-1.0,VD,2010-09-08 14:00:00,429,41.68939,1.20381
-1.0,-1.0,26.4,28.0,-1.0,3.7,224.0,-1.0,-1.0,VE,2010-09-08 14:00:00,97,41.48692,0.46058
-1.0,-1.0,27.0,26.0,-1.0,0.8,263.0,-1.0,-1.0,VF,2010-09-08 14:00:00,122,41.56482,0.54999
-1.0,-1.0,24.2,31.0,-1.0,3.9,274.0,-1.0,-1.0,VH,2010-09-08 14:00:00,259,41.65814,0.39301
-1.0,-1.0,25.4,24.0,-1.0,3.4,279.0,-1.0,-1.0,VJ,2010-09-08 14:00:00,161,41.59957,0.6478
6.1,280.0,24.3,34.0,978.7,-1.0,-1.0,-1.0,-1.0,VK,2010-09-08 14:00:00,286,41.68328,0.4487
3.8,258.0,27.2,22.0,-1.0,2.4,240.0,-1.0,-1.0,VL,2010-09-08 14:00:00,100,41.46014,0.40562
-1.0,-1.0,24.9,29.0,-1.0,3.9,269.0,-1.0,-1.0,VM,2010-09-08 14:00:00,222,41.7145,0.62839
-1.0,-1.0,22.5,52.0,-1.0,-1.0,-1.0,-1.0,-1.0,VN,2010-09-08 14:00:00,117,41.88244,2.74262
-1.0,-1.0,21.4,33.0,-1.0,1.2,192.0,-1.0,-1.0,VO,2010-09-08 14:00:00,785,42.08745,1.42792
-1.0,-1.0,22.0,38.0,-1.0,3.8,247.0,5.1,254.0,VP,2010-09-08 14:00:00,659,41.80483,1.53853
4.0,259.0,27.5,23.0,997.0,-1.0,-1.0,-1.0,-1.0,VQ,2010-09-08 14:00:00,112,41.1713,1.16774
-1.0,-1.0,25.6,32.0,-1.0,1.6,261.0,-1.0,-1.0,VR,2010-09-08 14:00:00,291,41.68994,1.04401
5.2,201.0,6.8,78.0,774.8,-1.0,-1.0,-1.0,-1.0,VS,2010-09-08 14:00:00,2247,42.63835,0.77889
-1.0,-1.0,24.8,37.0,-1.0,2.9,134.0,-1.0,-1.0,VT,2010-09-08 14:00:00,84,41.48401,2.12745
-1.0,-1.0,23.3,36.0,-1.0,0.4,276.0,-1.0,-1.0,VU,2010-09-08 14:00:00,421,41.63286,1.91718
1.2,41.0,22.1,42.0,-1.0,-1.0,-1.0,-1.0,-1.0,VV,2010-09-08 14:00:00,528,41.68129,2.02647
-1.0,-1.0,16.6,59.0,-1.0,2.0,172.0,-1.0,-1.0,VX,2010-09-08 14:00:00,1030,41.74761,2.30291
-1.0,-1.0,25.7,27.0,-1.0,-1.0,-1.0,-1.0,-1.0,VY,2010-09-08 14:00:00,240,41.25095,1.29863
-1.0,-1.0,22.7,44.0,-1.0,-1.0,-1.0,-1.0,-1.0,VZ,2010-09-08 14:00:00,83,42.38443,3.00736
-1.0,-1.0,25.5,29.0,-1.0,4.2,258.0,-1.0,-1.0,V1,2010-09-08 14:00:00,238,41.78487,0.82939
-1.0,-1.0,22.7,50.0,-1.0,1.1,203.0,-1.0,-1.0,V3,2010-09-08 14:00:00,509,41.95224,2.23271
-1.0,-1.0,22.0,51.0,934.0,-1.0,-1.0,0.8,186.0,V4,2010-09-08 14:00:00,684,42.11477,2.21483
-1.0,-1.0,19.7,58.0,-1.0,1.7,266.0,1.9,257.0,V5,2010-09-08 14:00:00,774,42.03947,2.11993
-1.0,-1.0,24.7,32.0,-1.0,1.9,260.0,-1.0,-1.0,V8,2010-09-08 14:00:00,223,41.67279,0.87741
-1.0,-1.0,24.5,27.0,-1.0,5.5,253.0,-1.0,-1.0,WA,2010-09-08 14:00:00,443,41.87694,1.1541
-1.0,-1.0,24.4,29.0,-1.0,5.1,267.0,-1.0,-1.0,WB,2010-09-08 14:00:00,267,41.76036,0.67022
-1.0,-1.0,24.2,32.0,-1.0,3.4,299.0,-1.0,-1.0,WC,2010-09-08 14:00:00,261,41.63642,0.92446
-1.0,-1.0,24.4,24.0,-1.0,2.4,328.0,-1.0,-1.0,WD,2010-09-08 14:00:00,382,41.08671,0.31884
-1.0,-1.0,24.9,41.0,-1.0,0.8,146.0,-1.0,-1.0,WE,2010-09-08 14:00:00,126,41.5444,2.30014
-1.0,-1.0,21.8,53.0,-1.0,-1.0,-1.0,-1.0,-1.0,WF,2010-09-08 14:00:00,108,41.95425,2.77578
-1.0,-1.0,24.4,31.0,-1.0,3.8,245.0,-1.0,-1.0,WG,2010-09-08 14:00:00,301,41.80104,0.64804
-1.0,-1.0,24.3,24.0,-1.0,2.6,288.0,-1.0,-1.0,WI,2010-09-08 14:00:00,350,41.35741,0.4809
-1.0,-1.0,26.4,20.0,-1.0,3.3,322.0,-1.0,-1.0,WJ,2010-09-08 14:00:00,141,41.1223,0.72182
-1.0,-1.0,24.3,31.0,-1.0,2.4,280.0,-1.0,-1.0,WK,2010-09-08 14:00:00,268,41.81949,0.57768
-1.0,-1.0,23.5,27.0,-1.0,3.5,266.0,-1.0,-1.0,WL,2010-09-08 14:00:00,413,41.57236,1.0882
1.6,178.0,17.0,67.0,-1.0,-1.0,-1.0,-1.0,-1.0,WM,2010-09-08 14:00:00,1167,42.10736,1.8267
-1.0,-1.0,19.9,42.0,-1.0,-1.0,-1.0,1.4,61.0,WN,2010-09-08 14:00:00,916,41.59539,1.83751
-1.0,-1.0,26.7,25.0,-1.0,-1.0,-1.0,-1.0,-1.0,WO,2010-09-08 14:00:00,185,41.27151,1.46717
-1.0,-1.0,25.3,29.0,-1.0,2.1,304.0,-1.0,-1.0,WP,2010-09-08 14:00:00,325,41.48518,1.69337
4.8,232.0,14.4,49.0,840.7,-1.0,-1.0,-1.0,-1.0,WQ,2010-09-08 14:00:00,1572,42.0513,0.72952
-1.0,-1.0,26.4,21.0,-1.0,1.4,268.0,-1.0,-1.0,WR,2010-09-08 14:00:00,300,41.2163,0.79748
1.8,106.0,16.2,69.0,905.0,-1.0,-1.0,-1.0,-1.0,WS,2010-09-08 14:00:00,953,41.84008,2.41877
5.4,134.0,24.2,57.0,1012.0,-1.0,-1.0,-1.0,-1.0,WT,2010-09-08 14:00:00,2,41.64707,2.75658
-1.0,-1.0,23.9,43.0,1006.0,-1.0,-1.0,3.6,121.0,WU,2010-09-08 14:00:00,42,41.45215,2.24757
2.1,173.0,20.0,58.0,923.0,-1.0,-1.0,-1.0,-1.0,WV,2010-09-08 14:00:00,788,42.23414,1.87485
-1.0,-1.0,24.7,39.0,-1.0,-1.0,-1.0,-1.0,-1.0,WW,2010-09-08 14:00:00,278,41.79423,1.9368
-1.0,-1.0,23.3,29.0,-1.0,3.4,257.0,-1.0,-1.0,WX,2010-09-08 14:00:00,668,41.9178,0.88175
-1.0,-1.0,27.3,30.0,-1.0,1.6,307.0,-1.0,-1.0,WY,2010-09-08 14:00:00,164,41.43386,1.79429
3.8,211.0,27.4,32.0,1009.0,-1.0,-1.0,-1.0,-1.0,WZ,2010-09-08 14:00:00,17,41.20187,1.63346
-1.0,-1.0,22.7,48.0,-1.0,-1.0,-1.0,-1.0,-1.0,W1,2010-09-08 14:00:00,2,42.24726,3.09021
-1.0,-1.0,20.3,63.0,-1.0,-1.0,-1.0,-1.0,-1.0,W2,2010-09-08 14:00:00,7,42.18259,3.05783
-1.0,-1.0,20.3,66.0,-1.0,-1.0,-1.0,-1.0,-1.0,W3,2010-09-08 14:00:00,4,42.15006,3.06494
-1.0,-1.0,26.5,27.0,-1.0,1.8,291.0,-1.0,-1.0,W4,2010-09-08 14:00:00,240,41.36619,1.72857
-1.0,-1.0,24.7,27.0,-1.0,3.8,188.0,-1.0,-1.0,W5,2010-09-08 14:00:00,490,42.07683,1.31489
-1.0,-1.0,27.2,24.0,-1.0,1.2,290.0,-1.0,-1.0,W6,2010-09-08 14:00:00,158,41.13738,1.0187
-1.0,-1.0,23.3,31.0,-1.0,-1.0,-1.0,-1.0,-1.0,W8,2010-09-08 14:00:00,438,41.44237,1.15998
-1.0,-1.0,16.3,92.0,-1.0,0.7,349.0,-1.0,-1.0,W9,2010-09-08 14:00:00,461,42.14557,2.45451
4.9,282.0,20.3,36.0,923.4,-1.0,-1.0,-1.0,-1.0,XA,2010-09-08 14:00:00,785,41.60257,1.4007
-1.0,-1.0,22.0,34.0,-1.0,-1.0,-1.0,-1.0,-1.0,XB,2010-09-08 14:00:00,584,41.4779,1.53529
2.6,302.0,28.2,25.0,994.2,-1.0,-1.0,-1.0,-1.0,XC,2010-09-08 14:00:00,147,41.47892,1.97546
5.7,292.0,22.8,27.0,933.4,-1.0,-1.0,-1.0,-1.0,XD,2010-09-08 14:00:00,687,41.32,0.8857
4.8,273.0,29.2,23.0,1009.9,-1.0,-1.0,-1.0,-1.0,XE,2010-09-08 14:00:00,5,41.10393,1.201
2.2,154.0,25.1,39.0,981.0,-1.0,-1.0,-1.0,-1.0,XF,2010-09-08 14:00:00,258,41.56568,2.06952
3.7,144.0,24.2,39.0,997.3,-1.0,-1.0,-1.0,-1.0,XG,2010-09-08 14:00:00,123,41.56734,2.22619
-1.0,-1.0,22.6,40.0,933.6,-1.0,-1.0,-1.0,-1.0,XH,2010-09-08 14:00:00,679,42.40533,1.12993
-1.0,-1.0,24.3,31.0,983.0,4.1,277.0,-1.0,-1.0,XI,2010-09-08 14:00:00,247,41.61817,0.87182
5.6,282.0,25.2,27.0,970.9,-1.0,-1.0,-1.0,-1.0,X1,2010-09-08 14:00:00,359,41.15374,0.81953
-1.0,-1.0,25.2,42.0,-1.0,-1.0,-1.0,-1.0,-1.0,X2,2010-09-08 14:00:00,7,41.38943,2.18847
9.1,272.0,23.8,32.0,969.0,-1.0,-1.0,-1.0,-1.0,X3,2010-09-08 14:00:00,370,41.74281,0.5358
3.2,135.0,25.6,40.0,1007.0,-1.0,-1.0,-1.0,-1.0,X4,2010-09-08 14:00:00,33,41.3839,2.16775
2.7,281.0,20.2,30.0,895.4,-1.0,-1.0,-1.0,-1.0,X5,2010-09-08 14:00:00,1055,40.79705,0.31822
-1.0,-1.0,25.5,26.0,-1.0,3.5,233.0,-1.0,-1.0,X6,2010-09-08 14:00:00,366,41.92173,1.02901
-1.0,-1.0,25.8,25.0,-1.0,3.2,284.0,-1.0,-1.0,X7,2010-09-08 14:00:00,215,41.51909,0.55314
2.0,192.0,26.9,31.0,1001.1,-1.0,-1.0,-1.0,-1.0,X8,2010-09-08 14:00:00,79,41.37919,2.1054
3.8,150.0,23.8,42.0,991.0,-1.0,-1.0,-1.0,-1.0,X9,2010-09-08 14:00:00,176,41.61265,2.16836
2.7,177.0,6.2,77.0,-1.0,-1.0,-1.0,-1.0,-1.0,ZB,2010-09-08 14:00:00,2451,42.51939,1.36597
-1.0,-1.0,7.2,72.0,-1.0,-1.0,-1.0,3.1,284.0,Z1,2010-09-08 14:00:00,2266,42.64691,0.98486
-1.0,-1.0,5.0,83.0,-1.0,-1.0,-1.0,2.2,248.0,Z2,2010-09-08 14:00:00,2535,42.46602,0.88405
-1.0,-1.0,10.0,58.0,-1.0,-1.0,-1.0,3.1,151.0,Z3,2010-09-08 14:00:00,2230,42.46605,1.7785
-1.0,-1.0,4.0,98.0,-1.0,-1.0,-1.0,1.1,91.0,Z4,2010-09-08 14:00:00,2364,42.42205,2.2524
-1.0,-1.0,7.0,61.0,-1.0,-1.0,-1.0,1.9,260.0,Z5,2010-09-08 14:00:00,2400,42.70029,1.27201
-1.0,-1.0,6.6,87.0,-1.0,-1.0,-1.0,1.1,324.0,Z6,2010-09-08 14:00:00,2228,42.77011,0.73198
0.9,61.0,5.2,81.0,-1.0,-1.0,-1.0,-1.0,-1.0,Z7,2010-09-08 14:00:00,2519,42.53412,1.05476
-1.0,-1.0,6.3,83.0,-1.0,-1.0,-1.0,5.6,224.0,Z8,2010-09-08 14:00:00,2316,42.18254,1.52407
5.3,222.0,10.2,66.0,-1.0,-1.0,-1.0,-1.0,-1.0,Z9,2010-09-08 14:00:00,2143,42.29265,1.71498
5.5,213.0,23.4,30.0,932.3,-1.0,-1.0,-1.0,-1.0,CA,2010-09-08 14:30:00,693,41.95378,1.5851
1.2,195.0,22.5,46.0,939.2,-1.0,-1.0,-1.0,-1.0,CC,2010-09-08 14:30:00,626,42.07398,2.20862
5.6,210.0,21.7,32.0,914.1,-1.0,-1.0,-1.0,-1.0,CD,2010-09-08 14:30:00,849,42.37083,1.43277
3.3,285.0,25.1,30.0,974.4,-1.0,-1.0,-1.0,-1.0,CE,2010-09-08 14:30:00,316,41.53109,1.80813
0.8,252.0,9.8,89.0,857.7,-1.0,-1.0,-1.0,-1.0,CG,2010-09-08 14:30:00,1405,42.37717,2.41456
1.2,102.0,15.6,78.0,915.8,-1.0,-1.0,-1.0,-1.0,CI,2010-09-08 14:30:00,852,42.25839,2.36429
4.1,179.0,23.7,34.0,945.2,-1.0,-1.0,-1.0,-1.0,CJ,2010-09-08 14:30:00,566.5,42.21624,1.33132
2.1,295.0,24.8,29.0,970.4,-1.0,-1.0,-1.0,-1.0,CL,2010-09-08 14:30:00,349,41.67399,1.76796
5.3,260.0,25.4,29.0,932.1,-1.0,-1.0,-1.0,-1.0,CP,2010-09-08 14:30:00,690,42.13924,1.03893
3.4,202.0,25.1,30.0,943.1,-1.0,-1.0,-1.0,-1.0,CQ,2010-09-08 14:30:00,594,41.99546,1.02569
0.9,205.0,18.9,60.0,913.5,-1.0,-1.0,-1.0,-1.0,CR,2010-09-08 14:30:00,873,42.08032,1.9624
1.7,160.0,22.5,35.0,917.1,-1.0,-1.0,-1.0,-1.0,CT,2010-09-08 14:30:00,823,42.39811,0.74362
2.1,18.0,17.5,51.0,898.5,-1.0,-1.0,-1.0,-1.0,CU,2010-09-08 14:30:00,1002,42.69856,0.79397
2.3,181.0,24.8,31.0,951.2,-1.0,-1.0,-1.0,-1.0,CV,2010-09-08 14:30:00,513.3,42.23939,0.96434
4.8,275.0,24.2,28.0,960.3,-1.0,-1.0,-1.0,-1.0,CW,2010-09-08 14:30:00,446,41.39241,1.09894
3.4,241.0,20.5,48.0,919.4,-1.0,-1.0,-1.0,-1.0,CY,2010-09-08 14:30:00,816,41.87813,2.17873
6.9,269.0,24.7,34.0,980.7,-1.0,-1.0,-1.0,-1.0,C6,2010-09-08 14:30:00,264,41.6566,0.95172
5.8,274.0,24.2,30.0,962.6,-1.0,-1.0,-1.0,-1.0,C7,2010-09-08 14:30:00,427,41.66695,1.16234
6.4,277.0,21.7,31.0,947.4,-1.0,-1.0,-1.0,-1.0,C8,2010-09-08 14:30:00,554,41.67555,1.29609
-1.0,-1.0,26.3,30.0,983.4,-1.0,-1.0,-1.0,-1.0,C9,2010-09-08 14:30:00,240,40.71825,0.39988
6.6,315.0,26.1,20.0,990.3,-1.0,-1.0,-1.0,-1.0,DB,2010-09-08 14:30:00,179,40.87287,0.71581
1.4,26.0,17.1,84.0,963.5,-1.0,-1.0,-1.0,-1.0,DC,2010-09-08 14:30:00,421.5,42.19144,2.48263
2.9,122.0,25.0,42.0,1006.5,-1.0,-1.0,-1.0,-1.0,DD,2010-09-08 14:30:00,44.5,41.51175,2.38674
3.3,69.0,21.5,51.0,1008.7,-1.0,-1.0,-1.0,-1.0,DF,2010-09-08 14:30:00,28.6,41.97751,3.03543
1.0,202.0,8.1,88.0,800.6,-1.0,-1.0,-1.0,-1.0,DG,2010-09-08 14:30:00,1971.4,42.39848,2.15517
4.5,313.0,24.4,31.0,964.0,-1.0,-1.0,-1.0,-1.0,DI,2010-09-08 14:30:00,415,41.43292,1.62386
2.1,58.0,20.3,61.0,991.5,-1.0,-1.0,-1.0,-1.0,DJ,2010-09-08 14:30:00,176,42.11653,2.78969
4.8,195.0,28.1,37.0,1010.0,-1.0,-1.0,-1.0,-1.0,DK,2010-09-08 14:30:00,2,41.14677,1.41846
4.4,190.0,26.8,38.0,1010.8,-1.0,-1.0,-1.0,-1.0,DL,2010-09-08 14:30:00,0.5,40.70719,0.83449
2.8,76.0,21.7,50.0,1001.2,-1.0,-1.0,-1.0,-1.0,DM,2010-09-08 14:30:00,90,41.96012,2.80696
2.4,146.0,22.4,55.0,993.9,-1.0,-1.0,-1.0,-1.0,DN,2010-09-08 14:30:00,150,41.96095,2.63108
3.1,83.0,23.2,54.0,1010.4,-1.0,-1.0,-1.0,-1.0,DO,2010-09-08 14:30:00,14,41.80857,3.03241
4.6,210.0,20.4,40.0,887.8,-1.0,-1.0,-1.0,-1.0,DP,2010-09-08 14:30:00,1097,42.38605,1.8664
4.2,322.0,25.1,27.0,978.3,-1.0,-1.0,-1.0,-1.0,DQ,2010-09-08 14:30:00,287,41.30728,1.36259
-1.0,-1.0,24.5,27.0,965.0,-1.0,-1.0,-1.0,-1.0,D1,2010-09-08 14:30:00,404,41.28521,0.75383
-1.0,-1.0,24.1,35.0,971.5,-1.0,-1.0,-1.0,-1.0,D2,2010-09-08 14:30:00,343,41.59252,1.915
1.6,342.0,27.0,27.0,981.5,-1.0,-1.0,-1.0,-1.0,D3,2010-09-08 14:30:00,252,41.38197,1.93564
3.1,41.0,22.8,36.0,1008.9,-1.0,-1.0,-1.0,-1.0,D4,2010-09-08 14:30:00,24,42.27065,3.18165
2.7,111.0,24.6,35.0,964.6,-1.0,-1.0,-1.0,-1.0,D5,2010-09-08 14:30:00,411.2,41.41843,2.12388
2.5,172.0,22.8,44.0,988.9,-1.0,-1.0,-1.0,-1.0,D6,2010-09-08 14:30:00,196,42.43515,3.16622
4.3,287.0,28.5,17.0,1005.0,-1.0,-1.0,-1.0,-1.0,D7,2010-09-08 14:30:00,53,41.18499,0.59376
4.1,284.0,25.0,19.0,953.3,-1.0,-1.0,-1.0,-1.0,D8,2010-09-08 14:30:00,515,40.95134,0.30565
3.7,185.0,26.1,33.0,1003.9,-1.0,-1.0,-1.0,-1.0,D9,2010-09-08 14:30:00,59,41.21553,1.52121
3.8,278.0,24.6,33.0,972.8,-1.0,-1.0,-1.0,-1.0,H1,2010-09-08 14:30:00,333,41.58642,1.65306
2.1,338.0,26.3,30.0,986.1,-1.0,-1.0,-1.0,-1.0,R1,2010-09-08 14:30:00,210,41.70637,1.87276
4.1,272.0,27.4,22.0,997.0,-1.0,-1.0,-1.0,-1.0,VQ,2010-09-08 14:30:00,112,41.1713,1.16774
5.0,206.0,6.8,77.0,774.9,-1.0,-1.0,-1.0,-1.0,VS,2010-09-08 14:30:00,2247,42.63835,0.77889
-1.0,-1.0,23.9,44.0,1007.0,-1.0,-1.0,3.7,110.0,WU,2010-09-08 14:30:00,42,41.45215,2.24757
4.0,201.0,27.2,33.0,1009.0,-1.0,-1.0,-1.0,-1.0,WZ,2010-09-08 14:30:00,17,41.20187,1.63346
4.8,291.0,20.4,35.0,923.4,-1.0,-1.0,-1.0,-1.0,XA,2010-09-08 14:30:00,785,41.60257,1.4007
2.7,255.0,28.5,23.0,994.2,-1.0,-1.0,-1.0,-1.0,XC,2010-09-08 14:30:00,147,41.47892,1.97546
5.0,294.0,23.3,26.0,933.5,-1.0,-1.0,-1.0,-1.0,XD,2010-09-08 14:30:00,687,41.32,0.8857
3.8,266.0,29.3,23.0,1009.9,-1.0,-1.0,-1.0,-1.0,XE,2010-09-08 14:30:00,5,41.10393,1.201
4.2,125.0,24.7,42.0,981.1,-1.0,-1.0,-1.0,-1.0,XF,2010-09-08 14:30:00,258,41.56568,2.06952
5.0,124.0,23.9,40.0,997.4,-1.0,-1.0,-1.0,-1.0,XG,2010-09-08 14:30:00,123,41.56734,2.22619
-1.0,-1.0,24.4,36.0,933.6,-1.0,-1.0,-1.0,-1.0,XH,2010-09-08 14:30:00,679,42.40533,1.12993
2.8,144.0,27.0,31.0,1001.3,-1.0,-1.0,-1.0,-1.0,X8,2010-09-08 14:30:00,79,41.37919,2.1054
3.5,164.0,5.7,79.0,-1.0,-1.0,-1.0,-1.0,-1.0,ZB,2010-09-08 14:30:00,2451,42.51939,1.36597
-1.0,-1.0,6.8,76.0,-1.0,-1.0,-1.0,2.6,281.0,Z1,2010-09-08 14:30:00,2266,42.64691,0.98486
-1.0,-1.0,4.8,81.0,-1.0,-1.0,-1.0,1.4,260.0,Z2,2010-09-08 14:30:00,2535,42.46602,0.88405
-1.0,-1.0,10.3,56.0,-1.0,-1.0,-1.0,3.0,148.0,Z3,2010-09-08 14:30:00,2230,42.46605,1.7785
-1.0,-1.0,4.1,98.0,-1.0,-1.0,-1.0,1.5,120.0,Z4,2010-09-08 14:30:00,2364,42.42205,2.2524
-1.0,-1.0,6.5,71.0,-1.0,-1.0,-1.0,2.3,254.0,Z5,2010-09-08 14:30:00,2400,42.70029,1.27201
-1.0,-1.0,6.3,88.0,-1.0,-1.0,-1.0,1.2,324.0,Z6,2010-09-08 14:30:00,2228,42.77011,0.73198
1.4,62.0,5.2,79.0,-1.0,-1.0,-1.0,-1.0,-1.0,Z7,2010-09-08 14:30:00,2519,42.53412,1.05476
-1.0,-1.0,6.8,77.0,-1.0,-1.0,-1.0,5.2,227.0,Z8,2010-09-08 14:30:00,2316,42.18254,1.52407
5.6,227.0,10.2,67.0,-1.0,-1.0,-1.0,-1.0,-1.0,Z9,2010-09-08 14:30:00,2143,42.29265,1.71498
6.5,217.0,23.0,31.0,932.4,-1.0,-1.0,-1.0,-1.0,CA,2010-09-08 15:00:00,693,41.95378,1.5851
2.0,200.0,22.7,46.0,939.2,-1.0,-1.0,-1.0,-1.0,CC,2010-09-08 15:00:00,626,42.07398,2.20862
5.1,210.0,22.1,32.0,914.2,-1.0,-1.0,-1.0,-1.0,CD,2010-09-08 15:00:00,849,42.37083,1.43277
3.5,287.0,25.0,29.0,974.3,-1.0,-1.0,-1.0,-1.0,CE,2010-09-08 15:00:00,316,41.53109,1.80813
0.6,262.0,9.6,90.0,857.8,-1.0,-1.0,-1.0,-1.0,CG,2010-09-08 15:00:00,1405,42.37717,2.41456
1.4,90.0,15.0,78.0,915.9,-1.0,-1.0,-1.0,-1.0,CI,2010-09-08 15:00:00,852,42.25839,2.36429
3.5,178.0,23.0,34.0,945.2,-1.0,-1.0,-1.0,-1.0,CJ,2010-09-08 15:00:00,566.5,42.21624,1.33132
1.9,267.0,25.4,28.0,970.4,-1.0,-1.0,-1.0,-1.0,CL,2010-09-08 15:00:00,349,41.67399,1.76796
5.1,249.0,26.0,28.0,932.2,-1.0,-1.0,-1.0,-1.0,CP,2010-09-08 15:00:00,690,42.13924,1.03893
3.1,206.0,24.9,30.0,943.3,-1.0,-1.0,-1.0,-1.0,CQ,2010-09-08 15:00:00,594,41.99546,1.02569
1.3,200.0,20.0,58.0,913.4,-1.0,-1.0,-1.0,-1.0,CR,2010-09-08 15:00:00,873,42.08032,1.9624
1.7,162.0,21.9,38.0,917.2,-1.0,-1.0,-1.0,-1.0,CT,2010-09-08 15:00:00,823,42.39811,0.74362
1.9,10.0,17.2,52.0,898.7,-1.0,-1.0,-1.0,-1.0,CU,2010-09-08 15:00:00,1002,42.69856,0.79397
1.5,200.0,24.2,32.0,951.4,-1.0,-1.0,-1.0,-1.0,CV,2010-09-08 15:00:00,513.3,42.23939,0.96434
4.8,274.0,24.3,27.0,960.3,-1.0,-1.0,-1.0,-1.0,CW,2010-09-08 15:00:00,446,41.39241,1.09894
3.0,240.0,20.8,45.0,919.4,-1.0,-1.0,-1.0,-1.0,CY,2010-09-08 15:00:00,816,41.87813,2.17873
5.6,266.0,25.0,33.0,980.7,-1.0,-1.0,-1.0,-1.0,C6,2010-09-08 15:00:00,264,41.6566,0.95172
5.8,267.0,24.1,30.0,962.6,-1.0,-1.0,-1.0,-1.0,C7,2010-09-08 15:00:00,427,41.66695,1.16234
5.7,268.0,21.7,31.0,947.3,-1.0,-1.0,-1.0,-1.0,C8,2010-09-08 15:00:00,554,41.67555,1.29609
-1.0,-1.0,25.5,36.0,983.6,-1.0,-1.0,-1.0,-1.0,C9,2010-09-08 15:00:00,240,40.71825,0.39988
4.8,304.0,26.6,22.0,990.5,-1.0,-1.0,-1.0,-1.0,DB,2010-09-08 15:00:00,179,40.87287,0.71581
1.1,27.0,17.2,84.0,963.6,-1.0,-1.0,-1.0,-1.0,DC,2010-09-08 15:00:00,421.5,42.19144,2.48263
3.1,122.0,25.0,42.0,1006.6,-1.0,-1.0,-1.0,-1.0,DD,2010-09-08 15:00:00,44.5,41.51175,2.38674
2.9,67.0,20.9,53.0,1008.9,-1.0,-1.0,-1.0,-1.0,DF,2010-09-08 15:00:00,28.6,41.97751,3.03543
1.5,211.0,7.6,91.0,800.7,-1.0,-1.0,-1.0,-1.0,DG,2010-09-08 15:00:00,1971.4,42.39848,2.15517
4.0,333.0,24.6,30.0,963.9,-1.0,-1.0,-1.0,-1.0,DI,2010-09-08 15:00:00,415,41.43292,1.62386
0.8,10.0,19.4,68.0,991.8,-1.0,-1.0,-1.0,-1.0,DJ,2010-09-08 15:00:00,176,42.11653,2.78969
6.1,207.0,27.7,40.0,1010.0,-1.0,-1.0,-1.0,-1.0,DK,2010-09-08 15:00:00,2,41.14677,1.41846
4.6,184.0,26.7,37.0,1011.0,-1.0,-1.0,-1.0,-1.0,DL,2010-09-08 15:00:00,0.5,40.70719,0.83449
2.5,80.0,21.3,51.0,1001.5,-1.0,-1.0,-1.0,-1.0,DM,2010-09-08 15:00:00,90,41.96012,2.80696
3.0,140.0,21.9,57.0,994.2,-1.0,-1.0,-1.0,-1.0,DN,2010-09-08 15:00:00,150,41.96095,2.63108
2.5,95.0,22.4,55.0,1010.7,-1.0,-1.0,-1.0,-1.0,DO,2010-09-08 15:00:00,14,41.80857,3.03241
3.6,91.0,18.3,44.0,888.3,-1.0,-1.0,-1.0,-1.0,DP,2010-09-08 15:00:00,1097,42.38605,1.8664
3.5,310.0,25.4,27.0,978.3,-1.0,-1.0,-1.0,-1.0,DQ,2010-09-08 15:00:00,287,41.30728,1.36259
-1.0,-1.0,24.6,25.0,965.1,-1.0,-1.0,-1.0,-1.0,D1,2010-09-08 15:00:00,404,41.28521,0.75383
-1.0,-1.0,23.6,37.0,971.5,-1.0,-1.0,-1.0,-1.0,D2,2010-09-08 15:00:00,343,41.59252,1.915
1.4,317.0,27.4,26.0,981.5,-1.0,-1.0,-1.0,-1.0,D3,2010-09-08 15:00:00,252,41.38197,1.93564
2.2,32.0,23.1,35.0,1009.0,-1.0,-1.0,-1.0,-1.0,D4,2010-09-08 15:00:00,24,42.27065,3.18165
2.5,115.0,23.7,37.0,964.7,-1.0,-1.0,-1.0,-1.0,D5,2010-09-08 15:00:00,411.2,41.41843,2.12388
2.3,172.0,21.9,44.0,988.9,-1.0,-1.0,-1.0,-1.0,D6,2010-09-08 15:00:00,196,42.43515,3.16622
4.2,284.0,28.5,16.0,1005.1,-1.0,-1.0,-1.0,-1.0,D7,2010-09-08 15:00:00,53,41.18499,0.59376
2.6,296.0,25.3,19.0,953.2,-1.0,-1.0,-1.0,-1.0,D8,2010-09-08 15:00:00,515,40.95134,0.30565
3.4,178.0,26.2,33.0,1003.9,-1.0,-1.0,-1.0,-1.0,D9,2010-09-08 15:00:00,59,41.21553,1.52121
5.1,258.0,24.5,32.0,972.8,-1.0,-1.0,-1.0,-1.0,H1,2010-09-08 15:00:00,333,41.58642,1.65306
1.6,326.0,26.9,28.0,986.0,-1.0,-1.0,-1.0,-1.0,R1,2010-09-08 15:00:00,210,41.70637,1.87276
-1.0,-1.0,27.5,26.0,-1.0,2.2,263.0,-1.0,-1.0,UA,2010-09-08 15:00:00,93,40.9091,0.76943
-1.0,-1.0,20.9,54.0,-1.0,0.6,166.0,-1.0,-1.0,UB,2010-09-08 15:00:00,15,42.05398,3.06195
-1.0,-1.0,21.2,54.0,-1.0,0.8,43.0,-1.0,-1.0,UC,2010-09-08 15:00:00,60,41.97726,2.99705
-1.0,-1.0,21.1,53.0,-1.0,-1.0,-1.0,-1.0,-1.0,UD,2010-09-08 15:00:00,12,42.02895,3.06227
-1.0,-1.0,21.2,60.0,-1.0,-1.0,-1.0,-1.0,-1.0,UE,2010-09-08 15:00:00,4,42.02306,3.15719
-1.0,-1.0,22.7,36.0,-1.0,3.1,239.0,-1.0,-1.0,UF,2010-09-08 15:00:00,573,41.28832,1.90775
-1.0,-1.0,27.0,39.0,-1.0,1.3,174.0,-1.0,-1.0,UG,2010-09-08 15:00:00,3,41.29928,2.03787
-1.0,-1.0,23.5,29.0,-1.0,1.0,295.0,1.9,289.0,UH,2010-09-08 15:00:00,545,41.34171,1.48769
-1.0,-1.0,12.2,77.0,-1.0,0.1,44.0,-1.0,-1.0,UI,2010-09-08 15:00:00,1386,42.26477,1.76218
-1.0,-1.0,21.4,32.0,-1.0,3.2,266.0,5.5,268.0,UJ,2010-09-08 15:00:00,709,41.52879,1.3683
-1.0,-1.0,26.5,32.0,-1.0,1.1,199.0,-1.0,-1.0,UK,2010-09-08 15:00:00,161,41.27861,1.80479
-1.0,-1.0,25.2,28.0,-1.0,1.8,289.0,-1.0,-1.0,UL,2010-09-08 15:00:00,228,41.52911,0.75303
-1.0,-1.0,23.0,24.0,-1.0,3.8,285.0,-1.0,-1.0,UM,2010-09-08 15:00:00,505,41.35991,0.66789
-1.0,-1.0,21.9,55.0,-1.0,2.0,123.0,-1.0,-1.0,UN,2010-09-08 15:00:00,171,41.87449,2.92694
-1.0,-1.0,22.0,55.0,-1.0,-1.0,-1.0,-1.0,-1.0,UO,2010-09-08 15:00:00,97,41.91461,2.82069
3.6,145.0,24.7,41.0,1002.0,-1.0,-1.0,-1.0,-1.0,UP,2010-09-08 15:00:00,81,41.51773,2.37702
-1.0,-1.0,19.3,68.0,-1.0,2.1,142.0,-1.0,-1.0,UQ,2010-09-08 15:00:00,460,41.61991,2.44532
-1.0,-1.0,25.9,39.0,-1.0,1.9,158.0,-1.0,-1.0,US,2010-09-08 15:00:00,24,40.55786,0.52329
6.0,180.0,25.7,40.0,1011.0,-1.0,-1.0,-1.0,-1.0,UU,2010-09-08 15:00:00,3,40.70776,0.6321
-1.0,-1.0,25.8,32.0,-1.0,2.1,194.0,-1.0,-1.0,UV,2010-09-08 15:00:00,205,40.71727,0.41633
-1.0,-1.0,25.4,46.0,1012.0,1.8,182.0,-1.0,-1.0,UW,2010-09-08 15:00:00,0,40.62725,0.65922
-1.0,-1.0,25.5,33.0,-1.0,2.2,151.0,-1.0,-1.0,UX,2010-09-08 15:00:00,210,40.62652,0.37112
-1.0,-1.0,23.4,30.0,-1.0,1.9,261.0,3.2,262.0,UY,2010-09-08 15:00:00,576,41.87912,0.76103
-1.0,-1.0,22.0,56.0,-1.0,1.0,194.0,-1.0,-1.0,U1,2010-09-08 15:00:00,31,42.30648,2.95481
2.7,126.0,21.2,61.0,1012.0,-1.0,-1.0,-1.0,-1.0,U2,2010-09-08 15:00:00,4,42.17716,3.0968
-1.0,-1.0,25.6,26.0,-1.0,1.5,316.0,-1.0,-1.0,U3,2010-09-08 15:00:00,257,41.37491,1.63032
3.8,223.0,23.9,34.0,-1.0,2.2,228.0,-1.0,-1.0,U4,2010-09-08 15:00:00,507,41.83094,1.84699
-1.0,-1.0,19.5,32.0,-1.0,1.5,229.0,-1.0,-1.0,U5,2010-09-08 15:00:00,969,41.31349,0.99611
-1.0,-1.0,27.2,22.0,-1.0,1.6,282.0,-1.0,-1.0,U6,2010-09-08 15:00:00,29,41.08017,1.06661
-1.0,-1.0,27.9,19.0,-1.0,1.4,351.0,-1.0,-1.0,U7,2010-09-08 15:00:00,52,40.85936,0.50525
-1.0,-1.0,26.0,34.0,-1.0,2.5,171.0,-1.0,-1.0,U9,2010-09-08 15:00:00,62,40.76947,0.61635
-1.0,-1.0,25.8,18.0,-1.0,2.0,316.0,-1.0,-1.0,VA,2010-09-08 15:00:00,257,41.19645,0.51161
3.9,281.0,27.8,17.0,-1.0,-1.0,-1.0,-1.0,-1.0,VB,2010-09-08 15:00:00,32,41.06289,0.63517
-1.0,-1.0,26.8,19.0,-1.0,3.2,255.0,-1.0,-1.0,VC,2010-09-08 15:00:00,69,41.24415,0.43266
-1.0,-1.0,22.9,29.0,-1.0,5.4,265.0,-1.0,-1.0,VD,2010-09-08 15:00:00,429,41.68939,1.20381
-1.0,-1.0,26.5,26.0,-1.0,3.2,225.0,-1.0,-1.0,VE,2010-09-08 15:00:00,97,41.48692,0.46058
-1.0,-1.0,26.8,25.0,-1.0,0.7,256.0,-1.0,-1.0,VF,2010-09-08 15:00:00,122,41.56482,0.54999
-1.0,-1.0,24.3,29.0,-1.0,3.7,282.0,-1.0,-1.0,VH,2010-09-08 15:00:00,259,41.65814,0.39301
-1.0,-1.0,25.5,22.0,-1.0,3.5,276.0,-1.0,-1.0,VJ,2010-09-08 15:00:00,161,41.59957,0.6478
6.0,274.0,24.3,31.0,978.9,-1.0,-1.0,-1.0,-1.0,VK,2010-09-08 15:00:00,286,41.68328,0.4487
3.3,265.0,27.4,20.0,-1.0,1.9,249.0,-1.0,-1.0,VL,2010-09-08 15:00:00,100,41.46014,0.40562
-1.0,-1.0,24.7,28.0,-1.0,4.3,266.0,-1.0,-1.0,VM,2010-09-08 15:00:00,222,41.7145,0.62839
-1.0,-1.0,21.8,53.0,-1.0,-1.0,-1.0,-1.0,-1.0,VN,2010-09-08 15:00:00,117,41.88244,2.74262
-1.0,-1.0,22.6,30.0,-1.0,2.3,231.0,-1.0,-1.0,VO,2010-09-08 15:00:00,785,42.08745,1.42792
-1.0,-1.0,22.0,35.0,-1.0,3.6,251.0,4.9,260.0,VP,2010-09-08 15:00:00,659,41.80483,1.53853
4.4,281.0,27.5,21.0,997.0,-1.0,-1.0,-1.0,-1.0,VQ,2010-09-08 15:00:00,112,41.1713,1.16774
-1.0,-1.0,25.6,31.0,-1.0,1.3,257.0,-1.0,-1.0,VR,2010-09-08 15:00:00,291,41.68994,1.04401
5.9,198.0,6.9,76.0,774.9,-1.0,-1.0,-1.0,-1.0,VS,2010-09-08 15:00:00,2247,42.63835,0.77889
-1.0,-1.0,23.8,40.0,-1.0,2.8,127.0,-1.0,-1.0,VT,2010-09-08 15:00:00,84,41.48401,2.12745
-1.0,-1.0,23.9,33.0,-1.0,0.5,110.0,-1.0,-1.0,VU,2010-09-08 15:00:00,421,41.63286,1.91718
1.6,164.0,22.4,42.0,-1.0,-1.0,-1.0,-1.0,-1.0,VV,2010-09-08 15:00:00,528,41.68129,2.02647
-1.0,-1.0,14.5,75.0,-1.0,2.6,143.0,-1.0,-1.0,VX,2010-09-08 15:00:00,1030,41.74761,2.30291
-1.0,-1.0,25.9,26.0,-1.0,-1.0,-1.0,-1.0,-1.0,VY,2010-09-08 15:00:00,240,41.25095,1.29863
-1.0,-1.0,22.7,43.0,-1.0,-1.0,-1.0,-1.0,-1.0,VZ,2010-09-08 15:00:00,83,42.38443,3.00736
-1.0,-1.0,25.5,28.0,-1.0,4.2,260.0,-1.0,-1.0,V1,2010-09-08 15:00:00,238,41.78487,0.82939
-1.0,-1.0,22.3,49.0,-1.0,1.4,192.0,-1.0,-1.0,V3,2010-09-08 15:00:00,509,41.95224,2.23271
-1.0,-1.0,18.8,65.0,934.0,-1.0,-1.0,0.4,356.0,V4,2010-09-08 15:00:00,684,42.11477,2.21483
-1.0,-1.0,20.3,52.0,-1.0,1.3,224.0,1.7,211.0,V5,2010-09-08 15:00:00,774,42.03947,2.11993
-1.0,-1.0,24.6,30.0,-1.0,1.7,269.0,-1.0,-1.0,V8,2010-09-08 15:00:00,223,41.67279,0.87741
-1.0,-1.0,24.0,29.0,-1.0,5.6,251.0,-1.0,-1.0,WA,2010-09-08 15:00:00,443,41.87694,1.1541
-1.0,-1.0,24.3,28.0,-1.0,4.9,266.0,-1.0,-1.0,WB,2010-09-08 15:00:00,267,41.76036,0.67022
-1.0,-1.0,24.3,30.0,-1.0,3.0,294.0,-1.0,-1.0,WC,2010-09-08 15:00:00,261,41.63642,0.92446
-1.0,-1.0,24.4,23.0,-1.0,2.2,333.0,-1.0,-1.0,WD,2010-09-08 15:00:00,382,41.08671,0.31884
-1.0,-1.0,23.5,44.0,-1.0,0.9,131.0,-1.0,-1.0,WE,2010-09-08 15:00:00,126,41.5444,2.30014
-1.0,-1.0,20.3,59.0,-1.0,-1.0,-1.0,-1.0,-1.0,WF,2010-09-08 15:00:00,108,41.95425,2.77578
-1.0,-1.0,24.2,29.0,-1.0,3.8,254.0,-1.0,-1.0,WG,2010-09-08 15:00:00,301,41.80104,0.64804
-1.0,-1.0,24.4,22.0,-1.0,2.7,293.0,-1.0,-1.0,WI,2010-09-08 15:00:00,350,41.35741,0.4809
-1.0,-1.0,26.7,17.0,-1.0,3.5,319.0,-1.0,-1.0,WJ,2010-09-08 15:00:00,141,41.1223,0.72182
-1.0,-1.0,24.3,29.0,-1.0,2.3,281.0,-1.0,-1.0,WK,2010-09-08 15:00:00,268,41.81949,0.57768
-1.0,-1.0,23.7,26.0,-1.0,3.4,264.0,-1.0,-1.0,WL,2010-09-08 15:00:00,413,41.57236,1.0882
2.8,197.0,17.8,60.0,-1.0,-1.0,-1.0,-1.0,-1.0,WM,2010-09-08 15:00:00,1167,42.10736,1.8267
-1.0,-1.0,19.7,41.0,-1.0,-1.0,-1.0,1.3,348.0,WN,2010-09-08 15:00:00,916,41.59539,1.83751
-1.0,-1.0,26.8,24.0,-1.0,-1.0,-1.0,-1.0,-1.0,WO,2010-09-08 15:00:00,185,41.27151,1.46717
-1.0,-1.0,25.3,26.0,-1.0,2.0,299.0,-1.0,-1.0,WP,2010-09-08 15:00:00,325,41.48518,1.69337
5.6,245.0,13.9,51.0,840.9,-1.0,-1.0,-1.0,-1.0,WQ,2010-09-08 15:00:00,1572,42.0513,0.72952
-1.0,-1.0,26.3,19.0,-1.0,1.4,269.0,-1.0,-1.0,WR,2010-09-08 15:00:00,300,41.2163,0.79748
2.3,122.0,15.5,74.0,906.0,-1.0,-1.0,-1.0,-1.0,WS,2010-09-08 15:00:00,953,41.84008,2.41877
4.9,136.0,23.8,58.0,1013.0,-1.0,-1.0,-1.0,-1.0,WT,2010-09-08 15:00:00,2,41.64707,2.75658
-1.0,-1.0,23.8,45.0,1007.0,-1.0,-1.0,4.0,105.0,WU,2010-09-08 15:00:00,42,41.45215,2.24757
1.6,89.0,18.4,64.0,923.0,-1.0,-1.0,-1.0,-1.0,WV,2010-09-08 15:00:00,788,42.23414,1.87485
-1.0,-1.0,25.4,35.0,-1.0,-1.0,-1.0,-1.0,-1.0,WW,2010-09-08 15:00:00,278,41.79423,1.9368
-1.0,-1.0,23.0,29.0,-1.0,3.4,260.0,-1.0,-1.0,WX,2010-09-08 15:00:00,668,41.9178,0.88175
-1.0,-1.0,27.0,29.0,-1.0,1.4,268.0,-1.0,-1.0,WY,2010-09-08 15:00:00,164,41.43386,1.79429
4.3,201.0,27.0,35.0,1009.0,-1.0,-1.0,-1.0,-1.0,WZ,2010-09-08 15:00:00,17,41.20187,1.63346
-1.0,-1.0,22.1,55.0,-1.0,-1.0,-1.0,-1.0,-1.0,W1,2010-09-08 15:00:00,2,42.24726,3.09021
-1.0,-1.0,20.5,63.0,-1.0,-1.0,-1.0,-1.0,-1.0,W2,2010-09-08 15:00:00,7,42.18259,3.05783
-1.0,-1.0,20.7,64.0,-1.0,-1.0,-1.0,-1.0,-1.0,W3,2010-09-08 15:00:00,4,42.15006,3.06494
-1.0,-1.0,25.7,27.0,-1.0,1.3,328.0,-1.0,-1.0,W4,2010-09-08 15:00:00,240,41.36619,1.72857
-1.0,-1.0,24.6,28.0,-1.0,4.1,192.0,-1.0,-1.0,W5,2010-09-08 15:00:00,490,42.07683,1.31489
-1.0,-1.0,26.9,23.0,-1.0,1.2,288.0,-1.0,-1.0,W6,2010-09-08 15:00:00,158,41.13738,1.0187
-1.0,-1.0,23.7,29.0,-1.0,-1.0,-1.0,-1.0,-1.0,W8,2010-09-08 15:00:00,438,41.44237,1.15998
-1.0,-1.0,16.7,88.0,-1.0,0.4,11.0,-1.0,-1.0,W9,2010-09-08 15:00:00,461,42.14557,2.45451
5.0,287.0,20.5,36.0,923.5,-1.0,-1.0,-1.0,-1.0,XA,2010-09-08 15:00:00,785,41.60257,1.4007
-1.0,-1.0,22.2,32.0,-1.0,-1.0,-1.0,-1.0,-1.0,XB,2010-09-08 15:00:00,584,41.4779,1.53529
3.0,272.0,28.7,22.0,994.1,-1.0,-1.0,-1.0,-1.0,XC,2010-09-08 15:00:00,147,41.47892,1.97546
4.9,292.0,23.1,25.0,933.5,-1.0,-1.0,-1.0,-1.0,XD,2010-09-08 15:00:00,687,41.32,0.8857
4.1,264.0,29.4,22.0,1009.9,-1.0,-1.0,-1.0,-1.0,XE,2010-09-08 15:00:00,5,41.10393,1.201
4.9,122.0,23.4,45.0,981.3,-1.0,-1.0,-1.0,-1.0,XF,2010-09-08 15:00:00,258,41.56568,2.06952
5.5,121.0,23.8,40.0,997.6,-1.0,-1.0,-1.0,-1.0,XG,2010-09-08 15:00:00,123,41.56734,2.22619
-1.0,-1.0,25.4,33.0,933.6,-1.0,-1.0,-1.0,-1.0,XH,2010-09-08 15:00:00,679,42.40533,1.12993
-1.0,-1.0,24.4,29.0,983.1,3.6,279.0,-1.0,-1.0,XI,2010-09-08 15:00:00,247,41.61817,0.87182
5.2,280.0,25.4,24.0,971.1,-1.0,-1.0,-1.0,-1.0,X1,2010-09-08 15:00:00,359,41.15374,0.81953
-1.0,-1.0,25.5,42.0,-1.0,-1.0,-1.0,-1.0,-1.0,X2,2010-09-08 15:00:00,7,41.38943,2.18847
8.1,269.0,23.7,29.0,969.0,-1.0,-1.0,-1.0,-1.0,X3,2010-09-08 15:00:00,370,41.74281,0.5358
3.6,117.0,25.2,43.0,1007.3,-1.0,-1.0,-1.0,-1.0,X4,2010-09-08 15:00:00,33,41.3839,2.16775
2.1,275.0,20.6,28.0,895.5,-1.0,-1.0,-1.0,-1.0,X5,2010-09-08 15:00:00,1055,40.79705,0.31822
-1.0,-1.0,24.9,27.0,-1.0,3.1,234.0,-1.0,-1.0,X6,2010-09-08 15:00:00,366,41.92173,1.02901
-1.0,-1.0,25.4,25.0,-1.0,3.5,303.0,-1.0,-1.0,X7,2010-09-08 15:00:00,215,41.51909,0.55314
4.0,133.0,25.9,34.0,1001.4,-1.0,-1.0,-1.0,-1.0,X8,2010-09-08 15:00:00,79,41.37919,2.1054
2.7,129.0,23.4,43.0,992.0,-1.0,-1.0,-1.0,-1.0,X9,2010-09-08 15:00:00,176,41.61265,2.16836
2.4,182.0,5.7,79.0,-1.0,-1.0,-1.0,-1.0,-1.0,ZB,2010-09-08 15:00:00,2451,42.51939,1.36597
-1.0,-1.0,6.7,81.0,-1.0,-1.0,-1.0,3.1,277.0,Z1,2010-09-08 15:00:00,2266,42.64691,0.98486
-1.0,-1.0,5.1,79.0,-1.0,-1.0,-1.0,2.2,262.0,Z2,2010-09-08 15:00:00,2535,42.46602,0.88405
-1.0,-1.0,9.9,64.0,-1.0,-1.0,-1.0,2.3,157.0,Z3,2010-09-08 15:00:00,2230,42.46605,1.7785
-1.0,-1.0,3.8,98.0,-1.0,-1.0,-1.0,0.9,100.0,Z4,2010-09-08 15:00:00,2364,42.42205,2.2524
-1.0,-1.0,6.1,75.0,-1.0,-1.0,-1.0,2.3,263.0,Z5,2010-09-08 15:00:00,2400,42.70029,1.27201
-1.0,-1.0,5.7,90.0,-1.0,-1.0,-1.0,1.0,325.0,Z6,2010-09-08 15:00:00,2228,42.77011,0.73198
1.7,329.0,5.1,79.0,-1.0,-1.0,-1.0,-1.0,-1.0,Z7,2010-09-08 15:00:00,2519,42.53412,1.05476
-1.0,-1.0,6.9,75.0,-1.0,-1.0,-1.0,5.3,221.0,Z8,2010-09-08 15:00:00,2316,42.18254,1.52407
4.8,215.0,9.4,70.0,-1.0,-1.0,-1.0,-1.0,-1.0,Z9,2010-09-08 15:00:00,2143,42.29265,1.71498
6.8,222.0,22.5,31.0,932.6,-1.0,-1.0,-1.0,-1.0,CA,2010-09-08 15:30:00,693,41.95378,1.5851
1.7,174.0,22.5,47.0,939.4,-1.0,-1.0,-1.0,-1.0,CC,2010-09-08 15:30:00,626,42.07398,2.20862
4.6,209.0,21.9,32.0,914.3,-1.0,-1.0,-1.0,-1.0,CD,2010-09-08 15:30:00,849,42.37083,1.43277
3.5,280.0,25.0,28.0,974.5,-1.0,-1.0,-1.0,-1.0,CE,2010-09-08 15:30:00,316,41.53109,1.80813
1.2,300.0,9.1,90.0,857.9,-1.0,-1.0,-1.0,-1.0,CG,2010-09-08 15:30:00,1405,42.37717,2.41456
1.3,121.0,14.8,79.0,916.0,-1.0,-1.0,-1.0,-1.0,CI,2010-09-08 15:30:00,852,42.25839,2.36429
3.9,182.0,22.7,34.0,945.3,-1.0,-1.0,-1.0,-1.0,CJ,2010-09-08 15:30:00,566.5,42.21624,1.33132
1.7,252.0,25.2,26.0,970.6,-1.0,-1.0,-1.0,-1.0,CL,2010-09-08 15:30:00,349,41.67399,1.76796
4.3,236.0,25.2,29.0,932.4,-1.0,-1.0,-1.0,-1.0,CP,2010-09-08 15:30:00,690,42.13924,1.03893
2.1,201.0,24.4,31.0,943.4,-1.0,-1.0,-1.0,-1.0,CQ,2010-09-08 15:30:00,594,41.99546,1.02569
1.4,206.0,19.2,58.0,913.5,-1.0,-1.0,-1.0,-1.0,CR,2010-09-08 15:30:00,873,42.08032,1.9624
1.5,159.0,20.9,43.0,917.3,-1.0,-1.0,-1.0,-1.0,CT,2010-09-08 15:30:00,823,42.39811,0.74362
0.9,170.0,16.8,58.0,899.0,-1.0,-1.0,-1.0,-1.0,CU,2010-09-08 15:30:00,1002,42.69856,0.79397
0.9,198.0,23.8,34.0,951.6,-1.0,-1.0,-1.0,-1.0,CV,2010-09-08 15:30:00,513.3,42.23939,0.96434
5.0,278.0,24.1,27.0,960.4,-1.0,-1.0,-1.0,-1.0,CW,2010-09-08 15:30:00,446,41.39241,1.09894
2.6,187.0,20.4,47.0,919.4,-1.0,-1.0,-1.0,-1.0,CY,2010-09-08 15:30:00,816,41.87813,2.17873
5.7,272.0,24.5,32.0,980.8,-1.0,-1.0,-1.0,-1.0,C6,2010-09-08 15:30:00,264,41.6566,0.95172
6.0,271.0,23.9,30.0,962.7,-1.0,-1.0,-1.0,-1.0,C7,2010-09-08 15:30:00,427,41.66695,1.16234
5.8,272.0,21.5,31.0,947.4,-1.0,-1.0,-1.0,-1.0,C8,2010-09-08 15:30:00,554,41.67555,1.29609
-1.0,-1.0,25.1,37.0,983.7,-1.0,-1.0,-1.0,-1.0,C9,2010-09-08 15:30:00,240,40.71825,0.39988
4.9,221.0,26.8,29.0,990.6,-1.0,-1.0,-1.0,-1.0,DB,2010-09-08 15:30:00,179,40.87287,0.71581
1.3,359.0,17.0,87.0,963.8,-1.0,-1.0,-1.0,-1.0,DC,2010-09-08 15:30:00,421.5,42.19144,2.48263
3.0,125.0,24.6,48.0,1006.7,-1.0,-1.0,-1.0,-1.0,DD,2010-09-08 15:30:00,44.5,41.51175,2.38674
1.6,77.0,20.6,53.0,1009.1,-1.0,-1.0,-1.0,-1.0,DF,2010-09-08 15:30:00,28.6,41.97751,3.03543
0.9,174.0,7.5,92.0,800.8,-1.0,-1.0,-1.0,-1.0,DG,2010-09-08 15:30:00,1971.4,42.39848,2.15517
3.9,310.0,24.5,30.0,964.0,-1.0,-1.0,-1.0,-1.0,DI,2010-09-08 15:30:00,415,41.43292,1.62386
0.8,6.0,19.4,72.0,991.9,-1.0,-1.0,-1.0,-1.0,DJ,2010-09-08 15:30:00,176,42.11653,2.78969
6.8,211.0,27.3,39.0,1010.1,-1.0,-1.0,-1.0,-1.0,DK,2010-09-08 15:30:00,2,41.14677,1.41846
4.2,192.0,26.2,41.0,1011.1,-1.0,-1.0,-1.0,-1.0,DL,2010-09-08 15:30:00,0.5,40.70719,0.83449
1.7,63.0,20.9,53.0,1001.8,-1.0,-1.0,-1.0,-1.0,DM,2010-09-08 15:30:00,90,41.96012,2.80696
2.4,144.0,21.7,58.0,994.4,-1.0,-1.0,-1.0,-1.0,DN,2010-09-08 15:30:00,150,41.96095,2.63108
2.3,98.0,22.3,54.0,1010.8,-1.0,-1.0,-1.0,-1.0,DO,2010-09-08 15:30:00,14,41.80857,3.03241
5.3,54.0,16.2,50.0,888.6,-1.0,-1.0,-1.0,-1.0,DP,2010-09-08 15:30:00,1097,42.38605,1.8664
4.1,316.0,25.1,26.0,978.5,-1.0,-1.0,-1.0,-1.0,DQ,2010-09-08 15:30:00,287,41.30728,1.36259
-1.0,-1.0,24.5,24.0,965.2,-1.0,-1.0,-1.0,-1.0,D1,2010-09-08 15:30:00,404,41.28521,0.75383
-1.0,-1.0,24.4,34.0,971.6,-1.0,-1.0,-1.0,-1.0,D2,2010-09-08 15:30:00,343,41.59252,1.915
1.9,313.0,27.2,26.0,981.6,-1.0,-1.0,-1.0,-1.0,D3,2010-09-08 15:30:00,252,41.38197,1.93564
1.3,85.0,23.2,36.0,1009.0,-1.0,-1.0,-1.0,-1.0,D4,2010-09-08 15:30:00,24,42.27065,3.18165
3.5,127.0,23.2,39.0,964.8,-1.0,-1.0,-1.0,-1.0,D5,2010-09-08 15:30:00,411.2,41.41843,2.12388
4.5,204.0,21.4,44.0,988.9,-1.0,-1.0,-1.0,-1.0,D6,2010-09-08 15:30:00,196,42.43515,3.16622
4.2,293.0,28.4,16.0,1005.0,-1.0,-1.0,-1.0,-1.0,D7,2010-09-08 15:30:00,53,41.18499,0.59376
3.9,303.0,25.1,19.0,953.2,-1.0,-1.0,-1.0,-1.0,D8,2010-09-08 15:30:00,515,40.95134,0.30565
3.9,156.0,25.8,37.0,1004.1,-1.0,-1.0,-1.0,-1.0,D9,2010-09-08 15:30:00,59,41.21553,1.52121
3.7,285.0,24.5,32.0,972.9,-1.0,-1.0,-1.0,-1.0,H1,2010-09-08 15:30:00,333,41.58642,1.65306
2.5,179.0,26.3,29.0,986.2,-1.0,-1.0,-1.0,-1.0,R1,2010-09-08 15:30:00,210,41.70637,1.87276
4.3,276.0,27.3,20.0,998.0,-1.0,-1.0,-1.0,-1.0,VQ,2010-09-08 15:30:00,112,41.1713,1.16774
5.3,198.0,6.9,76.0,775.1,-1.0,-1.0,-1.0,-1.0,VS,2010-09-08 15:30:00,2247,42.63835,0.77889
-1.0,-1.0,23.7,46.0,1007.0,-1.0,-1.0,4.3,102.0,WU,2010-09-08 15:30:00,42,41.45215,2.24757
3.8,202.0,27.1,34.0,1009.0,-1.0,-1.0,-1.0,-1.0,WZ,2010-09-08 15:30:00,17,41.20187,1.63346
4.8,290.0,20.5,35.0,923.6,-1.0,-1.0,-1.0,-1.0,XA,2010-09-08 15:30:00,785,41.60257,1.4007
2.5,210.0,28.5,24.0,994.3,-1.0,-1.0,-1.0,-1.0,XC,2010-09-08 15:30:00,147,41.47892,1.97546
4.8,274.0,23.4,24.0,933.7,-1.0,-1.0,-1.0,-1.0,XD,2010-09-08 15:30:00,687,41.32,0.8857
4.4,263.0,28.8,22.0,1010.1,-1.0,-1.0,-1.0,-1.0,XE,2010-09-08 15:30:00,5,41.10393,1.201
4.9,117.0,22.8,46.0,981.6,-1.0,-1.0,-1.0,-1.0,XF,2010-09-08 15:30:00,258,41.56568,2.06952
4.7,124.0,23.4,41.0,997.9,-1.0,-1.0,-1.0,-1.0,XG,2010-09-08 15:30:00,123,41.56734,2.22619
-1.0,-1.0,23.3,36.0,933.8,-1.0,-1.0,-1.0,-1.0,XH,2010-09-08 15:30:00,679,42.40533,1.12993
3.5,132.0,24.3,40.0,1001.7,-1.0,-1.0,-1.0,-1.0,X8,2010-09-08 15:30:00,79,41.37919,2.1054
1.2,339.0,5.9,77.0,-1.0,-1.0,-1.0,-1.0,-1.0,ZB,2010-09-08 15:30:00,2451,42.51939,1.36597
-1.0,-1.0,6.1,86.0,-1.0,-1.0,-1.0,2.4,275.0,Z1,2010-09-08 15:30:00,2266,42.64691,0.98486
-1.0,-1.0,5.0,79.0,-1.0,-1.0,-1.0,2.4,248.0,Z2,2010-09-08 15:30:00,2535,42.46602,0.88405
-1.0,-1.0,7.6,80.0,-1.0,-1.0,-1.0,1.4,226.0,Z3,2010-09-08 15:30:00,2230,42.46605,1.7785
-1.0,-1.0,3.6,98.0,-1.0,-1.0,-1.0,1.0,115.0,Z4,2010-09-08 15:30:00,2364,42.42205,2.2524
-1.0,-1.0,6.0,75.0,-1.0,-1.0,-1.0,1.7,255.0,Z5,2010-09-08 15:30:00,2400,42.70029,1.27201
-1.0,-1.0,5.1,90.0,-1.0,-1.0,-1.0,0.5,343.0,Z6,2010-09-08 15:30:00,2228,42.77011,0.73198
1.8,315.0,5.0,80.0,-1.0,-1.0,-1.0,-1.0,-1.0,Z7,2010-09-08 15:30:00,2519,42.53412,1.05476
-1.0,-1.0,7.0,72.0,-1.0,-1.0,-1.0,5.3,219.0,Z8,2010-09-08 15:30:00,2316,42.18254,1.52407
5.3,222.0,8.1,76.0,-1.0,-1.0,-1.0,-1.0,-1.0,Z9,2010-09-08 15:30:00,2143,42.29265,1.71498
6.4,222.0,21.7,32.0,932.8,-1.0,-1.0,-1.0,-1.0,CA,2010-09-08 16:00:00,693,41.95378,1.5851
1.1,84.0,19.3,60.0,939.8,-1.0,-1.0,-1.0,-1.0,CC,2010-09-08 16:00:00,626,42.07398,2.20862
4.7,202.0,21.4,32.0,914.5,-1.0,-1.0,-1.0,-1.0,CD,2010-09-08 16:00:00,849,42.37083,1.43277
2.9,301.0,25.2,27.0,974.6,-1.0,-1.0,-1.0,-1.0,CE,2010-09-08 16:00:00,316,41.53109,1.80813
1.2,17.0,9.1,92.0,857.9,-1.0,-1.0,-1.0,-1.0,CG,2010-09-08 16:00:00,1405,42.37717,2.41456
1.1,110.0,13.9,86.0,916.2,-1.0,-1.0,-1.0,-1.0,CI,2010-09-08 16:00:00,852,42.25839,2.36429
4.2,174.0,23.3,33.0,945.5,-1.0,-1.0,-1.0,-1.0,CJ,2010-09-08 16:00:00,566.5,42.21624,1.33132
1.8,269.0,24.8,26.0,970.8,-1.0,-1.0,-1.0,-1.0,CL,2010-09-08 16:00:00,349,41.67399,1.76796
4.5,250.0,25.3,30.0,932.6,-1.0,-1.0,-1.0,-1.0,CP,2010-09-08 16:00:00,690,42.13924,1.03893
2.0,200.0,23.7,32.0,943.6,-1.0,-1.0,-1.0,-1.0,CQ,2010-09-08 16:00:00,594,41.99546,1.02569
1.3,199.0,19.5,55.0,913.6,-1.0,-1.0,-1.0,-1.0,CR,2010-09-08 16:00:00,873,42.08032,1.9624
1.9,166.0,21.4,42.0,917.7,-1.0,-1.0,-1.0,-1.0,CT,2010-09-08 16:00:00,823,42.39811,0.74362
1.6,24.0,16.2,56.0,899.4,-1.0,-1.0,-1.0,-1.0,CU,2010-09-08 16:00:00,1002,42.69856,0.79397
0.7,241.0,24.0,34.0,951.9,-1.0,-1.0,-1.0,-1.0,CV,2010-09-08 16:00:00,513.3,42.23939,0.96434
4.6,278.0,23.8,26.0,960.6,-1.0,-1.0,-1.0,-1.0,CW,2010-09-08 16:00:00,446,41.39241,1.09894
3.3,161.0,18.6,57.0,919.5,-1.0,-1.0,-1.0,-1.0,CY,2010-09-08 16:00:00,816,41.87813,2.17873
6.1,267.0,24.4,32.0,981.0,-1.0,-1.0,-1.0,-1.0,C6,2010-09-08 16:00:00,264,41.6566,0.95172
5.1,280.0,23.8,29.0,962.8,-1.0,-1.0,-1.0,-1.0,C7,2010-09-08 16:00:00,427,41.66695,1.16234
5.3,273.0,21.3,30.0,947.6,-1.0,-1.0,-1.0,-1.0,C8,2010-09-08 16:00:00,554,41.67555,1.29609
-1.0,-1.0,24.3,41.0,983.8,-1.0,-1.0,-1.0,-1.0,C9,2010-09-08 16:00:00,240,40.71825,0.39988
6.0,221.0,25.8,33.0,990.7,-1.0,-1.0,-1.0,-1.0,DB,2010-09-08 16:00:00,179,40.87287,0.71581
1.1,24.0,16.7,85.0,963.9,-1.0,-1.0,-1.0,-1.0,DC,2010-09-08 16:00:00,421.5,42.19144,2.48263
3.2,124.0,24.1,57.0,1006.9,-1.0,-1.0,-1.0,-1.0,DD,2010-09-08 16:00:00,44.5,41.51175,2.38674
0.9,82.0,20.4,54.0,1009.1,-1.0,-1.0,-1.0,-1.0,DF,2010-09-08 16:00:00,28.6,41.97751,3.03543
1.3,193.0,7.6,92.0,800.9,-1.0,-1.0,-1.0,-1.0,DG,2010-09-08 16:00:00,1971.4,42.39848,2.15517
3.8,299.0,24.4,30.0,964.1,-1.0,-1.0,-1.0,-1.0,DI,2010-09-08 16:00:00,415,41.43292,1.62386
0.5,127.0,19.4,66.0,992.0,-1.0,-1.0,-1.0,-1.0,DJ,2010-09-08 16:00:00,176,42.11653,2.78969
6.7,210.0,26.7,43.0,1010.2,-1.0,-1.0,-1.0,-1.0,DK,2010-09-08 16:00:00,2,41.14677,1.41846
3.9,191.0,25.7,45.0,1011.2,-1.0,-1.0,-1.0,-1.0,DL,2010-09-08 16:00:00,0.5,40.70719,0.83449
2.4,83.0,20.3,55.0,1001.9,-1.0,-1.0,-1.0,-1.0,DM,2010-09-08 16:00:00,90,41.96012,2.80696
2.0,109.0,21.2,59.0,994.5,-1.0,-1.0,-1.0,-1.0,DN,2010-09-08 16:00:00,150,41.96095,2.63108
1.7,93.0,22.2,54.0,1010.8,-1.0,-1.0,-1.0,-1.0,DO,2010-09-08 16:00:00,14,41.80857,3.03241
4.1,62.0,15.8,52.0,889.1,-1.0,-1.0,-1.0,-1.0,DP,2010-09-08 16:00:00,1097,42.38605,1.8664
3.6,317.0,24.9,26.0,978.6,-1.0,-1.0,-1.0,-1.0,DQ,2010-09-08 16:00:00,287,41.30728,1.36259
-1.0,-1.0,24.8,24.0,965.4,-1.0,-1.0,-1.0,-1.0,D1,2010-09-08 16:00:00,404,41.28521,0.75383
-1.0,-1.0,23.1,42.0,971.9,-1.0,-1.0,-1.0,-1.0,D2,2010-09-08 16:00:00,343,41.59252,1.915
3.0,78.0,25.4,34.0,981.8,-1.0,-1.0,-1.0,-1.0,D3,2010-09-08 16:00:00,252,41.38197,1.93564
1.7,180.0,22.8,38.0,1009.2,-1.0,-1.0,-1.0,-1.0,D4,2010-09-08 16:00:00,24,42.27065,3.18165
3.3,123.0,22.1,43.0,965.0,-1.0,-1.0,-1.0,-1.0,D5,2010-09-08 16:00:00,411.2,41.41843,2.12388
4.6,212.0,20.9,40.0,989.0,-1.0,-1.0,-1.0,-1.0,D6,2010-09-08 16:00:00,196,42.43515,3.16622
3.6,287.0,28.2,16.0,1005.2,-1.0,-1.0,-1.0,-1.0,D7,2010-09-08 16:00:00,53,41.18499,0.59376
3.5,330.0,24.6,20.0,953.2,-1.0,-1.0,-1.0,-1.0,D8,2010-09-08 16:00:00,515,40.95134,0.30565
2.3,177.0,25.6,34.0,1004.2,-1.0,-1.0,-1.0,-1.0,D9,2010-09-08 16:00:00,59,41.21553,1.52121
3.3,289.0,24.3,33.0,973.1,-1.0,-1.0,-1.0,-1.0,H1,2010-09-08 16:00:00,333,41.58642,1.65306
1.6,223.0,26.7,28.0,986.3,-1.0,-1.0,-1.0,-1.0,R1,2010-09-08 16:00:00,210,41.70637,1.87276
-1.0,-1.0,25.3,39.0,-1.0,2.5,204.0,-1.0,-1.0,UA,2010-09-08 16:00:00,93,40.9091,0.76943
-1.0,-1.0,20.1,62.0,-1.0,0.5,192.0,-1.0,-1.0,UB,2010-09-08 16:00:00,15,42.05398,3.06195
-1.0,-1.0,20.7,56.0,-1.0,0.4,260.0,-1.0,-1.0,UC,2010-09-08 16:00:00,60,41.97726,2.99705
-1.0,-1.0,20.5,58.0,-1.0,-1.0,-1.0,-1.0,-1.0,UD,2010-09-08 16:00:00,12,42.02895,3.06227
-1.0,-1.0,21.1,67.0,-1.0,-1.0,-1.0,-1.0,-1.0,UE,2010-09-08 16:00:00,4,42.02306,3.15719
-1.0,-1.0,21.8,40.0,-1.0,3.2,237.0,-1.0,-1.0,UF,2010-09-08 16:00:00,573,41.28832,1.90775
-1.0,-1.0,27.1,38.0,-1.0,1.0,156.0,-1.0,-1.0,UG,2010-09-08 16:00:00,3,41.29928,2.03787
-1.0,-1.0,22.7,30.0,-1.0,1.4,249.0,2.7,261.0,UH,2010-09-08 16:00:00,545,41.34171,1.48769
-1.0,-1.0,12.6,78.0,-1.0,0.0,3.0,-1.0,-1.0,UI,2010-09-08 16:00:00,1386,42.26477,1.76218
-1.0,-1.0,20.7,33.0,-1.0,3.0,270.0,5.1,271.0,UJ,2010-09-08 16:00:00,709,41.52879,1.3683
-1.0,-1.0,25.9,32.0,-1.0,1.5,204.0,-1.0,-1.0,UK,2010-09-08 16:00:00,161,41.27861,1.80479
-1.0,-1.0,24.8,27.0,-1.0,1.6,279.0,-1.0,-1.0,UL,2010-09-08 16:00:00,228,41.52911,0.75303
-1.0,-1.0,22.8,22.0,-1.0,3.7,268.0,-1.0,-1.0,UM,2010-09-08 16:00:00,505,41.35991,0.66789
-1.0,-1.0,20.8,60.0,-1.0,1.4,117.0,-1.0,-1.0,UN,2010-09-08 16:00:00,171,41.87449,2.92694
-1.0,-1.0,21.0,61.0,-1.0,-1.0,-1.0,-1.0,-1.0,UO,2010-09-08 16:00:00,97,41.91461,2.82069
3.4,142.0,23.8,56.0,1003.0,-1.0,-1.0,-1.0,-1.0,UP,2010-09-08 16:00:00,81,41.51773,2.37702
-1.0,-1.0,18.8,71.0,-1.0,2.0,148.0,-1.0,-1.0,UQ,2010-09-08 16:00:00,460,41.61991,2.44532
-1.0,-1.0,25.5,46.0,-1.0,1.6,157.0,-1.0,-1.0,US,2010-09-08 16:00:00,24,40.55786,0.52329
5.1,184.0,25.1,45.0,1011.0,-1.0,-1.0,-1.0,-1.0,UU,2010-09-08 16:00:00,3,40.70776,0.6321
-1.0,-1.0,24.6,38.0,-1.0,2.1,206.0,-1.0,-1.0,UV,2010-09-08 16:00:00,205,40.71727,0.41633
-1.0,-1.0,24.8,50.0,1012.0,2.5,189.0,-1.0,-1.0,UW,2010-09-08 16:00:00,0,40.62725,0.65922
-1.0,-1.0,24.4,41.0,-1.0,1.9,151.0,-1.0,-1.0,UX,2010-09-08 16:00:00,210,40.62652,0.37112
-1.0,-1.0,23.3,30.0,-1.0,1.8,269.0,3.6,273.0,UY,2010-09-08 16:00:00,576,41.87912,0.76103
-1.0,-1.0,20.7,65.0,-1.0,1.3,217.0,-1.0,-1.0,U1,2010-09-08 16:00:00,31,42.30648,2.95481
1.4,186.0,20.3,69.0,1012.0,-1.0,-1.0,-1.0,-1.0,U2,2010-09-08 16:00:00,4,42.17716,3.0968
-1.0,-1.0,25.2,29.0,-1.0,1.3,250.0,-1.0,-1.0,U3,2010-09-08 16:00:00,257,41.37491,1.63032
5.5,233.0,22.9,33.0,-1.0,3.0,238.0,-1.0,-1.0,U4,2010-09-08 16:00:00,507,41.83094,1.84699
-1.0,-1.0,18.8,32.0,-1.0,1.2,226.0,-1.0,-1.0,U5,2010-09-08 16:00:00,969,41.31349,0.99611
-1.0,-1.0,26.8,25.0,-1.0,1.5,258.0,-1.0,-1.0,U6,2010-09-08 16:00:00,29,41.08017,1.06661
-1.0,-1.0,26.9,30.0,-1.0,1.0,166.0,-1.0,-1.0,U7,2010-09-08 16:00:00,52,40.85936,0.50525
-1.0,-1.0,25.2,41.0,-1.0,2.1,176.0,-1.0,-1.0,U9,2010-09-08 16:00:00,62,40.76947,0.61635
-1.0,-1.0,25.4,19.0,-1.0,2.1,306.0,-1.0,-1.0,VA,2010-09-08 16:00:00,257,41.19645,0.51161
3.7,302.0,27.5,18.0,-1.0,-1.0,-1.0,-1.0,-1.0,VB,2010-09-08 16:00:00,32,41.06289,0.63517
-1.0,-1.0,26.9,18.0,-1.0,3.9,274.0,-1.0,-1.0,VC,2010-09-08 16:00:00,69,41.24415,0.43266
-1.0,-1.0,22.7,27.0,-1.0,5.4,271.0,-1.0,-1.0,VD,2010-09-08 16:00:00,429,41.68939,1.20381
-1.0,-1.0,26.2,26.0,-1.0,2.3,237.0,-1.0,-1.0,VE,2010-09-08 16:00:00,97,41.48692,0.46058
-1.0,-1.0,26.1,25.0,-1.0,0.5,272.0,-1.0,-1.0,VF,2010-09-08 16:00:00,122,41.56482,0.54999
-1.0,-1.0,23.8,27.0,-1.0,3.4,290.0,-1.0,-1.0,VH,2010-09-08 16:00:00,259,41.65814,0.39301
-1.0,-1.0,25.2,22.0,-1.0,3.3,278.0,-1.0,-1.0,VJ,2010-09-08 16:00:00,161,41.59957,0.6478
5.6,278.0,23.8,30.0,979.2,-1.0,-1.0,-1.0,-1.0,VK,2010-09-08 16:00:00,286,41.68328,0.4487
3.3,259.0,26.6,21.0,-1.0,1.8,244.0,-1.0,-1.0,VL,2010-09-08 16:00:00,100,41.46014,0.40562
-1.0,-1.0,24.2,27.0,-1.0,4.1,273.0,-1.0,-1.0,VM,2010-09-08 16:00:00,222,41.7145,0.62839
-1.0,-1.0,21.4,57.0,-1.0,-1.0,-1.0,-1.0,-1.0,VN,2010-09-08 16:00:00,117,41.88244,2.74262
-1.0,-1.0,21.5,33.0,-1.0,2.2,220.0,-1.0,-1.0,VO,2010-09-08 16:00:00,785,42.08745,1.42792
-1.0,-1.0,21.6,36.0,-1.0,3.2,252.0,4.4,261.0,VP,2010-09-08 16:00:00,659,41.80483,1.53853
3.8,280.0,27.2,20.0,998.0,-1.0,-1.0,-1.0,-1.0,VQ,2010-09-08 16:00:00,112,41.1713,1.16774
-1.0,-1.0,24.8,32.0,-1.0,1.3,262.0,-1.0,-1.0,VR,2010-09-08 16:00:00,291,41.68994,1.04401
4.7,201.0,6.4,79.0,775.3,-1.0,-1.0,-1.0,-1.0,VS,2010-09-08 16:00:00,2247,42.63835,0.77889
-1.0,-1.0,22.9,44.0,-1.0,2.4,112.0,-1.0,-1.0,VT,2010-09-08 16:00:00,84,41.48401,2.12745
-1.0,-1.0,21.6,45.0,-1.0,1.7,112.0,-1.0,-1.0,VU,2010-09-08 16:00:00,421,41.63286,1.91718
1.6,171.0,20.4,51.0,-1.0,-1.0,-1.0,-1.0,-1.0,VV,2010-09-08 16:00:00,528,41.68129,2.02647
-1.0,-1.0,14.5,82.0,-1.0,2.0,162.0,-1.0,-1.0,VX,2010-09-08 16:00:00,1030,41.74761,2.30291
-1.0,-1.0,25.7,24.0,-1.0,-1.0,-1.0,-1.0,-1.0,VY,2010-09-08 16:00:00,240,41.25095,1.29863
-1.0,-1.0,21.1,57.0,-1.0,-1.0,-1.0,-1.0,-1.0,VZ,2010-09-08 16:00:00,83,42.38443,3.00736
-1.0,-1.0,25.0,28.0,-1.0,4.1,264.0,-1.0,-1.0,V1,2010-09-08 16:00:00,238,41.78487,0.82939
-1.0,-1.0,19.9,60.0,-1.0,1.7,172.0,-1.0,-1.0,V3,2010-09-08 16:00:00,509,41.95224,2.23271
-1.0,-1.0,17.3,70.0,935.0,-1.0,-1.0,0.5,358.0,V4,2010-09-08 16:00:00,684,42.11477,2.21483
-1.0,-1.0,17.9,66.0,-1.0,2.0,106.0,2.2,102.0,V5,2010-09-08 16:00:00,774,42.03947,2.11993
-1.0,-1.0,24.0,30.0,-1.0,1.5,265.0,-1.0,-1.0,V8,2010-09-08 16:00:00,223,41.67279,0.87741
-1.0,-1.0,23.5,29.0,-1.0,5.3,251.0,-1.0,-1.0,WA,2010-09-08 16:00:00,443,41.87694,1.1541
-1.0,-1.0,23.7,28.0,-1.0,4.9,266.0,-1.0,-1.0,WB,2010-09-08 16:00:00,267,41.76036,0.67022
-1.0,-1.0,24.0,29.0,-1.0,2.6,294.0,-1.0,-1.0,WC,2010-09-08 16:00:00,261,41.63642,0.92446
-1.0,-1.0,24.2,22.0,-1.0,2.2,337.0,-1.0,-1.0,WD,2010-09-08 16:00:00,382,41.08671,0.31884
-1.0,-1.0,22.5,54.0,-1.0,0.8,129.0,-1.0,-1.0,WE,2010-09-08 16:00:00,126,41.5444,2.30014
-1.0,-1.0,19.7,61.0,-1.0,-1.0,-1.0,-1.0,-1.0,WF,2010-09-08 16:00:00,108,41.95425,2.77578
-1.0,-1.0,23.9,28.0,-1.0,3.5,255.0,-1.0,-1.0,WG,2010-09-08 16:00:00,301,41.80104,0.64804
-1.0,-1.0,24.4,20.0,-1.0,2.2,301.0,-1.0,-1.0,WI,2010-09-08 16:00:00,350,41.35741,0.4809
-1.0,-1.0,26.6,17.0,-1.0,2.7,323.0,-1.0,-1.0,WJ,2010-09-08 16:00:00,141,41.1223,0.72182
-1.0,-1.0,23.8,29.0,-1.0,2.3,277.0,-1.0,-1.0,WK,2010-09-08 16:00:00,268,41.81949,0.57768
-1.0,-1.0,23.4,26.0,-1.0,3.0,265.0,-1.0,-1.0,WL,2010-09-08 16:00:00,413,41.57236,1.0882
2.7,208.0,16.1,56.0,-1.0,-1.0,-1.0,-1.0,-1.0,WM,2010-09-08 16:00:00,1167,42.10736,1.8267
-1.0,-1.0,19.0,41.0,-1.0,-1.0,-1.0,1.8,203.0,WN,2010-09-08 16:00:00,916,41.59539,1.83751
-1.0,-1.0,26.3,23.0,-1.0,-1.0,-1.0,-1.0,-1.0,WO,2010-09-08 16:00:00,185,41.27151,1.46717
-1.0,-1.0,24.5,27.0,-1.0,1.9,287.0,-1.0,-1.0,WP,2010-09-08 16:00:00,325,41.48518,1.69337
6.3,246.0,13.5,51.0,841.2,-1.0,-1.0,-1.0,-1.0,WQ,2010-09-08 16:00:00,1572,42.0513,0.72952
-1.0,-1.0,25.9,16.0,-1.0,1.1,271.0,-1.0,-1.0,WR,2010-09-08 16:00:00,300,41.2163,0.79748
2.5,115.0,15.0,80.0,906.0,-1.0,-1.0,-1.0,-1.0,WS,2010-09-08 16:00:00,953,41.84008,2.41877
4.8,143.0,22.6,64.0,1013.0,-1.0,-1.0,-1.0,-1.0,WT,2010-09-08 16:00:00,2,41.64707,2.75658
-1.0,-1.0,23.6,47.0,1007.0,-1.0,-1.0,4.1,101.0,WU,2010-09-08 16:00:00,42,41.45215,2.24757
1.9,23.0,17.5,67.0,923.0,-1.0,-1.0,-1.0,-1.0,WV,2010-09-08 16:00:00,788,42.23414,1.87485
-1.0,-1.0,24.4,40.0,-1.0,-1.0,-1.0,-1.0,-1.0,WW,2010-09-08 16:00:00,278,41.79423,1.9368
-1.0,-1.0,22.6,29.0,-1.0,3.5,258.0,-1.0,-1.0,WX,2010-09-08 16:00:00,668,41.9178,0.88175
-1.0,-1.0,26.4,28.0,-1.0,1.4,310.0,-1.0,-1.0,WY,2010-09-08 16:00:00,164,41.43386,1.79429
3.6,187.0,27.0,36.0,1009.0,-1.0,-1.0,-1.0,-1.0,WZ,2010-09-08 16:00:00,17,41.20187,1.63346
-1.0,-1.0,20.8,65.0,-1.0,-1.0,-1.0,-1.0,-1.0,W1,2010-09-08 16:00:00,2,42.24726,3.09021
-1.0,-1.0,19.6,70.0,-1.0,-1.0,-1.0,-1.0,-1.0,W2,2010-09-08 16:00:00,7,42.18259,3.05783
-1.0,-1.0,20.3,66.0,-1.0,-1.0,-1.0,-1.0,-1.0,W3,2010-09-08 16:00:00,4,42.15006,3.06494
-1.0,-1.0,25.6,29.0,-1.0,1.8,286.0,-1.0,-1.0,W4,2010-09-08 16:00:00,240,41.36619,1.72857
-1.0,-1.0,23.8,30.0,-1.0,4.3,185.0,-1.0,-1.0,W5,2010-09-08 16:00:00,490,42.07683,1.31489
-1.0,-1.0,26.1,21.0,-1.0,0.9,272.0,-1.0,-1.0,W6,2010-09-08 16:00:00,158,41.13738,1.0187
-1.0,-1.0,23.2,29.0,-1.0,-1.0,-1.0,-1.0,-1.0,W8,2010-09-08 16:00:00,438,41.44237,1.15998
-1.0,-1.0,16.3,88.0,-1.0,0.5,349.0,-1.0,-1.0,W9,2010-09-08 16:00:00,461,42.14557,2.45451
4.4,284.0,20.0,34.0,923.8,-1.0,-1.0,-1.0,-1.0,XA,2010-09-08 16:00:00,785,41.60257,1.4007
-1.0,-1.0,21.8,33.0,-1.0,-1.0,-1.0,-1.0,-1.0,XB,2010-09-08 16:00:00,584,41.4779,1.53529
5.5,145.0,26.5,32.0,994.6,-1.0,-1.0,-1.0,-1.0,XC,2010-09-08 16:00:00,147,41.47892,1.97546
4.7,280.0,22.8,23.0,934.0,-1.0,-1.0,-1.0,-1.0,XD,2010-09-08 16:00:00,687,41.32,0.8857
4.2,258.0,28.5,22.0,1010.3,-1.0,-1.0,-1.0,-1.0,XE,2010-09-08 16:00:00,5,41.10393,1.201
4.5,100.0,22.1,49.0,981.9,-1.0,-1.0,-1.0,-1.0,XF,2010-09-08 16:00:00,258,41.56568,2.06952
4.6,134.0,23.0,41.0,998.2,-1.0,-1.0,-1.0,-1.0,XG,2010-09-08 16:00:00,123,41.56734,2.22619
-1.0,-1.0,21.4,41.0,934.2,-1.0,-1.0,-1.0,-1.0,XH,2010-09-08 16:00:00,679,42.40533,1.12993
-1.0,-1.0,24.0,29.0,983.4,3.1,282.0,-1.0,-1.0,XI,2010-09-08 16:00:00,247,41.61817,0.87182
4.8,294.0,25.1,21.0,971.3,-1.0,-1.0,-1.0,-1.0,X1,2010-09-08 16:00:00,359,41.15374,0.81953
-1.0,-1.0,24.9,45.0,-1.0,-1.0,-1.0,-1.0,-1.0,X2,2010-09-08 16:00:00,7,41.38943,2.18847
8.3,272.0,23.0,30.0,969.0,-1.0,-1.0,-1.0,-1.0,X3,2010-09-08 16:00:00,370,41.74281,0.5358
3.2,119.0,24.7,45.0,1007.7,-1.0,-1.0,-1.0,-1.0,X4,2010-09-08 16:00:00,33,41.3839,2.16775
1.6,266.0,20.3,27.0,895.6,-1.0,-1.0,-1.0,-1.0,X5,2010-09-08 16:00:00,1055,40.79705,0.31822
-1.0,-1.0,24.8,26.0,-1.0,3.1,231.0,-1.0,-1.0,X6,2010-09-08 16:00:00,366,41.92173,1.02901
-1.0,-1.0,24.8,25.0,-1.0,3.6,309.0,-1.0,-1.0,X7,2010-09-08 16:00:00,215,41.51909,0.55314
3.4,129.0,23.7,43.0,1001.9,-1.0,-1.0,-1.0,-1.0,X8,2010-09-08 16:00:00,79,41.37919,2.1054
3.1,137.0,22.5,44.0,992.0,-1.0,-1.0,-1.0,-1.0,X9,2010-09-08 16:00:00,176,41.61265,2.16836
1.4,355.0,6.1,76.0,-1.0,-1.0,-1.0,-1.0,-1.0,ZB,2010-09-08 16:00:00,2451,42.51939,1.36597
-1.0,-1.0,5.7,90.0,-1.0,-1.0,-1.0,2.3,268.0,Z1,2010-09-08 16:00:00,2266,42.64691,0.98486
-1.0,-1.0,4.4,83.0,-1.0,-1.0,-1.0,2.6,230.0,Z2,2010-09-08 16:00:00,2535,42.46602,0.88405
-1.0,-1.0,6.8,84.0,-1.0,-1.0,-1.0,1.1,208.0,Z3,2010-09-08 16:00:00,2230,42.46605,1.7785
-1.0,-1.0,3.9,98.0,-1.0,-1.0,-1.0,1.3,194.0,Z4,2010-09-08 16:00:00,2364,42.42205,2.2524
-1.0,-1.0,5.7,80.0,-1.0,-1.0,-1.0,1.8,246.0,Z5,2010-09-08 16:00:00,2400,42.70029,1.27201
-1.0,-1.0,4.8,92.0,-1.0,-1.0,-1.0,0.4,345.0,Z6,2010-09-08 16:00:00,2228,42.77011,0.73198
2.1,328.0,4.9,79.0,-1.0,-1.0,-1.0,-1.0,-1.0,Z7,2010-09-08 16:00:00,2519,42.53412,1.05476
-1.0,-1.0,6.7,74.0,-1.0,-1.0,-1.0,6.5,232.0,Z8,2010-09-08 16:00:00,2316,42.18254,1.52407
5.6,224.0,8.1,75.0,-1.0,-1.0,-1.0,-1.0,-1.0,Z9,2010-09-08 16:00:00,2143,42.29265,1.71498
5.7,225.0,21.4,34.0,933.1,-1.0,-1.0,-1.0,-1.0,CA,2010-09-08 16:30:00,693,41.95378,1.5851
1.2,101.0,18.3,65.0,940.2,-1.0,-1.0,-1.0,-1.0,CC,2010-09-08 16:30:00,626,42.07398,2.20862
3.7,187.0,20.8,34.0,914.9,-1.0,-1.0,-1.0,-1.0,CD,2010-09-08 16:30:00,849,42.37083,1.43277
3.2,273.0,24.5,27.0,975.0,-1.0,-1.0,-1.0,-1.0,CE,2010-09-08 16:30:00,316,41.53109,1.80813
1.0,24.0,9.1,92.0,858.1,-1.0,-1.0,-1.0,-1.0,CG,2010-09-08 16:30:00,1405,42.37717,2.41456
0.7,108.0,13.8,87.0,916.4,-1.0,-1.0,-1.0,-1.0,CI,2010-09-08 16:30:00,852,42.25839,2.36429
4.8,177.0,23.4,34.0,945.7,-1.0,-1.0,-1.0,-1.0,CJ,2010-09-08 16:30:00,566.5,42.21624,1.33132
1.8,262.0,24.2,26.0,971.1,-1.0,-1.0,-1.0,-1.0,CL,2010-09-08 16:30:00,349,41.67399,1.76796
5.1,246.0,24.2,32.0,932.8,-1.0,-1.0,-1.0,-1.0,CP,2010-09-08 16:30:00,690,42.13924,1.03893
2.2,198.0,22.9,33.0,943.7,-1.0,-1.0,-1.0,-1.0,CQ,2010-09-08 16:30:00,594,41.99546,1.02569
0.4,219.0,17.7,65.0,913.9,-1.0,-1.0,-1.0,-1.0,CR,2010-09-08 16:30:00,873,42.08032,1.9624
1.8,162.0,20.2,45.0,917.9,-1.0,-1.0,-1.0,-1.0,CT,2010-09-08 16:30:00,823,42.39811,0.74362
1.0,27.0,15.5,60.0,899.8,-1.0,-1.0,-1.0,-1.0,CU,2010-09-08 16:30:00,1002,42.69856,0.79397
0.9,208.0,23.8,35.0,952.0,-1.0,-1.0,-1.0,-1.0,CV,2010-09-08 16:30:00,513.3,42.23939,0.96434
4.0,275.0,23.2,27.0,960.8,-1.0,-1.0,-1.0,-1.0,CW,2010-09-08 16:30:00,446,41.39241,1.09894
3.2,158.0,17.1,65.0,919.8,-1.0,-1.0,-1.0,-1.0,CY,2010-09-08 16:30:00,816,41.87813,2.17873
4.9,269.0,24.0,33.0,981.0,-1.0,-1.0,-1.0,-1.0,C6,2010-09-08 16:30:00,264,41.6566,0.95172
5.1,275.0,23.4,29.0,963.0,-1.0,-1.0,-1.0,-1.0,C7,2010-09-08 16:30:00,427,41.66695,1.16234
5.5,272.0,21.2,29.0,947.8,-1.0,-1.0,-1.0,-1.0,C8,2010-09-08 16:30:00,554,41.67555,1.29609
-1.0,-1.0,23.8,45.0,984.0,-1.0,-1.0,-1.0,-1.0,C9,2010-09-08 16:30:00,240,40.71825,0.39988
5.6,222.0,25.2,40.0,990.9,-1.0,-1.0,-1.0,-1.0,DB,2010-09-08 16:30:00,179,40.87287,0.71581
0.9,36.0,16.5,86.0,964.2,-1.0,-1.0,-1.0,-1.0,DC,2010-09-08 16:30:00,421.5,42.19144,2.48263
3.1,114.0,23.5,61.0,1007.0,-1.0,-1.0,-1.0,-1.0,DD,2010-09-08 16:30:00,44.5,41.51175,2.38674
0.5,116.0,20.5,60.0,1009.3,-1.0,-1.0,-1.0,-1.0,DF,2010-09-08 16:30:00,28.6,41.97751,3.03543
1.3,194.0,7.8,91.0,801.2,-1.0,-1.0,-1.0,-1.0,DG,2010-09-08 16:30:00,1971.4,42.39848,2.15517
3.4,286.0,24.1,31.0,964.4,-1.0,-1.0,-1.0,-1.0,DI,2010-09-08 16:30:00,415,41.43292,1.62386
0.9,187.0,19.4,65.0,992.2,-1.0,-1.0,-1.0,-1.0,DJ,2010-09-08 16:30:00,176,42.11653,2.78969
3.3,242.0,27.3,33.0,1010.4,-1.0,-1.0,-1.0,-1.0,DK,2010-09-08 16:30:00,2,41.14677,1.41846
3.5,186.0,25.2,48.0,1011.2,-1.0,-1.0,-1.0,-1.0,DL,2010-09-08 16:30:00,0.5,40.70719,0.83449
1.4,69.0,19.8,60.0,1002.1,-1.0,-1.0,-1.0,-1.0,DM,2010-09-08 16:30:00,90,41.96012,2.80696
2.0,121.0,21.1,61.0,994.8,-1.0,-1.0,-1.0,-1.0,DN,2010-09-08 16:30:00,150,41.96095,2.63108
1.7,104.0,21.7,55.0,1011.1,-1.0,-1.0,-1.0,-1.0,DO,2010-09-08 16:30:00,14,41.80857,3.03241
4.6,61.0,15.2,53.0,889.5,-1.0,-1.0,-1.0,-1.0,DP,2010-09-08 16:30:00,1097,42.38605,1.8664
3.9,309.0,24.4,25.0,978.8,-1.0,-1.0,-1.0,-1.0,DQ,2010-09-08 16:30:00,287,41.30728,1.36259
-1.0,-1.0,24.6,22.0,965.5,-1.0,-1.0,-1.0,-1.0,D1,2010-09-08 16:30:00,404,41.28521,0.75383
-1.0,-1.0,22.0,47.0,972.3,-1.0,-1.0,-1.0,-1.0,D2,2010-09-08 16:30:00,343,41.59252,1.915
3.7,90.0,23.8,41.0,982.0,-1.0,-1.0,-1.0,-1.0,D3,2010-09-08 16:30:00,252,41.38197,1.93564
2.0,194.0,22.1,43.0,1009.4,-1.0,-1.0,-1.0,-1.0,D4,2010-09-08 16:30:00,24,42.27065,3.18165
3.1,130.0,21.1,47.0,965.3,-1.0,-1.0,-1.0,-1.0,D5,2010-09-08 16:30:00,411.2,41.41843,2.12388
4.7,216.0,21.0,41.0,989.1,-1.0,-1.0,-1.0,-1.0,D6,2010-09-08 16:30:00,196,42.43515,3.16622
3.2,290.0,28.0,17.0,1005.2,-1.0,-1.0,-1.0,-1.0,D7,2010-09-08 16:30:00,53,41.18499,0.59376
3.6,340.0,24.0,22.0,953.4,-1.0,-1.0,-1.0,-1.0,D8,2010-09-08 16:30:00,515,40.95134,0.30565
1.4,208.0,26.6,30.0,1004.4,-1.0,-1.0,-1.0,-1.0,D9,2010-09-08 16:30:00,59,41.21553,1.52121
3.8,283.0,24.2,33.0,973.3,-1.0,-1.0,-1.0,-1.0,H1,2010-09-08 16:30:00,333,41.58642,1.65306
2.7,209.0,26.2,30.0,986.7,-1.0,-1.0,-1.0,-1.0,R1,2010-09-08 16:30:00,210,41.70637,1.87276
3.9,270.0,26.8,20.0,998.0,-1.0,-1.0,-1.0,-1.0,VQ,2010-09-08 16:30:00,112,41.1713,1.16774
2.9,227.0,6.2,82.0,775.5,-1.0,-1.0,-1.0,-1.0,VS,2010-09-08 16:30:00,2247,42.63835,0.77889
-1.0,-1.0,23.5,48.0,1007.0,-1.0,-1.0,3.5,104.0,WU,2010-09-08 16:30:00,42,41.45215,2.24757
2.6,193.0,26.8,33.0,1009.0,-1.0,-1.0,-1.0,-1.0,WZ,2010-09-08 16:30:00,17,41.20187,1.63346
4.5,290.0,19.9,34.0,924.0,-1.0,-1.0,-1.0,-1.0,XA,2010-09-08 16:30:00,785,41.60257,1.4007
4.0,116.0,25.0,37.0,995.1,-1.0,-1.0,-1.0,-1.0,XC,2010-09-08 16:30:00,147,41.47892,1.97546
3.8,294.0,22.4,24.0,934.2,-1.0,-1.0,-1.0,-1.0,XD,2010-09-08 16:30:00,687,41.32,0.8857
4.2,257.0,28.0,21.0,1010.6,-1.0,-1.0,-1.0,-1.0,XE,2010-09-08 16:30:00,5,41.10393,1.201
3.3,114.0,22.0,50.0,982.3,-1.0,-1.0,-1.0,-1.0,XF,2010-09-08 16:30:00,258,41.56568,2.06952
3.8,120.0,22.6,47.0,998.4,-1.0,-1.0,-1.0,-1.0,XG,2010-09-08 16:30:00,123,41.56734,2.22619
-1.0,-1.0,19.6,51.0,934.3,-1.0,-1.0,-1.0,-1.0,XH,2010-09-08 16:30:00,679,42.40533,1.12993
3.0,106.0,23.4,45.0,1002.2,-1.0,-1.0,-1.0,-1.0,X8,2010-09-08 16:30:00,79,41.37919,2.1054
2.2,247.0,5.8,75.0,-1.0,-1.0,-1.0,-1.0,-1.0,ZB,2010-09-08 16:30:00,2451,42.51939,1.36597
-1.0,-1.0,5.0,95.0,-1.0,-1.0,-1.0,2.2,268.0,Z1,2010-09-08 16:30:00,2266,42.64691,0.98486
-1.0,-1.0,4.0,89.0,-1.0,-1.0,-1.0,1.7,214.0,Z2,2010-09-08 16:30:00,2535,42.46602,0.88405
-1.0,-1.0,6.4,84.0,-1.0,-1.0,-1.0,1.0,204.0,Z3,2010-09-08 16:30:00,2230,42.46605,1.7785
-1.0,-1.0,4.5,97.0,-1.0,-1.0,-1.0,2.9,258.0,Z4,2010-09-08 16:30:00,2364,42.42205,2.2524
-1.0,-1.0,5.7,81.0,-1.0,-1.0,-1.0,1.4,262.0,Z5,2010-09-08 16:30:00,2400,42.70029,1.27201
-1.0,-1.0,4.0,96.0,-1.0,-1.0,-1.0,0.6,23.0,Z6,2010-09-08 16:30:00,2228,42.77011,0.73198
1.8,330.0,4.7,80.0,-1.0,-1.0,-1.0,-1.0,-1.0,Z7,2010-09-08 16:30:00,2519,42.53412,1.05476
-1.0,-1.0,6.1,78.0,-1.0,-1.0,-1.0,6.8,238.0,Z8,2010-09-08 16:30:00,2316,42.18254,1.52407
5.5,221.0,7.6,77.0,-1.0,-1.0,-1.0,-1.0,-1.0,Z9,2010-09-08 16:30:00,2143,42.29265,1.71498
5.6,227.0,21.0,35.0,933.3,-1.0,-1.0,-1.0,-1.0,CA,2010-09-08 17:00:00,693,41.95378,1.5851
1.1,137.0,17.7,70.0,940.5,-1.0,-1.0,-1.0,-1.0,CC,2010-09-08 17:00:00,626,42.07398,2.20862
2.5,197.0,19.9,36.0,915.1,-1.0,-1.0,-1.0,-1.0,CD,2010-09-08 17:00:00,849,42.37083,1.43277
1.9,98.0,22.4,44.0,975.3,-1.0,-1.0,-1.0,-1.0,CE,2010-09-08 17:00:00,316,41.53109,1.80813
0.5,347.0,9.1,92.0,858.3,-1.0,-1.0,-1.0,-1.0,CG,2010-09-08 17:00:00,1405,42.37717,2.41456
0.6,140.0,13.8,86.0,916.7,-1.0,-1.0,-1.0,-1.0,CI,2010-09-08 17:00:00,852,42.25839,2.36429
3.5,195.0,22.7,35.0,946.0,-1.0,-1.0,-1.0,-1.0,CJ,2010-09-08 17:00:00,566.5,42.21624,1.33132
1.5,248.0,23.2,28.0,971.3,-1.0,-1.0,-1.0,-1.0,CL,2010-09-08 17:00:00,349,41.67399,1.76796
5.3,253.0,22.4,35.0,933.1,-1.0,-1.0,-1.0,-1.0,CP,2010-09-08 17:00:00,690,42.13924,1.03893
2.1,192.0,21.8,35.0,944.1,-1.0,-1.0,-1.0,-1.0,CQ,2010-09-08 17:00:00,594,41.99546,1.02569
1.0,194.0,18.2,58.0,914.2,-1.0,-1.0,-1.0,-1.0,CR,2010-09-08 17:00:00,873,42.08032,1.9624
1.5,150.0,19.5,48.0,918.1,-1.0,-1.0,-1.0,-1.0,CT,2010-09-08 17:00:00,823,42.39811,0.74362
1.5,29.0,14.5,68.0,900.2,-1.0,-1.0,-1.0,-1.0,CU,2010-09-08 17:00:00,1002,42.69856,0.79397
1.1,191.0,22.8,36.0,952.3,-1.0,-1.0,-1.0,-1.0,CV,2010-09-08 17:00:00,513.3,42.23939,0.96434
4.6,274.0,23.0,25.0,961.0,-1.0,-1.0,-1.0,-1.0,CW,2010-09-08 17:00:00,446,41.39241,1.09894
3.2,156.0,16.6,68.0,920.1,-1.0,-1.0,-1.0,-1.0,CY,2010-09-08 17:00:00,816,41.87813,2.17873
4.0,260.0,23.2,35.0,981.4,-1.0,-1.0,-1.0,-1.0,C6,2010-09-08 17:00:00,264,41.6566,0.95172
4.9,275.0,23.0,30.0,963.3,-1.0,-1.0,-1.0,-1.0,C7,2010-09-08 17:00:00,427,41.66695,1.16234
5.2,276.0,20.7,30.0,948.0,-1.0,-1.0,-1.0,-1.0,C8,2010-09-08 17:00:00,554,41.67555,1.29609
-1.0,-1.0,23.2,50.0,984.3,-1.0,-1.0,-1.0,-1.0,C9,2010-09-08 17:00:00,240,40.71825,0.39988
4.4,221.0,24.5,44.0,991.2,-1.0,-1.0,-1.0,-1.0,DB,2010-09-08 17:00:00,179,40.87287,0.71581
0.9,23.0,16.3,87.0,964.5,-1.0,-1.0,-1.0,-1.0,DC,2010-09-08 17:00:00,421.5,42.19144,2.48263
2.2,120.0,23.1,59.0,1007.2,-1.0,-1.0,-1.0,-1.0,DD,2010-09-08 17:00:00,44.5,41.51175,2.38674
0.7,171.0,20.5,60.0,1009.6,-1.0,-1.0,-1.0,-1.0,DF,2010-09-08 17:00:00,28.6,41.97751,3.03543
1.3,244.0,7.9,90.0,801.2,-1.0,-1.0,-1.0,-1.0,DG,2010-09-08 17:00:00,1971.4,42.39848,2.15517
2.6,321.0,23.3,33.0,964.5,-1.0,-1.0,-1.0,-1.0,DI,2010-09-08 17:00:00,415,41.43292,1.62386
0.9,264.0,19.4,68.0,992.5,-1.0,-1.0,-1.0,-1.0,DJ,2010-09-08 17:00:00,176,42.11653,2.78969
3.7,259.0,27.7,23.0,1010.5,-1.0,-1.0,-1.0,-1.0,DK,2010-09-08 17:00:00,2,41.14677,1.41846
2.4,202.0,24.1,54.0,1011.5,-1.0,-1.0,-1.0,-1.0,DL,2010-09-08 17:00:00,0.5,40.70719,0.83449
0.6,85.0,20.0,60.0,1002.3,-1.0,-1.0,-1.0,-1.0,DM,2010-09-08 17:00:00,90,41.96012,2.80696
0.9,60.0,20.1,63.0,995.2,-1.0,-1.0,-1.0,-1.0,DN,2010-09-08 17:00:00,150,41.96095,2.63108
1.6,102.0,21.4,59.0,1011.3,-1.0,-1.0,-1.0,-1.0,DO,2010-09-08 17:00:00,14,41.80857,3.03241
3.9,65.0,14.7,57.0,889.7,-1.0,-1.0,-1.0,-1.0,DP,2010-09-08 17:00:00,1097,42.38605,1.8664
3.5,301.0,24.0,26.0,979.0,-1.0,-1.0,-1.0,-1.0,DQ,2010-09-08 17:00:00,287,41.30728,1.36259
-1.0,-1.0,24.2,21.0,965.8,-1.0,-1.0,-1.0,-1.0,D1,2010-09-08 17:00:00,404,41.28521,0.75383
-1.0,-1.0,21.0,51.0,972.6,-1.0,-1.0,-1.0,-1.0,D2,2010-09-08 17:00:00,343,41.59252,1.915
2.6,38.0,23.8,42.0,982.3,-1.0,-1.0,-1.0,-1.0,D3,2010-09-08 17:00:00,252,41.38197,1.93564
2.2,205.0,21.2,55.0,1009.9,-1.0,-1.0,-1.0,-1.0,D4,2010-09-08 17:00:00,24,42.27065,3.18165
3.0,121.0,20.1,51.0,965.5,-1.0,-1.0,-1.0,-1.0,D5,2010-09-08 17:00:00,411.2,41.41843,2.12388
7.2,231.0,20.6,48.0,989.4,-1.0,-1.0,-1.0,-1.0,D6,2010-09-08 17:00:00,196,42.43515,3.16622
3.1,300.0,26.8,18.0,1005.5,-1.0,-1.0,-1.0,-1.0,D7,2010-09-08 17:00:00,53,41.18499,0.59376
3.5,336.0,23.0,23.0,953.7,-1.0,-1.0,-1.0,-1.0,D8,2010-09-08 17:00:00,515,40.95134,0.30565
1.7,346.0,26.6,27.0,1004.4,-1.0,-1.0,-1.0,-1.0,D9,2010-09-08 17:00:00,59,41.21553,1.52121
2.9,290.0,23.6,33.0,973.5,-1.0,-1.0,-1.0,-1.0,H1,2010-09-08 17:00:00,333,41.58642,1.65306
2.4,170.0,23.8,40.0,987.1,-1.0,-1.0,-1.0,-1.0,R1,2010-09-08 17:00:00,210,41.70637,1.87276
-1.0,-1.0,23.6,50.0,-1.0,1.8,202.0,-1.0,-1.0,UA,2010-09-08 17:00:00,93,40.9091,0.76943
-1.0,-1.0,19.6,69.0,-1.0,0.2,278.0,-1.0,-1.0,UB,2010-09-08 17:00:00,15,42.05398,3.06195
-1.0,-1.0,19.7,70.0,-1.0,0.5,212.0,-1.0,-1.0,UC,2010-09-08 17:00:00,60,41.97726,2.99705
-1.0,-1.0,20.2,65.0,-1.0,-1.0,-1.0,-1.0,-1.0,UD,2010-09-08 17:00:00,12,42.02895,3.06227
-1.0,-1.0,20.6,74.0,-1.0,-1.0,-1.0,-1.0,-1.0,UE,2010-09-08 17:00:00,4,42.02306,3.15719
-1.0,-1.0,20.7,43.0,-1.0,2.6,243.0,-1.0,-1.0,UF,2010-09-08 17:00:00,573,41.28832,1.90775
-1.0,-1.0,25.5,44.0,-1.0,0.9,136.0,-1.0,-1.0,UG,2010-09-08 17:00:00,3,41.29928,2.03787
-1.0,-1.0,20.8,32.0,-1.0,1.0,264.0,2.2,273.0,UH,2010-09-08 17:00:00,545,41.34171,1.48769
-1.0,-1.0,11.9,83.0,-1.0,0.0,271.0,-1.0,-1.0,UI,2010-09-08 17:00:00,1386,42.26477,1.76218
-1.0,-1.0,19.5,35.0,-1.0,2.0,275.0,3.9,276.0,UJ,2010-09-08 17:00:00,709,41.52879,1.3683
-1.0,-1.0,24.4,35.0,-1.0,0.6,212.0,-1.0,-1.0,UK,2010-09-08 17:00:00,161,41.27861,1.80479
-1.0,-1.0,23.3,29.0,-1.0,1.1,286.0,-1.0,-1.0,UL,2010-09-08 17:00:00,228,41.52911,0.75303
-1.0,-1.0,21.9,24.0,-1.0,2.4,291.0,-1.0,-1.0,UM,2010-09-08 17:00:00,505,41.35991,0.66789
-1.0,-1.0,19.9,64.0,-1.0,0.8,115.0,-1.0,-1.0,UN,2010-09-08 17:00:00,171,41.87449,2.92694
-1.0,-1.0,20.5,64.0,-1.0,-1.0,-1.0,-1.0,-1.0,UO,2010-09-08 17:00:00,97,41.91461,2.82069
1.8,136.0,23.0,54.0,1003.0,-1.0,-1.0,-1.0,-1.0,UP,2010-09-08 17:00:00,81,41.51773,2.37702
-1.0,-1.0,18.0,78.0,-1.0,1.9,119.0,-1.0,-1.0,UQ,2010-09-08 17:00:00,460,41.61991,2.44532
-1.0,-1.0,24.4,52.0,-1.0,0.8,183.0,-1.0,-1.0,US,2010-09-08 17:00:00,24,40.55786,0.52329
3.0,188.0,23.6,54.0,1012.0,-1.0,-1.0,-1.0,-1.0,UU,2010-09-08 17:00:00,3,40.70776,0.6321
-1.0,-1.0,23.3,48.0,-1.0,1.7,216.0,-1.0,-1.0,UV,2010-09-08 17:00:00,205,40.71727,0.41633
-1.0,-1.0,24.0,54.0,1012.0,3.6,203.0,-1.0,-1.0,UW,2010-09-08 17:00:00,0,40.62725,0.65922
-1.0,-1.0,23.0,51.0,-1.0,1.0,159.0,-1.0,-1.0,UX,2010-09-08 17:00:00,210,40.62652,0.37112
-1.0,-1.0,21.5,32.0,-1.0,1.6,267.0,3.3,272.0,UY,2010-09-08 17:00:00,576,41.87912,0.76103
-1.0,-1.0,18.9,77.0,-1.0,0.8,255.0,-1.0,-1.0,U1,2010-09-08 17:00:00,31,42.30648,2.95481
1.1,261.0,19.4,76.0,1013.0,-1.0,-1.0,-1.0,-1.0,U2,2010-09-08 17:00:00,4,42.17716,3.0968
-1.0,-1.0,22.8,38.0,-1.0,0.7,250.0,-1.0,-1.0,U3,2010-09-08 17:00:00,257,41.37491,1.63032
3.6,227.0,21.6,36.0,-1.0,1.9,232.0,-1.0,-1.0,U4,2010-09-08 17:00:00,507,41.83094,1.84699
-1.0,-1.0,17.4,32.0,-1.0,1.0,222.0,-1.0,-1.0,U5,2010-09-08 17:00:00,969,41.31349,0.99611
-1.0,-1.0,24.1,45.0,-1.0,1.3,211.0,-1.0,-1.0,U6,2010-09-08 17:00:00,29,41.08017,1.06661
-1.0,-1.0,25.1,39.0,-1.0,0.6,177.0,-1.0,-1.0,U7,2010-09-08 17:00:00,52,40.85936,0.50525
-1.0,-1.0,24.1,47.0,-1.0,1.4,172.0,-1.0,-1.0,U9,2010-09-08 17:00:00,62,40.76947,0.61635
-1.0,-1.0,23.7,22.0,-1.0,1.3,319.0,-1.0,-1.0,VA,2010-09-08 17:00:00,257,41.19645,0.51161
3.8,298.0,26.0,19.0,-1.0,-1.0,-1.0,-1.0,-1.0,VB,2010-09-08 17:00:00,32,41.06289,0.63517
-1.0,-1.0,26.0,21.0,-1.0,3.8,283.0,-1.0,-1.0,VC,2010-09-08 17:00:00,69,41.24415,0.43266
-1.0,-1.0,21.8,30.0,-1.0,4.2,273.0,-1.0,-1.0,VD,2010-09-08 17:00:00,429,41.68939,1.20381
-1.0,-1.0,25.8,25.0,-1.0,1.4,308.0,-1.0,-1.0,VE,2010-09-08 17:00:00,97,41.48692,0.46058
-1.0,-1.0,23.8,28.0,-1.0,0.5,262.0,-1.0,-1.0,VF,2010-09-08 17:00:00,122,41.56482,0.54999
-1.0,-1.0,22.6,31.0,-1.0,2.2,283.0,-1.0,-1.0,VH,2010-09-08 17:00:00,259,41.65814,0.39301
-1.0,-1.0,24.4,23.0,-1.0,2.9,276.0,-1.0,-1.0,VJ,2010-09-08 17:00:00,161,41.59957,0.6478
3.7,267.0,22.7,34.0,979.5,-1.0,-1.0,-1.0,-1.0,VK,2010-09-08 17:00:00,286,41.68328,0.4487
1.5,296.0,25.2,23.0,-1.0,0.5,278.0,-1.0,-1.0,VL,2010-09-08 17:00:00,100,41.46014,0.40562
-1.0,-1.0,23.2,29.0,-1.0,3.5,271.0,-1.0,-1.0,VM,2010-09-08 17:00:00,222,41.7145,0.62839
-1.0,-1.0,20.8,61.0,-1.0,-1.0,-1.0,-1.0,-1.0,VN,2010-09-08 17:00:00,117,41.88244,2.74262
-1.0,-1.0,19.9,36.0,-1.0,1.4,222.0,-1.0,-1.0,VO,2010-09-08 17:00:00,785,42.08745,1.42792
-1.0,-1.0,20.0,37.0,-1.0,3.0,252.0,4.1,261.0,VP,2010-09-08 17:00:00,659,41.80483,1.53853
3.9,248.0,26.0,25.0,998.0,-1.0,-1.0,-1.0,-1.0,VQ,2010-09-08 17:00:00,112,41.1713,1.16774
-1.0,-1.0,22.8,36.0,-1.0,0.8,256.0,-1.0,-1.0,VR,2010-09-08 17:00:00,291,41.68994,1.04401
2.5,40.0,5.2,94.0,775.7,-1.0,-1.0,-1.0,-1.0,VS,2010-09-08 17:00:00,2247,42.63835,0.77889
-1.0,-1.0,22.7,45.0,-1.0,1.2,113.0,-1.0,-1.0,VT,2010-09-08 17:00:00,84,41.48401,2.12745
-1.0,-1.0,19.7,52.0,-1.0,1.4,95.0,-1.0,-1.0,VU,2010-09-08 17:00:00,421,41.63286,1.91718
0.8,197.0,18.6,56.0,-1.0,-1.0,-1.0,-1.0,-1.0,VV,2010-09-08 17:00:00,528,41.68129,2.02647
-1.0,-1.0,14.0,90.0,-1.0,1.8,158.0,-1.0,-1.0,VX,2010-09-08 17:00:00,1030,41.74761,2.30291
-1.0,-1.0,24.5,24.0,-1.0,-1.0,-1.0,-1.0,-1.0,VY,2010-09-08 17:00:00,240,41.25095,1.29863
-1.0,-1.0,19.6,64.0,-1.0,-1.0,-1.0,-1.0,-1.0,VZ,2010-09-08 17:00:00,83,42.38443,3.00736
-1.0,-1.0,23.9,29.0,-1.0,3.0,258.0,-1.0,-1.0,V1,2010-09-08 17:00:00,238,41.78487,0.82939
-1.0,-1.0,18.9,67.0,-1.0,1.1,148.0,-1.0,-1.0,V3,2010-09-08 17:00:00,509,41.95224,2.23271
-1.0,-1.0,16.9,72.0,935.0,-1.0,-1.0,0.3,74.0,V4,2010-09-08 17:00:00,684,42.11477,2.21483
-1.0,-1.0,16.4,73.0,-1.0,2.8,118.0,3.1,112.0,V5,2010-09-08 17:00:00,774,42.03947,2.11993
-1.0,-1.0,22.2,35.0,-1.0,1.0,258.0,-1.0,-1.0,V8,2010-09-08 17:00:00,223,41.67279,0.87741
-1.0,-1.0,22.0,31.0,-1.0,4.8,249.0,-1.0,-1.0,WA,2010-09-08 17:00:00,443,41.87694,1.1541
-1.0,-1.0,22.4,30.0,-1.0,3.8,264.0,-1.0,-1.0,WB,2010-09-08 17:00:00,267,41.76036,0.67022
-1.0,-1.0,22.7,31.0,-1.0,1.7,284.0,-1.0,-1.0,WC,2010-09-08 17:00:00,261,41.63642,0.92446
-1.0,-1.0,23.1,23.0,-1.0,1.8,338.0,-1.0,-1.0,WD,2010-09-08 17:00:00,382,41.08671,0.31884
-1.0,-1.0,21.3,65.0,-1.0,0.4,107.0,-1.0,-1.0,WE,2010-09-08 17:00:00,126,41.5444,2.30014
-1.0,-1.0,18.6,72.0,-1.0,-1.0,-1.0,-1.0,-1.0,WF,2010-09-08 17:00:00,108,41.95425,2.77578
-1.0,-1.0,22.7,30.0,-1.0,2.5,250.0,-1.0,-1.0,WG,2010-09-08 17:00:00,301,41.80104,0.64804
-1.0,-1.0,23.2,22.0,-1.0,1.7,313.0,-1.0,-1.0,WI,2010-09-08 17:00:00,350,41.35741,0.4809
-1.0,-1.0,25.2,19.0,-1.0,2.3,326.0,-1.0,-1.0,WJ,2010-09-08 17:00:00,141,41.1223,0.72182
-1.0,-1.0,22.6,31.0,-1.0,1.7,281.0,-1.0,-1.0,WK,2010-09-08 17:00:00,268,41.81949,0.57768
-1.0,-1.0,22.3,28.0,-1.0,2.4,272.0,-1.0,-1.0,WL,2010-09-08 17:00:00,413,41.57236,1.0882
2.4,228.0,15.6,52.0,-1.0,-1.0,-1.0,-1.0,-1.0,WM,2010-09-08 17:00:00,1167,42.10736,1.8267
-1.0,-1.0,15.9,63.0,-1.0,-1.0,-1.0,3.0,180.0,WN,2010-09-08 17:00:00,916,41.59539,1.83751
-1.0,-1.0,25.0,24.0,-1.0,-1.0,-1.0,-1.0,-1.0,WO,2010-09-08 17:00:00,185,41.27151,1.46717
-1.0,-1.0,22.8,31.0,-1.0,1.4,329.0,-1.0,-1.0,WP,2010-09-08 17:00:00,325,41.48518,1.69337
7.8,261.0,12.2,55.0,841.4,-1.0,-1.0,-1.0,-1.0,WQ,2010-09-08 17:00:00,1572,42.0513,0.72952
-1.0,-1.0,24.2,18.0,-1.0,0.8,262.0,-1.0,-1.0,WR,2010-09-08 17:00:00,300,41.2163,0.79748
2.7,109.0,13.8,89.0,906.0,-1.0,-1.0,-1.0,-1.0,WS,2010-09-08 17:00:00,953,41.84008,2.41877
4.6,147.0,22.2,66.0,1013.0,-1.0,-1.0,-1.0,-1.0,WT,2010-09-08 17:00:00,2,41.64707,2.75658
-1.0,-1.0,23.4,48.0,1007.0,-1.0,-1.0,3.2,98.0,WU,2010-09-08 17:00:00,42,41.45215,2.24757
1.7,336.0,16.6,71.0,924.0,-1.0,-1.0,-1.0,-1.0,WV,2010-09-08 17:00:00,788,42.23414,1.87485
-1.0,-1.0,21.7,50.0,-1.0,-1.0,-1.0,-1.0,-1.0,WW,2010-09-08 17:00:00,278,41.79423,1.9368
-1.0,-1.0,20.7,32.0,-1.0,3.0,260.0,-1.0,-1.0,WX,2010-09-08 17:00:00,668,41.9178,0.88175
-1.0,-1.0,24.2,39.0,-1.0,1.4,17.0,-1.0,-1.0,WY,2010-09-08 17:00:00,164,41.43386,1.79429
2.3,184.0,26.8,33.0,1009.0,-1.0,-1.0,-1.0,-1.0,WZ,2010-09-08 17:00:00,17,41.20187,1.63346
-1.0,-1.0,19.5,73.0,-1.0,-1.0,-1.0,-1.0,-1.0,W1,2010-09-08 17:00:00,2,42.24726,3.09021
-1.0,-1.0,19.0,81.0,-1.0,-1.0,-1.0,-1.0,-1.0,W2,2010-09-08 17:00:00,7,42.18259,3.05783
-1.0,-1.0,19.6,78.0,-1.0,-1.0,-1.0,-1.0,-1.0,W3,2010-09-08 17:00:00,4,42.15006,3.06494
-1.0,-1.0,23.8,36.0,-1.0,1.1,232.0,-1.0,-1.0,W4,2010-09-08 17:00:00,240,41.36619,1.72857
-1.0,-1.0,21.9,33.0,-1.0,3.0,196.0,-1.0,-1.0,W5,2010-09-08 17:00:00,490,42.07683,1.31489
-1.0,-1.0,23.4,42.0,-1.0,1.5,218.0,-1.0,-1.0,W6,2010-09-08 17:00:00,158,41.13738,1.0187
-1.0,-1.0,21.7,31.0,-1.0,-1.0,-1.0,-1.0,-1.0,W8,2010-09-08 17:00:00,438,41.44237,1.15998
-1.0,-1.0,16.1,91.0,-1.0,0.2,4.0,-1.0,-1.0,W9,2010-09-08 17:00:00,461,42.14557,2.45451
5.1,291.0,19.3,34.0,924.2,-1.0,-1.0,-1.0,-1.0,XA,2010-09-08 17:00:00,785,41.60257,1.4007
-1.0,-1.0,20.6,35.0,-1.0,-1.0,-1.0,-1.0,-1.0,XB,2010-09-08 17:00:00,584,41.4779,1.53529
4.0,98.0,23.9,40.0,995.4,-1.0,-1.0,-1.0,-1.0,XC,2010-09-08 17:00:00,147,41.47892,1.97546
4.2,288.0,22.0,22.0,934.5,-1.0,-1.0,-1.0,-1.0,XD,2010-09-08 17:00:00,687,41.32,0.8857
4.1,225.0,26.2,39.0,1010.9,-1.0,-1.0,-1.0,-1.0,XE,2010-09-08 17:00:00,5,41.10393,1.201
2.9,109.0,21.7,51.0,982.5,-1.0,-1.0,-1.0,-1.0,XF,2010-09-08 17:00:00,258,41.56568,2.06952
2.9,120.0,22.2,57.0,998.7,-1.0,-1.0,-1.0,-1.0,XG,2010-09-08 17:00:00,123,41.56734,2.22619
-1.0,-1.0,18.5,56.0,934.5,-1.0,-1.0,-1.0,-1.0,XH,2010-09-08 17:00:00,679,42.40533,1.12993
-1.0,-1.0,22.8,29.0,984.0,2.3,276.0,-1.0,-1.0,XI,2010-09-08 17:00:00,247,41.61817,0.87182
3.9,302.0,23.6,23.0,971.6,-1.0,-1.0,-1.0,-1.0,X1,2010-09-08 17:00:00,359,41.15374,0.81953
-1.0,-1.0,24.0,49.0,-1.0,-1.0,-1.0,-1.0,-1.0,X2,2010-09-08 17:00:00,7,41.38943,2.18847
6.5,269.0,21.8,34.0,969.0,-1.0,-1.0,-1.0,-1.0,X3,2010-09-08 17:00:00,370,41.74281,0.5358
2.4,107.0,24.0,49.0,1008.0,-1.0,-1.0,-1.0,-1.0,X4,2010-09-08 17:00:00,33,41.3839,2.16775
1.3,268.0,18.2,31.0,896.1,-1.0,-1.0,-1.0,-1.0,X5,2010-09-08 17:00:00,1055,40.79705,0.31822
-1.0,-1.0,23.0,29.0,-1.0,2.8,228.0,-1.0,-1.0,X6,2010-09-08 17:00:00,366,41.92173,1.02901
-1.0,-1.0,23.7,25.0,-1.0,3.6,310.0,-1.0,-1.0,X7,2010-09-08 17:00:00,215,41.51909,0.55314
2.9,99.0,22.7,48.0,1002.3,-1.0,-1.0,-1.0,-1.0,X8,2010-09-08 17:00:00,79,41.37919,2.1054
1.7,130.0,21.4,56.0,993.0,-1.0,-1.0,-1.0,-1.0,X9,2010-09-08 17:00:00,176,41.61265,2.16836
1.3,327.0,5.6,78.0,-1.0,-1.0,-1.0,-1.0,-1.0,ZB,2010-09-08 17:00:00,2451,42.51939,1.36597
-1.0,-1.0,4.4,99.0,-1.0,-1.0,-1.0,2.3,290.0,Z1,2010-09-08 17:00:00,2266,42.64691,0.98486
-1.0,-1.0,3.7,93.0,-1.0,-1.0,-1.0,2.5,225.0,Z2,2010-09-08 17:00:00,2535,42.46602,0.88405
-1.0,-1.0,6.1,85.0,-1.0,-1.0,-1.0,0.9,220.0,Z3,2010-09-08 17:00:00,2230,42.46605,1.7785
-1.0,-1.0,4.7,95.0,-1.0,-1.0,-1.0,2.7,224.0,Z4,2010-09-08 17:00:00,2364,42.42205,2.2524
-1.0,-1.0,5.1,86.0,-1.0,-1.0,-1.0,1.8,304.0,Z5,2010-09-08 17:00:00,2400,42.70029,1.27201
-1.0,-1.0,3.8,97.0,-1.0,-1.0,-1.0,0.4,29.0,Z6,2010-09-08 17:00:00,2228,42.77011,0.73198
1.5,348.0,4.6,81.0,-1.0,-1.0,-1.0,-1.0,-1.0,Z7,2010-09-08 17:00:00,2519,42.53412,1.05476
-1.0,-1.0,5.7,81.0,-1.0,-1.0,-1.0,6.0,239.0,Z8,2010-09-08 17:00:00,2316,42.18254,1.52407
5.3,221.0,7.3,77.0,-1.0,-1.0,-1.0,-1.0,-1.0,Z9,2010-09-08 17:00:00,2143,42.29265,1.71498
5.2,226.0,19.8,38.0,933.5,-1.0,-1.0,-1.0,-1.0,CA,2010-09-08 17:30:00,693,41.95378,1.5851
1.3,168.0,17.0,73.0,940.8,-1.0,-1.0,-1.0,-1.0,CC,2010-09-08 17:30:00,626,42.07398,2.20862
1.5,208.0,19.5,38.0,915.4,-1.0,-1.0,-1.0,-1.0,CD,2010-09-08 17:30:00,849,42.37083,1.43277
1.7,82.0,20.9,50.0,975.7,-1.0,-1.0,-1.0,-1.0,CE,2010-09-08 17:30:00,316,41.53109,1.80813
0.8,204.0,9.0,93.0,858.4,-1.0,-1.0,-1.0,-1.0,CG,2010-09-08 17:30:00,1405,42.37717,2.41456
0.4,118.0,13.5,87.0,916.8,-1.0,-1.0,-1.0,-1.0,CI,2010-09-08 17:30:00,852,42.25839,2.36429
4.1,192.0,21.9,36.0,946.3,-1.0,-1.0,-1.0,-1.0,CJ,2010-09-08 17:30:00,566.5,42.21624,1.33132
0.9,221.0,22.1,30.0,971.6,-1.0,-1.0,-1.0,-1.0,CL,2010-09-08 17:30:00,349,41.67399,1.76796
4.1,264.0,20.8,38.0,933.4,-1.0,-1.0,-1.0,-1.0,CP,2010-09-08 17:30:00,690,42.13924,1.03893
1.8,188.0,20.9,36.0,944.4,-1.0,-1.0,-1.0,-1.0,CQ,2010-09-08 17:30:00,594,41.99546,1.02569
2.2,64.0,15.9,77.0,914.5,-1.0,-1.0,-1.0,-1.0,CR,2010-09-08 17:30:00,873,42.08032,1.9624
2.4,153.0,18.9,48.0,918.4,-1.0,-1.0,-1.0,-1.0,CT,2010-09-08 17:30:00,823,42.39811,0.74362
1.1,21.0,13.3,76.0,900.8,-1.0,-1.0,-1.0,-1.0,CU,2010-09-08 17:30:00,1002,42.69856,0.79397
0.9,187.0,22.0,38.0,952.5,-1.0,-1.0,-1.0,-1.0,CV,2010-09-08 17:30:00,513.3,42.23939,0.96434
5.1,273.0,22.2,26.0,961.1,-1.0,-1.0,-1.0,-1.0,CW,2010-09-08 17:30:00,446,41.39241,1.09894
2.1,172.0,16.4,66.0,920.5,-1.0,-1.0,-1.0,-1.0,CY,2010-09-08 17:30:00,816,41.87813,2.17873
3.1,249.0,21.6,39.0,981.6,-1.0,-1.0,-1.0,-1.0,C6,2010-09-08 17:30:00,264,41.6566,0.95172
4.4,276.0,22.1,32.0,963.4,-1.0,-1.0,-1.0,-1.0,C7,2010-09-08 17:30:00,427,41.66695,1.16234
4.5,276.0,20.0,32.0,948.2,-1.0,-1.0,-1.0,-1.0,C8,2010-09-08 17:30:00,554,41.67555,1.29609
-1.0,-1.0,22.6,55.0,984.4,-1.0,-1.0,-1.0,-1.0,C9,2010-09-08 17:30:00,240,40.71825,0.39988
3.6,220.0,23.0,48.0,991.5,-1.0,-1.0,-1.0,-1.0,DB,2010-09-08 17:30:00,179,40.87287,0.71581
0.4,41.0,16.1,88.0,964.5,-1.0,-1.0,-1.0,-1.0,DC,2010-09-08 17:30:00,421.5,42.19144,2.48263
1.4,108.0,22.7,53.0,1007.3,-1.0,-1.0,-1.0,-1.0,DD,2010-09-08 17:30:00,44.5,41.51175,2.38674
0.3,189.0,20.3,61.0,1009.7,-1.0,-1.0,-1.0,-1.0,DF,2010-09-08 17:30:00,28.6,41.97751,3.03543
2.9,201.0,7.9,85.0,801.3,-1.0,-1.0,-1.0,-1.0,DG,2010-09-08 17:30:00,1971.4,42.39848,2.15517
2.9,317.0,22.2,35.0,964.8,-1.0,-1.0,-1.0,-1.0,DI,2010-09-08 17:30:00,415,41.43292,1.62386
1.6,302.0,19.1,73.0,992.7,-1.0,-1.0,-1.0,-1.0,DJ,2010-09-08 17:30:00,176,42.11653,2.78969
4.4,245.0,25.6,43.0,1011.1,-1.0,-1.0,-1.0,-1.0,DK,2010-09-08 17:30:00,2,41.14677,1.41846
1.9,205.0,22.7,59.0,1011.7,-1.0,-1.0,-1.0,-1.0,DL,2010-09-08 17:30:00,0.5,40.70719,0.83449
1.4,313.0,20.2,59.0,1002.5,-1.0,-1.0,-1.0,-1.0,DM,2010-09-08 17:30:00,90,41.96012,2.80696
0.2,293.0,19.5,69.0,995.3,-1.0,-1.0,-1.0,-1.0,DN,2010-09-08 17:30:00,150,41.96095,2.63108
0.9,108.0,20.6,61.0,1011.4,-1.0,-1.0,-1.0,-1.0,DO,2010-09-08 17:30:00,14,41.80857,3.03241
2.7,49.0,14.3,61.0,890.0,-1.0,-1.0,-1.0,-1.0,DP,2010-09-08 17:30:00,1097,42.38605,1.8664
3.1,306.0,23.3,25.0,979.3,-1.0,-1.0,-1.0,-1.0,DQ,2010-09-08 17:30:00,287,41.30728,1.36259
-1.0,-1.0,23.2,24.0,966.1,-1.0,-1.0,-1.0,-1.0,D1,2010-09-08 17:30:00,404,41.28521,0.75383
-1.0,-1.0,20.2,54.0,972.8,-1.0,-1.0,-1.0,-1.0,D2,2010-09-08 17:30:00,343,41.59252,1.915
1.6,38.0,22.9,47.0,982.7,-1.0,-1.0,-1.0,-1.0,D3,2010-09-08 17:30:00,252,41.38197,1.93564
1.6,239.0,20.6,61.0,1010.1,-1.0,-1.0,-1.0,-1.0,D4,2010-09-08 17:30:00,24,42.27065,3.18165
3.0,105.0,19.4,54.0,965.6,-1.0,-1.0,-1.0,-1.0,D5,2010-09-08 17:30:00,411.2,41.41843,2.12388
7.7,232.0,19.6,53.0,989.5,-1.0,-1.0,-1.0,-1.0,D6,2010-09-08 17:30:00,196,42.43515,3.16622
2.6,325.0,25.6,20.0,1005.7,-1.0,-1.0,-1.0,-1.0,D7,2010-09-08 17:30:00,53,41.18499,0.59376
2.7,334.0,21.8,25.0,953.8,-1.0,-1.0,-1.0,-1.0,D8,2010-09-08 17:30:00,515,40.95134,0.30565
2.6,323.0,25.3,24.0,1004.8,-1.0,-1.0,-1.0,-1.0,D9,2010-09-08 17:30:00,59,41.21553,1.52121
2.3,286.0,23.1,34.0,973.7,-1.0,-1.0,-1.0,-1.0,H1,2010-09-08 17:30:00,333,41.58642,1.65306
3.2,160.0,22.4,44.0,987.4,-1.0,-1.0,-1.0,-1.0,R1,2010-09-08 17:30:00,210,41.70637,1.87276
3.5,216.0,23.5,42.0,999.0,-1.0,-1.0,-1.0,-1.0,VQ,2010-09-08 17:30:00,112,41.1713,1.16774
2.6,17.0,4.6,96.0,775.9,-1.0,-1.0,-1.0,-1.0,VS,2010-09-08 17:30:00,2247,42.63835,0.77889
-1.0,-1.0,23.5,47.0,1007.0,-1.0,-1.0,2.3,98.0,WU,2010-09-08 17:30:00,42,41.45215,2.24757
1.5,177.0,26.3,35.0,1010.0,-1.0,-1.0,-1.0,-1.0,WZ,2010-09-08 17:30:00,17,41.20187,1.63346
5.0,293.0,18.5,36.0,924.4,-1.0,-1.0,-1.0,-1.0,XA,2010-09-08 17:30:00,785,41.60257,1.4007
3.1,92.0,23.0,43.0,995.7,-1.0,-1.0,-1.0,-1.0,XC,2010-09-08 17:30:00,147,41.47892,1.97546
3.8,298.0,20.7,24.0,934.6,-1.0,-1.0,-1.0,-1.0,XD,2010-09-08 17:30:00,687,41.32,0.8857
3.3,228.0,24.5,45.0,1011.3,-1.0,-1.0,-1.0,-1.0,XE,2010-09-08 17:30:00,5,41.10393,1.201
3.0,79.0,21.0,56.0,982.7,-1.0,-1.0,-1.0,-1.0,XF,2010-09-08 17:30:00,258,41.56568,2.06952
2.4,104.0,22.1,60.0,998.9,-1.0,-1.0,-1.0,-1.0,XG,2010-09-08 17:30:00,123,41.56734,2.22619
-1.0,-1.0,18.2,56.0,934.7,-1.0,-1.0,-1.0,-1.0,XH,2010-09-08 17:30:00,679,42.40533,1.12993
2.6,93.0,22.3,51.0,1002.5,-1.0,-1.0,-1.0,-1.0,X8,2010-09-08 17:30:00,79,41.37919,2.1054
3.5,241.0,5.1,80.0,-1.0,-1.0,-1.0,-1.0,-1.0,ZB,2010-09-08 17:30:00,2451,42.51939,1.36597
-1.0,-1.0,4.2,99.0,-1.0,-1.0,-1.0,1.9,254.0,Z1,2010-09-08 17:30:00,2266,42.64691,0.98486
-1.0,-1.0,3.5,94.0,-1.0,-1.0,-1.0,2.2,215.0,Z2,2010-09-08 17:30:00,2535,42.46602,0.88405
-1.0,-1.0,6.0,85.0,-1.0,-1.0,-1.0,0.8,216.0,Z3,2010-09-08 17:30:00,2230,42.46605,1.7785
-1.0,-1.0,4.6,95.0,-1.0,-1.0,-1.0,2.8,193.0,Z4,2010-09-08 17:30:00,2364,42.42205,2.2524
-1.0,-1.0,4.2,91.0,-1.0,-1.0,-1.0,2.0,339.0,Z5,2010-09-08 17:30:00,2400,42.70029,1.27201
-1.0,-1.0,3.3,97.0,-1.0,-1.0,-1.0,0.6,69.0,Z6,2010-09-08 17:30:00,2228,42.77011,0.73198
1.7,339.0,4.6,82.0,-1.0,-1.0,-1.0,-1.0,-1.0,Z7,2010-09-08 17:30:00,2519,42.53412,1.05476
-1.0,-1.0,5.1,84.0,-1.0,-1.0,-1.0,6.2,241.0,Z8,2010-09-08 17:30:00,2316,42.18254,1.52407
4.9,221.0,7.1,76.0,-1.0,-1.0,-1.0,-1.0,-1.0,Z9,2010-09-08 17:30:00,2143,42.29265,1.71498
5.1,225.0,18.9,39.0,933.6,-1.0,-1.0,-1.0,-1.0,CA,2010-09-08 18:00:00,693,41.95378,1.5851
1.3,190.0,16.5,77.0,941.1,-1.0,-1.0,-1.0,-1.0,CC,2010-09-08 18:00:00,626,42.07398,2.20862
1.5,239.0,19.2,39.0,915.7,-1.0,-1.0,-1.0,-1.0,CD,2010-09-08 18:00:00,849,42.37083,1.43277
2.1,99.0,19.9,53.0,976.0,-1.0,-1.0,-1.0,-1.0,CE,2010-09-08 18:00:00,316,41.53109,1.80813
0.8,265.0,8.8,93.0,858.7,-1.0,-1.0,-1.0,-1.0,CG,2010-09-08 18:00:00,1405,42.37717,2.41456
0.7,72.0,13.3,89.0,917.1,-1.0,-1.0,-1.0,-1.0,CI,2010-09-08 18:00:00,852,42.25839,2.36429
2.9,192.0,21.2,38.0,946.7,-1.0,-1.0,-1.0,-1.0,CJ,2010-09-08 18:00:00,566.5,42.21624,1.33132
1.6,162.0,20.2,46.0,972.0,-1.0,-1.0,-1.0,-1.0,CL,2010-09-08 18:00:00,349,41.67399,1.76796
4.4,251.0,19.9,39.0,933.8,-1.0,-1.0,-1.0,-1.0,CP,2010-09-08 18:00:00,690,42.13924,1.03893
1.3,175.0,20.2,37.0,944.6,-1.0,-1.0,-1.0,-1.0,CQ,2010-09-08 18:00:00,594,41.99546,1.02569
2.5,61.0,14.2,88.0,914.7,-1.0,-1.0,-1.0,-1.0,CR,2010-09-08 18:00:00,873,42.08032,1.9624
1.6,129.0,18.4,50.0,918.6,-1.0,-1.0,-1.0,-1.0,CT,2010-09-08 18:00:00,823,42.39811,0.74362
1.0,21.0,12.9,79.0,901.1,-1.0,-1.0,-1.0,-1.0,CU,2010-09-08 18:00:00,1002,42.69856,0.79397
0.6,210.0,20.2,46.0,952.9,-1.0,-1.0,-1.0,-1.0,CV,2010-09-08 18:00:00,513.3,42.23939,0.96434
3.8,274.0,21.2,29.0,961.5,-1.0,-1.0,-1.0,-1.0,CW,2010-09-08 18:00:00,446,41.39241,1.09894
1.7,156.0,16.0,69.0,920.9,-1.0,-1.0,-1.0,-1.0,CY,2010-09-08 18:00:00,816,41.87813,2.17873
2.8,232.0,19.4,46.0,981.7,-1.0,-1.0,-1.0,-1.0,C6,2010-09-08 18:00:00,264,41.6566,0.95172
3.1,262.0,20.8,35.0,963.6,-1.0,-1.0,-1.0,-1.0,C7,2010-09-08 18:00:00,427,41.66695,1.16234
3.4,267.0,19.0,34.0,948.4,-1.0,-1.0,-1.0,-1.0,C8,2010-09-08 18:00:00,554,41.67555,1.29609
-1.0,-1.0,22.0,58.0,984.7,-1.0,-1.0,-1.0,-1.0,C9,2010-09-08 18:00:00,240,40.71825,0.39988
2.4,237.0,21.5,54.0,991.8,-1.0,-1.0,-1.0,-1.0,DB,2010-09-08 18:00:00,179,40.87287,0.71581
1.1,345.0,15.7,89.0,964.8,-1.0,-1.0,-1.0,-1.0,DC,2010-09-08 18:00:00,421.5,42.19144,2.48263
1.6,45.0,21.6,60.0,1007.6,-1.0,-1.0,-1.0,-1.0,DD,2010-09-08 18:00:00,44.5,41.51175,2.38674
0.8,238.0,19.9,70.0,1010.0,-1.0,-1.0,-1.0,-1.0,DF,2010-09-08 18:00:00,28.6,41.97751,3.03543
3.1,188.0,8.0,83.0,801.5,-1.0,-1.0,-1.0,-1.0,DG,2010-09-08 18:00:00,1971.4,42.39848,2.15517
2.9,320.0,20.7,37.0,965.2,-1.0,-1.0,-1.0,-1.0,DI,2010-09-08 18:00:00,415,41.43292,1.62386
1.9,297.0,18.8,76.0,992.8,-1.0,-1.0,-1.0,-1.0,DJ,2010-09-08 18:00:00,176,42.11653,2.78969
3.5,245.0,24.2,54.0,1011.4,-1.0,-1.0,-1.0,-1.0,DK,2010-09-08 18:00:00,2,41.14677,1.41846
1.2,217.0,21.9,65.0,1012.0,-1.0,-1.0,-1.0,-1.0,DL,2010-09-08 18:00:00,0.5,40.70719,0.83449
1.3,356.0,19.2,66.0,1002.8,-1.0,-1.0,-1.0,-1.0,DM,2010-09-08 18:00:00,90,41.96012,2.80696
1.1,321.0,18.9,73.0,995.6,-1.0,-1.0,-1.0,-1.0,DN,2010-09-08 18:00:00,150,41.96095,2.63108
0.4,124.0,20.0,67.0,1011.6,-1.0,-1.0,-1.0,-1.0,DO,2010-09-08 18:00:00,14,41.80857,3.03241
3.6,61.0,13.9,62.0,890.2,-1.0,-1.0,-1.0,-1.0,DP,2010-09-08 18:00:00,1097,42.38605,1.8664
2.9,308.0,22.2,26.0,979.6,-1.0,-1.0,-1.0,-1.0,DQ,2010-09-08 18:00:00,287,41.30728,1.36259
-1.0,-1.0,22.0,27.0,966.2,-1.0,-1.0,-1.0,-1.0,D1,2010-09-08 18:00:00,404,41.28521,0.75383
-1.0,-1.0,19.5,57.0,973.1,-1.0,-1.0,-1.0,-1.0,D2,2010-09-08 18:00:00,343,41.59252,1.915
1.1,74.0,22.1,51.0,983.1,-1.0,-1.0,-1.0,-1.0,D3,2010-09-08 18:00:00,252,41.38197,1.93564
1.1,304.0,19.5,68.0,1010.3,-1.0,-1.0,-1.0,-1.0,D4,2010-09-08 18:00:00,24,42.27065,3.18165
2.8,81.0,18.8,58.0,965.8,-1.0,-1.0,-1.0,-1.0,D5,2010-09-08 18:00:00,411.2,41.41843,2.12388
8.5,236.0,19.3,52.0,989.5,-1.0,-1.0,-1.0,-1.0,D6,2010-09-08 18:00:00,196,42.43515,3.16622
1.4,319.0,24.7,22.0,1005.9,-1.0,-1.0,-1.0,-1.0,D7,2010-09-08 18:00:00,53,41.18499,0.59376
1.7,331.0,20.9,26.0,954.1,-1.0,-1.0,-1.0,-1.0,D8,2010-09-08 18:00:00,515,40.95134,0.30565
3.0,277.0,24.4,27.0,1005.2,-1.0,-1.0,-1.0,-1.0,D9,2010-09-08 18:00:00,59,41.21553,1.52121
2.3,263.0,21.6,37.0,974.1,-1.0,-1.0,-1.0,-1.0,H1,2010-09-08 18:00:00,333,41.58642,1.65306
1.8,159.0,21.6,47.0,987.7,-1.0,-1.0,-1.0,-1.0,R1,2010-09-08 18:00:00,210,41.70637,1.87276
-1.0,-1.0,22.1,56.0,-1.0,0.9,223.0,-1.0,-1.0,UA,2010-09-08 18:00:00,93,40.9091,0.76943
-1.0,-1.0,19.0,76.0,-1.0,0.2,275.0,-1.0,-1.0,UB,2010-09-08 18:00:00,15,42.05398,3.06195
-1.0,-1.0,18.7,80.0,-1.0,0.5,208.0,-1.0,-1.0,UC,2010-09-08 18:00:00,60,41.97726,2.99705
-1.0,-1.0,19.0,73.0,-1.0,-1.0,-1.0,-1.0,-1.0,UD,2010-09-08 18:00:00,12,42.02895,3.06227
-1.0,-1.0,20.0,82.0,-1.0,-1.0,-1.0,-1.0,-1.0,UE,2010-09-08 18:00:00,4,42.02306,3.15719
-1.0,-1.0,19.2,46.0,-1.0,1.9,287.0,-1.0,-1.0,UF,2010-09-08 18:00:00,573,41.28832,1.90775
-1.0,-1.0,23.4,50.0,-1.0,0.8,105.0,-1.0,-1.0,UG,2010-09-08 18:00:00,3,41.29928,2.03787
-1.0,-1.0,18.8,35.0,-1.0,0.4,266.0,1.2,290.0,UH,2010-09-08 18:00:00,545,41.34171,1.48769
-1.0,-1.0,11.4,86.0,-1.0,0.1,257.0,-1.0,-1.0,UI,2010-09-08 18:00:00,1386,42.26477,1.76218
-1.0,-1.0,16.7,44.0,-1.0,0.8,275.0,1.9,274.0,UJ,2010-09-08 18:00:00,709,41.52879,1.3683
-1.0,-1.0,22.4,41.0,-1.0,0.4,10.0,-1.0,-1.0,UK,2010-09-08 18:00:00,161,41.27861,1.80479
-1.0,-1.0,21.1,32.0,-1.0,0.7,258.0,-1.0,-1.0,UL,2010-09-08 18:00:00,228,41.52911,0.75303
-1.0,-1.0,19.8,30.0,-1.0,2.0,325.0,-1.0,-1.0,UM,2010-09-08 18:00:00,505,41.35991,0.66789
-1.0,-1.0,18.2,74.0,-1.0,0.1,93.0,-1.0,-1.0,UN,2010-09-08 18:00:00,171,41.87449,2.92694
-1.0,-1.0,19.3,70.0,-1.0,-1.0,-1.0,-1.0,-1.0,UO,2010-09-08 18:00:00,97,41.91461,2.82069
1.2,28.0,21.6,60.0,1003.0,-1.0,-1.0,-1.0,-1.0,UP,2010-09-08 18:00:00,81,41.51773,2.37702
-1.0,-1.0,17.1,84.0,-1.0,1.0,86.0,-1.0,-1.0,UQ,2010-09-08 18:00:00,460,41.61991,2.44532
-1.0,-1.0,21.5,64.0,-1.0,0.6,290.0,-1.0,-1.0,US,2010-09-08 18:00:00,24,40.55786,0.52329
1.6,206.0,21.2,68.0,1012.0,-1.0,-1.0,-1.0,-1.0,UU,2010-09-08 18:00:00,3,40.70776,0.6321
-1.0,-1.0,21.8,56.0,-1.0,1.2,227.0,-1.0,-1.0,UV,2010-09-08 18:00:00,205,40.71727,0.41633
-1.0,-1.0,23.6,56.0,1013.0,3.0,211.0,-1.0,-1.0,UW,2010-09-08 18:00:00,0,40.62725,0.65922
-1.0,-1.0,20.6,60.0,-1.0,0.0,173.0,-1.0,-1.0,UX,2010-09-08 18:00:00,210,40.62652,0.37112
-1.0,-1.0,19.7,34.0,-1.0,0.9,270.0,2.3,276.0,UY,2010-09-08 18:00:00,576,41.87912,0.76103
-1.0,-1.0,17.5,91.0,-1.0,0.8,286.0,-1.0,-1.0,U1,2010-09-08 18:00:00,31,42.30648,2.95481
1.4,291.0,19.2,74.0,1013.0,-1.0,-1.0,-1.0,-1.0,U2,2010-09-08 18:00:00,4,42.17716,3.0968
-1.0,-1.0,19.2,50.0,-1.0,0.8,343.0,-1.0,-1.0,U3,2010-09-08 18:00:00,257,41.37491,1.63032
2.2,167.0,18.8,53.0,-1.0,0.6,185.0,-1.0,-1.0,U4,2010-09-08 18:00:00,507,41.83094,1.84699
-1.0,-1.0,15.1,38.0,-1.0,0.4,207.0,-1.0,-1.0,U5,2010-09-08 18:00:00,969,41.31349,0.99611
-1.0,-1.0,22.9,53.0,-1.0,1.0,215.0,-1.0,-1.0,U6,2010-09-08 18:00:00,29,41.08017,1.06661
-1.0,-1.0,22.9,50.0,-1.0,0.4,167.0,-1.0,-1.0,U7,2010-09-08 18:00:00,52,40.85936,0.50525
-1.0,-1.0,22.3,57.0,-1.0,0.6,247.0,-1.0,-1.0,U9,2010-09-08 18:00:00,62,40.76947,0.61635
-1.0,-1.0,22.0,25.0,-1.0,1.2,275.0,-1.0,-1.0,VA,2010-09-08 18:00:00,257,41.19645,0.51161
1.6,288.0,22.2,29.0,-1.0,-1.0,-1.0,-1.0,-1.0,VB,2010-09-08 18:00:00,32,41.06289,0.63517
-1.0,-1.0,24.5,26.0,-1.0,1.2,313.0,-1.0,-1.0,VC,2010-09-08 18:00:00,69,41.24415,0.43266
-1.0,-1.0,19.9,33.0,-1.0,3.4,249.0,-1.0,-1.0,VD,2010-09-08 18:00:00,429,41.68939,1.20381
-1.0,-1.0,23.4,31.0,-1.0,0.6,308.0,-1.0,-1.0,VE,2010-09-08 18:00:00,97,41.48692,0.46058
-1.0,-1.0,21.4,35.0,-1.0,0.2,248.0,-1.0,-1.0,VF,2010-09-08 18:00:00,122,41.56482,0.54999
-1.0,-1.0,20.4,38.0,-1.0,1.2,288.0,-1.0,-1.0,VH,2010-09-08 18:00:00,259,41.65814,0.39301
-1.0,-1.0,22.9,27.0,-1.0,1.5,263.0,-1.0,-1.0,VJ,2010-09-08 18:00:00,161,41.59957,0.6478
2.4,281.0,20.3,40.0,979.8,-1.0,-1.0,-1.0,-1.0,VK,2010-09-08 18:00:00,286,41.68328,0.4487
0.7,285.0,21.0,35.0,-1.0,0.1,306.0,-1.0,-1.0,VL,2010-09-08 18:00:00,100,41.46014,0.40562
-1.0,-1.0,21.4,33.0,-1.0,2.0,267.0,-1.0,-1.0,VM,2010-09-08 18:00:00,222,41.7145,0.62839
-1.0,-1.0,19.4,72.0,-1.0,-1.0,-1.0,-1.0,-1.0,VN,2010-09-08 18:00:00,117,41.88244,2.74262
-1.0,-1.0,17.6,43.0,-1.0,0.7,255.0,-1.0,-1.0,VO,2010-09-08 18:00:00,785,42.08745,1.42792
-1.0,-1.0,18.0,43.0,-1.0,1.7,239.0,2.4,249.0,VP,2010-09-08 18:00:00,659,41.80483,1.53853
2.7,218.0,22.0,49.0,999.0,-1.0,-1.0,-1.0,-1.0,VQ,2010-09-08 18:00:00,112,41.1713,1.16774
-1.0,-1.0,19.1,46.0,-1.0,0.6,213.0,-1.0,-1.0,VR,2010-09-08 18:00:00,291,41.68994,1.04401
2.8,22.0,4.6,97.0,775.9,-1.0,-1.0,-1.0,-1.0,VS,2010-09-08 18:00:00,2247,42.63835,0.77889
-1.0,-1.0,21.6,50.0,-1.0,0.4,98.0,-1.0,-1.0,VT,2010-09-08 18:00:00,84,41.48401,2.12745
-1.0,-1.0,18.5,57.0,-1.0,1.3,78.0,-1.0,-1.0,VU,2010-09-08 18:00:00,421,41.63286,1.91718
0.6,33.0,15.0,76.0,-1.0,-1.0,-1.0,-1.0,-1.0,VV,2010-09-08 18:00:00,528,41.68129,2.02647
-1.0,-1.0,13.1,92.0,-1.0,1.5,121.0,-1.0,-1.0,VX,2010-09-08 18:00:00,1030,41.74761,2.30291
-1.0,-1.0,21.3,48.0,-1.0,-1.0,-1.0,-1.0,-1.0,VY,2010-09-08 18:00:00,240,41.25095,1.29863
-1.0,-1.0,18.4,75.0,-1.0,-1.0,-1.0,-1.0,-1.0,VZ,2010-09-08 18:00:00,83,42.38443,3.00736
-1.0,-1.0,21.7,35.0,-1.0,1.2,237.0,-1.0,-1.0,V1,2010-09-08 18:00:00,238,41.78487,0.82939
-1.0,-1.0,17.7,74.0,-1.0,1.0,37.0,-1.0,-1.0,V3,2010-09-08 18:00:00,509,41.95224,2.23271
-1.0,-1.0,15.6,77.0,936.0,-1.0,-1.0,0.4,22.0,V4,2010-09-08 18:00:00,684,42.11477,2.21483
-1.0,-1.0,15.1,81.0,-1.0,2.1,89.0,2.3,84.0,V5,2010-09-08 18:00:00,774,42.03947,2.11993
-1.0,-1.0,18.1,54.0,-1.0,0.1,232.0,-1.0,-1.0,V8,2010-09-08 18:00:00,223,41.67279,0.87741
-1.0,-1.0,20.4,34.0,-1.0,3.9,239.0,-1.0,-1.0,WA,2010-09-08 18:00:00,443,41.87694,1.1541
-1.0,-1.0,20.5,35.0,-1.0,2.7,257.0,-1.0,-1.0,WB,2010-09-08 18:00:00,267,41.76036,0.67022
-1.0,-1.0,20.3,37.0,-1.0,1.1,254.0,-1.0,-1.0,WC,2010-09-08 18:00:00,261,41.63642,0.92446
-1.0,-1.0,21.6,26.0,-1.0,1.0,325.0,-1.0,-1.0,WD,2010-09-08 18:00:00,382,41.08671,0.31884
-1.0,-1.0,18.9,73.0,-1.0,0.1,79.0,-1.0,-1.0,WE,2010-09-08 18:00:00,126,41.5444,2.30014
-1.0,-1.0,17.9,76.0,-1.0,-1.0,-1.0,-1.0,-1.0,WF,2010-09-08 18:00:00,108,41.95425,2.77578
-1.0,-1.0,20.6,36.0,-1.0,1.3,302.0,-1.0,-1.0,WG,2010-09-08 18:00:00,301,41.80104,0.64804
-1.0,-1.0,20.3,29.0,-1.0,0.4,329.0,-1.0,-1.0,WI,2010-09-08 18:00:00,350,41.35741,0.4809
-1.0,-1.0,23.6,22.0,-1.0,1.5,314.0,-1.0,-1.0,WJ,2010-09-08 18:00:00,141,41.1223,0.72182
-1.0,-1.0,21.0,36.0,-1.0,1.7,284.0,-1.0,-1.0,WK,2010-09-08 18:00:00,268,41.81949,0.57768
-1.0,-1.0,20.2,30.0,-1.0,1.7,246.0,-1.0,-1.0,WL,2010-09-08 18:00:00,413,41.57236,1.0882
1.8,150.0,14.0,69.0,-1.0,-1.0,-1.0,-1.0,-1.0,WM,2010-09-08 18:00:00,1167,42.10736,1.8267
-1.0,-1.0,15.3,65.0,-1.0,-1.0,-1.0,3.0,210.0,WN,2010-09-08 18:00:00,916,41.59539,1.83751
-1.0,-1.0,22.6,29.0,-1.0,-1.0,-1.0,-1.0,-1.0,WO,2010-09-08 18:00:00,185,41.27151,1.46717
-1.0,-1.0,19.2,55.0,-1.0,1.0,23.0,-1.0,-1.0,WP,2010-09-08 18:00:00,325,41.48518,1.69337
7.2,282.0,10.9,59.0,841.8,-1.0,-1.0,-1.0,-1.0,WQ,2010-09-08 18:00:00,1572,42.0513,0.72952
-1.0,-1.0,22.0,23.0,-1.0,0.0,231.0,-1.0,-1.0,WR,2010-09-08 18:00:00,300,41.2163,0.79748
2.0,118.0,13.2,92.0,907.0,-1.0,-1.0,-1.0,-1.0,WS,2010-09-08 18:00:00,953,41.84008,2.41877
3.5,136.0,21.4,74.0,1014.0,-1.0,-1.0,-1.0,-1.0,WT,2010-09-08 18:00:00,2,41.64707,2.75658
-1.0,-1.0,23.4,49.0,1008.0,-1.0,-1.0,2.3,92.0,WU,2010-09-08 18:00:00,42,41.45215,2.24757
1.9,21.0,15.5,76.0,925.0,-1.0,-1.0,-1.0,-1.0,WV,2010-09-08 18:00:00,788,42.23414,1.87485
-1.0,-1.0,19.7,56.0,-1.0,-1.0,-1.0,-1.0,-1.0,WW,2010-09-08 18:00:00,278,41.79423,1.9368
-1.0,-1.0,19.0,35.0,-1.0,2.4,270.0,-1.0,-1.0,WX,2010-09-08 18:00:00,668,41.9178,0.88175
-1.0,-1.0,22.2,51.0,-1.0,1.8,39.0,-1.0,-1.0,WY,2010-09-08 18:00:00,164,41.43386,1.79429
1.5,303.0,23.9,42.0,1010.0,-1.0,-1.0,-1.0,-1.0,WZ,2010-09-08 18:00:00,17,41.20187,1.63346
-1.0,-1.0,18.4,78.0,-1.0,-1.0,-1.0,-1.0,-1.0,W1,2010-09-08 18:00:00,2,42.24726,3.09021
-1.0,-1.0,18.1,83.0,-1.0,-1.0,-1.0,-1.0,-1.0,W2,2010-09-08 18:00:00,7,42.18259,3.05783
-1.0,-1.0,18.7,80.0,-1.0,-1.0,-1.0,-1.0,-1.0,W3,2010-09-08 18:00:00,4,42.15006,3.06494
-1.0,-1.0,21.4,48.0,-1.0,1.3,349.0,-1.0,-1.0,W4,2010-09-08 18:00:00,240,41.36619,1.72857
-1.0,-1.0,19.9,37.0,-1.0,1.7,172.0,-1.0,-1.0,W5,2010-09-08 18:00:00,490,42.07683,1.31489
-1.0,-1.0,20.3,60.0,-1.0,0.4,254.0,-1.0,-1.0,W6,2010-09-08 18:00:00,158,41.13738,1.0187
-1.0,-1.0,19.9,32.0,-1.0,-1.0,-1.0,-1.0,-1.0,W8,2010-09-08 18:00:00,438,41.44237,1.15998
-1.0,-1.0,15.7,93.0,-1.0,0.3,99.0,-1.0,-1.0,W9,2010-09-08 18:00:00,461,42.14557,2.45451
3.5,287.0,17.3,39.0,924.7,-1.0,-1.0,-1.0,-1.0,XA,2010-09-08 18:00:00,785,41.60257,1.4007
-1.0,-1.0,17.0,51.0,-1.0,-1.0,-1.0,-1.0,-1.0,XB,2010-09-08 18:00:00,584,41.4779,1.53529
2.7,82.0,22.0,46.0,996.0,-1.0,-1.0,-1.0,-1.0,XC,2010-09-08 18:00:00,147,41.47892,1.97546
3.0,300.0,19.4,27.0,934.8,-1.0,-1.0,-1.0,-1.0,XD,2010-09-08 18:00:00,687,41.32,0.8857
3.0,230.0,23.7,49.0,1011.5,-1.0,-1.0,-1.0,-1.0,XE,2010-09-08 18:00:00,5,41.10393,1.201
2.5,80.0,20.2,62.0,983.0,-1.0,-1.0,-1.0,-1.0,XF,2010-09-08 18:00:00,258,41.56568,2.06952
1.7,100.0,21.8,60.0,999.2,-1.0,-1.0,-1.0,-1.0,XG,2010-09-08 18:00:00,123,41.56734,2.22619
-1.0,-1.0,17.5,60.0,935.1,-1.0,-1.0,-1.0,-1.0,XH,2010-09-08 18:00:00,679,42.40533,1.12993
-1.0,-1.0,21.3,32.0,984.4,1.5,257.0,-1.0,-1.0,XI,2010-09-08 18:00:00,247,41.61817,0.87182
2.3,307.0,21.6,28.0,972.2,-1.0,-1.0,-1.0,-1.0,X1,2010-09-08 18:00:00,359,41.15374,0.81953
-1.0,-1.0,23.2,54.0,-1.0,-1.0,-1.0,-1.0,-1.0,X2,2010-09-08 18:00:00,7,41.38943,2.18847
5.7,271.0,19.5,40.0,970.0,-1.0,-1.0,-1.0,-1.0,X3,2010-09-08 18:00:00,370,41.74281,0.5358
2.3,111.0,23.6,52.0,1008.5,-1.0,-1.0,-1.0,-1.0,X4,2010-09-08 18:00:00,33,41.3839,2.16775
1.2,37.0,14.5,42.0,897.0,-1.0,-1.0,-1.0,-1.0,X5,2010-09-08 18:00:00,1055,40.79705,0.31822
-1.0,-1.0,21.1,32.0,-1.0,1.5,227.0,-1.0,-1.0,X6,2010-09-08 18:00:00,366,41.92173,1.02901
-1.0,-1.0,21.5,30.0,-1.0,2.4,318.0,-1.0,-1.0,X7,2010-09-08 18:00:00,215,41.51909,0.55314
2.6,91.0,22.0,52.0,1002.8,-1.0,-1.0,-1.0,-1.0,X8,2010-09-08 18:00:00,79,41.37919,2.1054
0.7,44.0,20.0,67.0,993.0,-1.0,-1.0,-1.0,-1.0,X9,2010-09-08 18:00:00,176,41.61265,2.16836
2.8,242.0,4.8,82.0,-1.0,-1.0,-1.0,-1.0,-1.0,ZB,2010-09-08 18:00:00,2451,42.51939,1.36597
-1.0,-1.0,4.1,100.0,-1.0,-1.0,-1.0,1.6,267.0,Z1,2010-09-08 18:00:00,2266,42.64691,0.98486
-1.0,-1.0,3.2,96.0,-1.0,-1.0,-1.0,2.3,204.0,Z2,2010-09-08 18:00:00,2535,42.46602,0.88405
-1.0,-1.0,5.7,88.0,-1.0,-1.0,-1.0,0.7,224.0,Z3,2010-09-08 18:00:00,2230,42.46605,1.7785
-1.0,-1.0,4.5,94.0,-1.0,-1.0,-1.0,3.0,211.0,Z4,2010-09-08 18:00:00,2364,42.42205,2.2524
-1.0,-1.0,3.5,91.0,-1.0,-1.0,-1.0,2.2,358.0,Z5,2010-09-08 18:00:00,2400,42.70029,1.27201
-1.0,-1.0,3.1,97.0,-1.0,-1.0,-1.0,0.8,64.0,Z6,2010-09-08 18:00:00,2228,42.77011,0.73198
1.2,47.0,4.1,88.0,-1.0,-1.0,-1.0,-1.0,-1.0,Z7,2010-09-08 18:00:00,2519,42.53412,1.05476
-1.0,-1.0,4.7,86.0,-1.0,-1.0,-1.0,5.2,240.0,Z8,2010-09-08 18:00:00,2316,42.18254,1.52407
4.9,214.0,6.9,77.0,-1.0,-1.0,-1.0,-1.0,-1.0,Z9,2010-09-08 18:00:00,2143,42.29265,1.71498
4.4,231.0,18.3,40.0,934.0,-1.0,-1.0,-1.0,-1.0,CA,2010-09-08 18:30:00,693,41.95378,1.5851
1.2,202.0,16.1,78.0,941.6,-1.0,-1.0,-1.0,-1.0,CC,2010-09-08 18:30:00,626,42.07398,2.20862
1.9,218.0,18.8,41.0,916.0,-1.0,-1.0,-1.0,-1.0,CD,2010-09-08 18:30:00,849,42.37083,1.43277
1.1,80.0,19.4,55.0,976.5,-1.0,-1.0,-1.0,-1.0,CE,2010-09-08 18:30:00,316,41.53109,1.80813
0.6,159.0,8.8,94.0,859.0,-1.0,-1.0,-1.0,-1.0,CG,2010-09-08 18:30:00,1405,42.37717,2.41456
0.9,140.0,13.3,91.0,917.4,-1.0,-1.0,-1.0,-1.0,CI,2010-09-08 18:30:00,852,42.25839,2.36429
3.0,182.0,20.2,40.0,947.0,-1.0,-1.0,-1.0,-1.0,CJ,2010-09-08 18:30:00,566.5,42.21624,1.33132
1.2,179.0,18.6,53.0,972.4,-1.0,-1.0,-1.0,-1.0,CL,2010-09-08 18:30:00,349,41.67399,1.76796
3.4,254.0,18.4,42.0,934.1,-1.0,-1.0,-1.0,-1.0,CP,2010-09-08 18:30:00,690,42.13924,1.03893
0.7,163.0,19.1,40.0,944.9,-1.0,-1.0,-1.0,-1.0,CQ,2010-09-08 18:30:00,594,41.99546,1.02569
2.7,60.0,13.9,89.0,915.3,-1.0,-1.0,-1.0,-1.0,CR,2010-09-08 18:30:00,873,42.08032,1.9624
0.8,50.0,15.5,67.0,919.1,-1.0,-1.0,-1.0,-1.0,CT,2010-09-08 18:30:00,823,42.39811,0.74362
0.5,34.0,12.2,83.0,901.6,-1.0,-1.0,-1.0,-1.0,CU,2010-09-08 18:30:00,1002,42.69856,0.79397
0.4,250.0,17.8,54.0,953.2,-1.0,-1.0,-1.0,-1.0,CV,2010-09-08 18:30:00,513.3,42.23939,0.96434
3.8,261.0,20.1,33.0,961.9,-1.0,-1.0,-1.0,-1.0,CW,2010-09-08 18:30:00,446,41.39241,1.09894
2.2,157.0,15.4,74.0,921.3,-1.0,-1.0,-1.0,-1.0,CY,2010-09-08 18:30:00,816,41.87813,2.17873
3.2,219.0,18.2,50.0,982.0,-1.0,-1.0,-1.0,-1.0,C6,2010-09-08 18:30:00,264,41.6566,0.95172
3.1,249.0,20.0,35.0,963.9,-1.0,-1.0,-1.0,-1.0,C7,2010-09-08 18:30:00,427,41.66695,1.16234
2.7,257.0,18.5,35.0,948.7,-1.0,-1.0,-1.0,-1.0,C8,2010-09-08 18:30:00,554,41.67555,1.29609
-1.0,-1.0,21.5,61.0,985.2,-1.0,-1.0,-1.0,-1.0,C9,2010-09-08 18:30:00,240,40.71825,0.39988
3.5,234.0,20.7,57.0,992.1,-1.0,-1.0,-1.0,-1.0,DB,2010-09-08 18:30:00,179,40.87287,0.71581
0.7,52.0,15.2,92.0,965.2,-1.0,-1.0,-1.0,-1.0,DC,2010-09-08 18:30:00,421.5,42.19144,2.48263
2.3,5.0,20.6,71.0,1007.9,-1.0,-1.0,-1.0,-1.0,DD,2010-09-08 18:30:00,44.5,41.51175,2.38674
0.4,339.0,19.4,74.0,1010.5,-1.0,-1.0,-1.0,-1.0,DF,2010-09-08 18:30:00,28.6,41.97751,3.03543
1.9,176.0,7.7,86.0,801.9,-1.0,-1.0,-1.0,-1.0,DG,2010-09-08 18:30:00,1971.4,42.39848,2.15517
2.9,15.0,19.6,44.0,965.6,-1.0,-1.0,-1.0,-1.0,DI,2010-09-08 18:30:00,415,41.43292,1.62386
1.4,274.0,18.6,76.0,993.3,-1.0,-1.0,-1.0,-1.0,DJ,2010-09-08 18:30:00,176,42.11653,2.78969
3.2,247.0,23.7,54.0,1011.9,-1.0,-1.0,-1.0,-1.0,DK,2010-09-08 18:30:00,2,41.14677,1.41846
1.0,228.0,21.2,70.0,1012.4,-1.0,-1.0,-1.0,-1.0,DL,2010-09-08 18:30:00,0.5,40.70719,0.83449
1.3,339.0,19.0,68.0,1003.3,-1.0,-1.0,-1.0,-1.0,DM,2010-09-08 18:30:00,90,41.96012,2.80696
1.2,305.0,18.4,73.0,996.1,-1.0,-1.0,-1.0,-1.0,DN,2010-09-08 18:30:00,150,41.96095,2.63108
0.2,112.0,19.3,73.0,1012.0,-1.0,-1.0,-1.0,-1.0,DO,2010-09-08 18:30:00,14,41.80857,3.03241
4.6,67.0,13.4,65.0,890.5,-1.0,-1.0,-1.0,-1.0,DP,2010-09-08 18:30:00,1097,42.38605,1.8664
2.8,273.0,20.9,35.0,980.2,-1.0,-1.0,-1.0,-1.0,DQ,2010-09-08 18:30:00,287,41.30728,1.36259
-1.0,-1.0,19.6,34.0,966.6,-1.0,-1.0,-1.0,-1.0,D1,2010-09-08 18:30:00,404,41.28521,0.75383
-1.0,-1.0,19.0,61.0,973.6,-1.0,-1.0,-1.0,-1.0,D2,2010-09-08 18:30:00,343,41.59252,1.915
0.5,47.0,21.4,55.0,983.6,-1.0,-1.0,-1.0,-1.0,D3,2010-09-08 18:30:00,252,41.38197,1.93564
0.5,0.0,19.2,67.0,1010.7,-1.0,-1.0,-1.0,-1.0,D4,2010-09-08 18:30:00,24,42.27065,3.18165
3.4,79.0,18.5,60.0,966.2,-1.0,-1.0,-1.0,-1.0,D5,2010-09-08 18:30:00,411.2,41.41843,2.12388
7.7,238.0,19.4,52.0,990.0,-1.0,-1.0,-1.0,-1.0,D6,2010-09-08 18:30:00,196,42.43515,3.16622
1.1,319.0,23.1,27.0,1006.3,-1.0,-1.0,-1.0,-1.0,D7,2010-09-08 18:30:00,53,41.18499,0.59376
1.3,330.0,20.0,27.0,954.4,-1.0,-1.0,-1.0,-1.0,D8,2010-09-08 18:30:00,515,40.95134,0.30565
3.6,262.0,23.0,45.0,1005.7,-1.0,-1.0,-1.0,-1.0,D9,2010-09-08 18:30:00,59,41.21553,1.52121
2.0,177.0,20.2,51.0,974.6,-1.0,-1.0,-1.0,-1.0,H1,2010-09-08 18:30:00,333,41.58642,1.65306
1.5,148.0,21.0,49.0,988.2,-1.0,-1.0,-1.0,-1.0,R1,2010-09-08 18:30:00,210,41.70637,1.87276
2.2,230.0,21.2,55.0,999.0,-1.0,-1.0,-1.0,-1.0,VQ,2010-09-08 18:30:00,112,41.1713,1.16774
4.2,16.0,4.2,97.0,776.2,-1.0,-1.0,-1.0,-1.0,VS,2010-09-08 18:30:00,2247,42.63835,0.77889
-1.0,-1.0,23.3,50.0,1008.0,-1.0,-1.0,1.8,90.0,WU,2010-09-08 18:30:00,42,41.45215,2.24757
2.5,283.0,23.7,46.0,1011.0,-1.0,-1.0,-1.0,-1.0,WZ,2010-09-08 18:30:00,17,41.20187,1.63346
2.4,266.0,16.6,41.0,925.0,-1.0,-1.0,-1.0,-1.0,XA,2010-09-08 18:30:00,785,41.60257,1.4007
2.2,57.0,21.2,49.0,996.4,-1.0,-1.0,-1.0,-1.0,XC,2010-09-08 18:30:00,147,41.47892,1.97546
2.9,309.0,18.5,30.0,935.1,-1.0,-1.0,-1.0,-1.0,XD,2010-09-08 18:30:00,687,41.32,0.8857
2.5,228.0,23.3,53.0,1011.9,-1.0,-1.0,-1.0,-1.0,XE,2010-09-08 18:30:00,5,41.10393,1.201
1.8,27.0,19.2,69.0,983.4,-1.0,-1.0,-1.0,-1.0,XF,2010-09-08 18:30:00,258,41.56568,2.06952
2.6,49.0,20.9,66.0,999.6,-1.0,-1.0,-1.0,-1.0,XG,2010-09-08 18:30:00,123,41.56734,2.22619
-1.0,-1.0,17.0,61.0,935.4,-1.0,-1.0,-1.0,-1.0,XH,2010-09-08 18:30:00,679,42.40533,1.12993
2.5,84.0,21.9,53.0,1003.2,-1.0,-1.0,-1.0,-1.0,X8,2010-09-08 18:30:00,79,41.37919,2.1054
3.5,239.0,4.5,83.0,-1.0,-1.0,-1.0,-1.0,-1.0,ZB,2010-09-08 18:30:00,2451,42.51939,1.36597
-1.0,-1.0,4.1,100.0,-1.0,-1.0,-1.0,2.3,273.0,Z1,2010-09-08 18:30:00,2266,42.64691,0.98486
-1.0,-1.0,3.0,96.0,-1.0,-1.0,-1.0,1.6,210.0,Z2,2010-09-08 18:30:00,2535,42.46602,0.88405
-1.0,-1.0,5.5,89.0,-1.0,-1.0,-1.0,0.5,209.0,Z3,2010-09-08 18:30:00,2230,42.46605,1.7785
-1.0,-1.0,4.5,95.0,-1.0,-1.0,-1.0,2.7,201.0,Z4,2010-09-08 18:30:00,2364,42.42205,2.2524
-1.0,-1.0,4.0,89.0,-1.0,-1.0,-1.0,2.4,346.0,Z5,2010-09-08 18:30:00,2400,42.70029,1.27201
-1.0,-1.0,2.7,98.0,-1.0,-1.0,-1.0,1.2,61.0,Z6,2010-09-08 18:30:00,2228,42.77011,0.73198
1.6,34.0,4.3,87.0,-1.0,-1.0,-1.0,-1.0,-1.0,Z7,2010-09-08 18:30:00,2519,42.53412,1.05476
-1.0,-1.0,4.1,89.0,-1.0,-1.0,-1.0,4.8,247.0,Z8,2010-09-08 18:30:00,2316,42.18254,1.52407
4.5,217.0,6.8,77.0,-1.0,-1.0,-1.0,-1.0,-1.0,Z9,2010-09-08 18:30:00,2143,42.29265,1.71498
3.0,237.0,17.8,41.0,934.5,-1.0,-1.0,-1.0,-1.0,CA,2010-09-08 19:00:00,693,41.95378,1.5851
1.1,215.0,15.4,82.0,942.0,-1.0,-1.0,-1.0,-1.0,CC,2010-09-08 19:00:00,626,42.07398,2.20862
2.0,199.0,18.1,42.0,916.5,-1.0,-1.0,-1.0,-1.0,CD,2010-09-08 19:00:00,849,42.37083,1.43277
0.6,74.0,18.9,58.0,977.0,-1.0,-1.0,-1.0,-1.0,CE,2010-09-08 19:00:00,316,41.53109,1.80813
0.9,341.0,8.8,94.0,859.3,-1.0,-1.0,-1.0,-1.0,CG,2010-09-08 19:00:00,1405,42.37717,2.41456
0.8,35.0,13.0,93.0,917.7,-1.0,-1.0,-1.0,-1.0,CI,2010-09-08 19:00:00,852,42.25839,2.36429
2.1,182.0,19.4,42.0,947.6,-1.0,-1.0,-1.0,-1.0,CJ,2010-09-08 19:00:00,566.5,42.21624,1.33132
1.2,237.0,18.0,55.0,972.8,-1.0,-1.0,-1.0,-1.0,CL,2010-09-08 19:00:00,349,41.67399,1.76796
1.7,265.0,17.9,43.0,934.7,-1.0,-1.0,-1.0,-1.0,CP,2010-09-08 19:00:00,690,42.13924,1.03893
0.3,83.0,17.3,46.0,945.4,-1.0,-1.0,-1.0,-1.0,CQ,2010-09-08 19:00:00,594,41.99546,1.02569
1.8,54.0,13.4,92.0,915.7,-1.0,-1.0,-1.0,-1.0,CR,2010-09-08 19:00:00,873,42.08032,1.9624
0.9,12.0,14.1,74.0,919.7,-1.0,-1.0,-1.0,-1.0,CT,2010-09-08 19:00:00,823,42.39811,0.74362
0.3,116.0,11.8,85.0,902.2,-1.0,-1.0,-1.0,-1.0,CU,2010-09-08 19:00:00,1002,42.69856,0.79397
0.4,240.0,16.5,58.0,953.7,-1.0,-1.0,-1.0,-1.0,CV,2010-09-08 19:00:00,513.3,42.23939,0.96434
2.3,238.0,18.9,36.0,962.4,-1.0,-1.0,-1.0,-1.0,CW,2010-09-08 19:00:00,446,41.39241,1.09894
2.4,176.0,15.4,72.0,921.6,-1.0,-1.0,-1.0,-1.0,CY,2010-09-08 19:00:00,816,41.87813,2.17873
3.2,230.0,17.3,54.0,982.4,-1.0,-1.0,-1.0,-1.0,C6,2010-09-08 19:00:00,264,41.6566,0.95172
3.4,246.0,19.5,36.0,964.3,-1.0,-1.0,-1.0,-1.0,C7,2010-09-08 19:00:00,427,41.66695,1.16234
2.9,251.0,18.0,35.0,949.1,-1.0,-1.0,-1.0,-1.0,C8,2010-09-08 19:00:00,554,41.67555,1.29609
-1.0,-1.0,21.0,64.0,985.8,-1.0,-1.0,-1.0,-1.0,C9,2010-09-08 19:00:00,240,40.71825,0.39988
2.4,243.0,20.0,61.0,992.7,-1.0,-1.0,-1.0,-1.0,DB,2010-09-08 19:00:00,179,40.87287,0.71581
0.7,356.0,15.2,91.0,965.6,-1.0,-1.0,-1.0,-1.0,DC,2010-09-08 19:00:00,421.5,42.19144,2.48263
1.8,2.0,20.4,71.0,1008.3,-1.0,-1.0,-1.0,-1.0,DD,2010-09-08 19:00:00,44.5,41.51175,2.38674
0.7,320.0,19.0,78.0,1011.0,-1.0,-1.0,-1.0,-1.0,DF,2010-09-08 19:00:00,28.6,41.97751,3.03543
1.4,208.0,7.4,90.0,802.1,-1.0,-1.0,-1.0,-1.0,DG,2010-09-08 19:00:00,1971.4,42.39848,2.15517
3.4,25.0,18.2,59.0,966.0,-1.0,-1.0,-1.0,-1.0,DI,2010-09-08 19:00:00,415,41.43292,1.62386
1.3,275.0,18.5,77.0,993.8,-1.0,-1.0,-1.0,-1.0,DJ,2010-09-08 19:00:00,176,42.11653,2.78969
2.6,255.0,23.4,56.0,1012.5,-1.0,-1.0,-1.0,-1.0,DK,2010-09-08 19:00:00,2,41.14677,1.41846
1.2,238.0,20.5,74.0,1013.0,-1.0,-1.0,-1.0,-1.0,DL,2010-09-08 19:00:00,0.5,40.70719,0.83449
1.3,0.0,18.2,78.0,1003.7,-1.0,-1.0,-1.0,-1.0,DM,2010-09-08 19:00:00,90,41.96012,2.80696
1.1,323.0,17.9,78.0,996.5,-1.0,-1.0,-1.0,-1.0,DN,2010-09-08 19:00:00,150,41.96095,2.63108
0.8,247.0,18.6,75.0,1012.4,-1.0,-1.0,-1.0,-1.0,DO,2010-09-08 19:00:00,14,41.80857,3.03241
4.7,60.0,13.0,67.0,890.9,-1.0,-1.0,-1.0,-1.0,DP,2010-09-08 19:00:00,1097,42.38605,1.8664
1.2,306.0,19.7,51.0,980.7,-1.0,-1.0,-1.0,-1.0,DQ,2010-09-08 19:00:00,287,41.30728,1.36259
-1.0,-1.0,18.1,40.0,967.1,-1.0,-1.0,-1.0,-1.0,D1,2010-09-08 19:00:00,404,41.28521,0.75383
-1.0,-1.0,18.5,68.0,974.0,-1.0,-1.0,-1.0,-1.0,D2,2010-09-08 19:00:00,343,41.59252,1.915
0.5,276.0,21.0,56.0,984.1,-1.0,-1.0,-1.0,-1.0,D3,2010-09-08 19:00:00,252,41.38197,1.93564
1.0,291.0,19.0,67.0,1011.3,-1.0,-1.0,-1.0,-1.0,D4,2010-09-08 19:00:00,24,42.27065,3.18165
3.1,73.0,18.1,62.0,966.7,-1.0,-1.0,-1.0,-1.0,D5,2010-09-08 19:00:00,411.2,41.41843,2.12388
7.0,241.0,19.5,55.0,990.5,-1.0,-1.0,-1.0,-1.0,D6,2010-09-08 19:00:00,196,42.43515,3.16622
1.1,21.0,20.7,32.0,1006.8,-1.0,-1.0,-1.0,-1.0,D7,2010-09-08 19:00:00,53,41.18499,0.59376
0.7,286.0,19.4,28.0,955.0,-1.0,-1.0,-1.0,-1.0,D8,2010-09-08 19:00:00,515,40.95134,0.30565
2.7,277.0,22.5,48.0,1006.3,-1.0,-1.0,-1.0,-1.0,D9,2010-09-08 19:00:00,59,41.21553,1.52121
1.7,158.0,19.2,57.0,975.0,-1.0,-1.0,-1.0,-1.0,H1,2010-09-08 19:00:00,333,41.58642,1.65306
0.9,151.0,20.6,51.0,988.7,-1.0,-1.0,-1.0,-1.0,R1,2010-09-08 19:00:00,210,41.70637,1.87276
-1.0,-1.0,19.2,70.0,-1.0,0.5,350.0,-1.0,-1.0,UA,2010-09-08 19:00:00,93,40.9091,0.76943
-1.0,-1.0,18.6,77.0,-1.0,0.5,274.0,-1.0,-1.0,UB,2010-09-08 19:00:00,15,42.05398,3.06195
-1.0,-1.0,18.0,82.0,-1.0,0.9,317.0,-1.0,-1.0,UC,2010-09-08 19:00:00,60,41.97726,2.99705
-1.0,-1.0,18.3,77.0,-1.0,-1.0,-1.0,-1.0,-1.0,UD,2010-09-08 19:00:00,12,42.02895,3.06227
-1.0,-1.0,19.0,80.0,-1.0,-1.0,-1.0,-1.0,-1.0,UE,2010-09-08 19:00:00,4,42.02306,3.15719
-1.0,-1.0,18.6,52.0,-1.0,2.1,26.0,-1.0,-1.0,UF,2010-09-08 19:00:00,573,41.28832,1.90775
-1.0,-1.0,21.6,62.0,-1.0,1.0,6.0,-1.0,-1.0,UG,2010-09-08 19:00:00,3,41.29928,2.03787
-1.0,-1.0,17.2,41.0,-1.0,0.3,302.0,1.1,305.0,UH,2010-09-08 19:00:00,545,41.34171,1.48769
-1.0,-1.0,10.6,90.0,-1.0,0.0,325.0,-1.0,-1.0,UI,2010-09-08 19:00:00,1386,42.26477,1.76218
-1.0,-1.0,14.9,48.0,-1.0,0.2,269.0,0.9,260.0,UJ,2010-09-08 19:00:00,709,41.52879,1.3683
-1.0,-1.0,20.6,49.0,-1.0,0.5,14.0,-1.0,-1.0,UK,2010-09-08 19:00:00,161,41.27861,1.80479
-1.0,-1.0,18.6,40.0,-1.0,0.5,208.0,-1.0,-1.0,UL,2010-09-08 19:00:00,228,41.52911,0.75303
-1.0,-1.0,19.0,32.0,-1.0,1.6,330.0,-1.0,-1.0,UM,2010-09-08 19:00:00,505,41.35991,0.66789
-1.0,-1.0,17.4,81.0,-1.0,0.1,90.0,-1.0,-1.0,UN,2010-09-08 19:00:00,171,41.87449,2.92694
-1.0,-1.0,18.6,73.0,-1.0,-1.0,-1.0,-1.0,-1.0,UO,2010-09-08 19:00:00,97,41.91461,2.82069
1.9,336.0,20.6,66.0,1004.0,-1.0,-1.0,-1.0,-1.0,UP,2010-09-08 19:00:00,81,41.51773,2.37702
-1.0,-1.0,16.2,87.0,-1.0,0.5,49.0,-1.0,-1.0,UQ,2010-09-08 19:00:00,460,41.61991,2.44532
-1.0,-1.0,20.1,69.0,-1.0,0.9,325.0,-1.0,-1.0,US,2010-09-08 19:00:00,24,40.55786,0.52329
1.4,205.0,20.1,72.0,1014.0,-1.0,-1.0,-1.0,-1.0,UU,2010-09-08 19:00:00,3,40.70776,0.6321
-1.0,-1.0,20.9,62.0,-1.0,1.2,232.0,-1.0,-1.0,UV,2010-09-08 19:00:00,205,40.71727,0.41633
-1.0,-1.0,23.5,58.0,1014.0,3.4,218.0,-1.0,-1.0,UW,2010-09-08 19:00:00,0,40.62725,0.65922
-1.0,-1.0,19.2,68.0,-1.0,0.0,184.0,-1.0,-1.0,UX,2010-09-08 19:00:00,210,40.62652,0.37112
-1.0,-1.0,18.8,37.0,-1.0,0.8,262.0,1.6,274.0,UY,2010-09-08 19:00:00,576,41.87912,0.76103
-1.0,-1.0,17.3,93.0,-1.0,0.7,264.0,-1.0,-1.0,U1,2010-09-08 19:00:00,31,42.30648,2.95481
1.6,291.0,18.0,85.0,1014.0,-1.0,-1.0,-1.0,-1.0,U2,2010-09-08 19:00:00,4,42.17716,3.0968
-1.0,-1.0,18.0,54.0,-1.0,0.8,338.0,-1.0,-1.0,U3,2010-09-08 19:00:00,257,41.37491,1.63032
2.0,190.0,16.9,63.0,-1.0,0.7,220.0,-1.0,-1.0,U4,2010-09-08 19:00:00,507,41.83094,1.84699
-1.0,-1.0,14.6,42.0,-1.0,0.5,190.0,-1.0,-1.0,U5,2010-09-08 19:00:00,969,41.31349,0.99611
-1.0,-1.0,22.3,55.0,-1.0,0.9,243.0,-1.0,-1.0,U6,2010-09-08 19:00:00,29,41.08017,1.06661
-1.0,-1.0,21.1,60.0,-1.0,0.3,112.0,-1.0,-1.0,U7,2010-09-08 19:00:00,52,40.85936,0.50525
-1.0,-1.0,20.3,64.0,-1.0,0.5,314.0,-1.0,-1.0,U9,2010-09-08 19:00:00,62,40.76947,0.61635
-1.0,-1.0,20.8,28.0,-1.0,1.2,276.0,-1.0,-1.0,VA,2010-09-08 19:00:00,257,41.19645,0.51161
1.3,214.0,19.2,40.0,-1.0,-1.0,-1.0,-1.0,-1.0,VB,2010-09-08 19:00:00,32,41.06289,0.63517
-1.0,-1.0,22.2,33.0,-1.0,2.1,351.0,-1.0,-1.0,VC,2010-09-08 19:00:00,69,41.24415,0.43266
-1.0,-1.0,19.1,33.0,-1.0,3.6,243.0,-1.0,-1.0,VD,2010-09-08 19:00:00,429,41.68939,1.20381
-1.0,-1.0,16.7,64.0,-1.0,0.2,195.0,-1.0,-1.0,VE,2010-09-08 19:00:00,97,41.48692,0.46058
-1.0,-1.0,17.9,52.0,-1.0,0.0,245.0,-1.0,-1.0,VF,2010-09-08 19:00:00,122,41.56482,0.54999
-1.0,-1.0,18.8,44.0,-1.0,1.0,268.0,-1.0,-1.0,VH,2010-09-08 19:00:00,259,41.65814,0.39301
-1.0,-1.0,22.4,29.0,-1.0,1.5,282.0,-1.0,-1.0,VJ,2010-09-08 19:00:00,161,41.59957,0.6478
2.3,294.0,17.9,47.0,980.6,-1.0,-1.0,-1.0,-1.0,VK,2010-09-08 19:00:00,286,41.68328,0.4487
0.1,10.0,17.0,47.0,-1.0,0.0,285.0,-1.0,-1.0,VL,2010-09-08 19:00:00,100,41.46014,0.40562
-1.0,-1.0,21.0,33.0,-1.0,2.7,275.0,-1.0,-1.0,VM,2010-09-08 19:00:00,222,41.7145,0.62839
-1.0,-1.0,18.3,75.0,-1.0,-1.0,-1.0,-1.0,-1.0,VN,2010-09-08 19:00:00,117,41.88244,2.74262
-1.0,-1.0,14.9,52.0,-1.0,0.4,36.0,-1.0,-1.0,VO,2010-09-08 19:00:00,785,42.08745,1.42792
-1.0,-1.0,16.3,48.0,-1.0,1.2,226.0,1.9,239.0,VP,2010-09-08 19:00:00,659,41.80483,1.53853
2.0,238.0,20.6,59.0,1000.0,-1.0,-1.0,-1.0,-1.0,VQ,2010-09-08 19:00:00,112,41.1713,1.16774
-1.0,-1.0,17.6,49.0,-1.0,0.6,199.0,-1.0,-1.0,VR,2010-09-08 19:00:00,291,41.68994,1.04401
4.3,36.0,3.7,98.0,776.6,-1.0,-1.0,-1.0,-1.0,VS,2010-09-08 19:00:00,2247,42.63835,0.77889
-1.0,-1.0,19.6,60.0,-1.0,0.1,159.0,-1.0,-1.0,VT,2010-09-08 19:00:00,84,41.48401,2.12745
-1.0,-1.0,18.0,61.0,-1.0,1.0,107.0,-1.0,-1.0,VU,2010-09-08 19:00:00,421,41.63286,1.91718
0.6,33.0,12.9,88.0,-1.0,-1.0,-1.0,-1.0,-1.0,VV,2010-09-08 19:00:00,528,41.68129,2.02647
-1.0,-1.0,13.2,83.0,-1.0,0.7,118.0,-1.0,-1.0,VX,2010-09-08 19:00:00,1030,41.74761,2.30291
-1.0,-1.0,19.1,61.0,-1.0,-1.0,-1.0,-1.0,-1.0,VY,2010-09-08 19:00:00,240,41.25095,1.29863
-1.0,-1.0,18.1,79.0,-1.0,-1.0,-1.0,-1.0,-1.0,VZ,2010-09-08 19:00:00,83,42.38443,3.00736
-1.0,-1.0,18.8,47.0,-1.0,0.3,217.0,-1.0,-1.0,V1,2010-09-08 19:00:00,238,41.78487,0.82939
-1.0,-1.0,16.2,82.0,-1.0,0.5,321.0,-1.0,-1.0,V3,2010-09-08 19:00:00,509,41.95224,2.23271
-1.0,-1.0,14.7,80.0,937.0,-1.0,-1.0,0.4,10.0,V4,2010-09-08 19:00:00,684,42.11477,2.21483
-1.0,-1.0,14.2,86.0,-1.0,1.6,106.0,1.8,94.0,V5,2010-09-08 19:00:00,774,42.03947,2.11993
-1.0,-1.0,16.2,60.0,-1.0,0.1,239.0,-1.0,-1.0,V8,2010-09-08 19:00:00,223,41.67279,0.87741
-1.0,-1.0,18.7,39.0,-1.0,2.0,264.0,-1.0,-1.0,WA,2010-09-08 19:00:00,443,41.87694,1.1541
-1.0,-1.0,18.7,41.0,-1.0,1.1,301.0,-1.0,-1.0,WB,2010-09-08 19:00:00,267,41.76036,0.67022
-1.0,-1.0,19.2,41.0,-1.0,0.9,245.0,-1.0,-1.0,WC,2010-09-08 19:00:00,261,41.63642,0.92446
-1.0,-1.0,20.0,29.0,-1.0,0.5,276.0,-1.0,-1.0,WD,2010-09-08 19:00:00,382,41.08671,0.31884
-1.0,-1.0,16.7,80.0,-1.0,0.5,78.0,-1.0,-1.0,WE,2010-09-08 19:00:00,126,41.5444,2.30014
-1.0,-1.0,17.4,84.0,-1.0,-1.0,-1.0,-1.0,-1.0,WF,2010-09-08 19:00:00,108,41.95425,2.77578
-1.0,-1.0,19.2,40.0,-1.0,0.7,296.0,-1.0,-1.0,WG,2010-09-08 19:00:00,301,41.80104,0.64804
-1.0,-1.0,17.3,38.0,-1.0,0.2,59.0,-1.0,-1.0,WI,2010-09-08 19:00:00,350,41.35741,0.4809
-1.0,-1.0,19.6,31.0,-1.0,0.9,137.0,-1.0,-1.0,WJ,2010-09-08 19:00:00,141,41.1223,0.72182
-1.0,-1.0,18.8,43.0,-1.0,1.1,293.0,-1.0,-1.0,WK,2010-09-08 19:00:00,268,41.81949,0.57768
-1.0,-1.0,18.9,33.0,-1.0,1.6,220.0,-1.0,-1.0,WL,2010-09-08 19:00:00,413,41.57236,1.0882
0.5,162.0,13.0,80.0,-1.0,-1.0,-1.0,-1.0,-1.0,WM,2010-09-08 19:00:00,1167,42.10736,1.8267
-1.0,-1.0,15.1,66.0,-1.0,-1.0,-1.0,2.2,223.0,WN,2010-09-08 19:00:00,916,41.59539,1.83751
-1.0,-1.0,19.3,49.0,-1.0,-1.0,-1.0,-1.0,-1.0,WO,2010-09-08 19:00:00,185,41.27151,1.46717
-1.0,-1.0,17.6,63.0,-1.0,0.8,4.0,-1.0,-1.0,WP,2010-09-08 19:00:00,325,41.48518,1.69337
7.8,312.0,10.4,60.0,842.4,-1.0,-1.0,-1.0,-1.0,WQ,2010-09-08 19:00:00,1572,42.0513,0.72952
-1.0,-1.0,20.8,28.0,-1.0,0.0,202.0,-1.0,-1.0,WR,2010-09-08 19:00:00,300,41.2163,0.79748
1.5,159.0,12.7,89.0,907.0,-1.0,-1.0,-1.0,-1.0,WS,2010-09-08 19:00:00,953,41.84008,2.41877
1.6,332.0,20.0,85.0,1014.0,-1.0,-1.0,-1.0,-1.0,WT,2010-09-08 19:00:00,2,41.64707,2.75658
-1.0,-1.0,23.3,50.0,1008.0,-1.0,-1.0,1.3,69.0,WU,2010-09-08 19:00:00,42,41.45215,2.24757
1.3,211.0,14.9,79.0,925.0,-1.0,-1.0,-1.0,-1.0,WV,2010-09-08 19:00:00,788,42.23414,1.87485
-1.0,-1.0,18.7,64.0,-1.0,-1.0,-1.0,-1.0,-1.0,WW,2010-09-08 19:00:00,278,41.79423,1.9368
-1.0,-1.0,16.9,41.0,-1.0,1.2,256.0,-1.0,-1.0,WX,2010-09-08 19:00:00,668,41.9178,0.88175
-1.0,-1.0,20.5,57.0,-1.0,0.9,23.0,-1.0,-1.0,WY,2010-09-08 19:00:00,164,41.43386,1.79429
2.2,304.0,23.3,48.0,1011.0,-1.0,-1.0,-1.0,-1.0,WZ,2010-09-08 19:00:00,17,41.20187,1.63346
-1.0,-1.0,17.9,83.0,-1.0,-1.0,-1.0,-1.0,-1.0,W1,2010-09-08 19:00:00,2,42.24726,3.09021
-1.0,-1.0,17.2,89.0,-1.0,-1.0,-1.0,-1.0,-1.0,W2,2010-09-08 19:00:00,7,42.18259,3.05783
-1.0,-1.0,17.4,86.0,-1.0,-1.0,-1.0,-1.0,-1.0,W3,2010-09-08 19:00:00,4,42.15006,3.06494
-1.0,-1.0,19.7,57.0,-1.0,1.5,13.0,-1.0,-1.0,W4,2010-09-08 19:00:00,240,41.36619,1.72857
-1.0,-1.0,18.1,42.0,-1.0,1.2,104.0,-1.0,-1.0,W5,2010-09-08 19:00:00,490,42.07683,1.31489
-1.0,-1.0,17.2,54.0,-1.0,0.5,348.0,-1.0,-1.0,W6,2010-09-08 19:00:00,158,41.13738,1.0187
-1.0,-1.0,18.5,37.0,-1.0,-1.0,-1.0,-1.0,-1.0,W8,2010-09-08 19:00:00,438,41.44237,1.15998
-1.0,-1.0,15.4,95.0,-1.0,0.2,96.0,-1.0,-1.0,W9,2010-09-08 19:00:00,461,42.14557,2.45451
1.8,252.0,16.0,41.0,925.4,-1.0,-1.0,-1.0,-1.0,XA,2010-09-08 19:00:00,785,41.60257,1.4007
-1.0,-1.0,13.8,67.0,-1.0,-1.0,-1.0,-1.0,-1.0,XB,2010-09-08 19:00:00,584,41.4779,1.53529
2.4,53.0,20.7,51.0,996.9,-1.0,-1.0,-1.0,-1.0,XC,2010-09-08 19:00:00,147,41.47892,1.97546
2.2,331.0,17.8,32.0,935.4,-1.0,-1.0,-1.0,-1.0,XD,2010-09-08 19:00:00,687,41.32,0.8857
2.1,222.0,22.9,57.0,1012.4,-1.0,-1.0,-1.0,-1.0,XE,2010-09-08 19:00:00,5,41.10393,1.201
2.3,30.0,18.4,75.0,983.9,-1.0,-1.0,-1.0,-1.0,XF,2010-09-08 19:00:00,258,41.56568,2.06952
2.9,34.0,20.2,71.0,1000.0,-1.0,-1.0,-1.0,-1.0,XG,2010-09-08 19:00:00,123,41.56734,2.22619
-1.0,-1.0,15.3,68.0,936.0,-1.0,-1.0,-1.0,-1.0,XH,2010-09-08 19:00:00,679,42.40533,1.12993
-1.0,-1.0,19.4,39.0,985.0,1.1,243.0,-1.0,-1.0,XI,2010-09-08 19:00:00,247,41.61817,0.87182
0.9,129.0,19.1,34.0,973.2,-1.0,-1.0,-1.0,-1.0,X1,2010-09-08 19:00:00,359,41.15374,0.81953
-1.0,-1.0,22.5,59.0,-1.0,-1.0,-1.0,-1.0,-1.0,X2,2010-09-08 19:00:00,7,41.38943,2.18847
5.7,274.0,18.2,44.0,971.0,-1.0,-1.0,-1.0,-1.0,X3,2010-09-08 19:00:00,370,41.74281,0.5358
2.0,89.0,23.4,52.0,1009.4,-1.0,-1.0,-1.0,-1.0,X4,2010-09-08 19:00:00,33,41.3839,2.16775
0.7,24.0,12.0,50.0,898.0,-1.0,-1.0,-1.0,-1.0,X5,2010-09-08 19:00:00,1055,40.79705,0.31822
-1.0,-1.0,18.7,38.0,-1.0,0.5,39.0,-1.0,-1.0,X6,2010-09-08 19:00:00,366,41.92173,1.02901
-1.0,-1.0,21.2,33.0,-1.0,1.8,260.0,-1.0,-1.0,X7,2010-09-08 19:00:00,215,41.51909,0.55314
2.7,95.0,21.8,53.0,1003.7,-1.0,-1.0,-1.0,-1.0,X8,2010-09-08 19:00:00,79,41.37919,2.1054
2.0,345.0,18.3,77.0,994.0,-1.0,-1.0,-1.0,-1.0,X9,2010-09-08 19:00:00,176,41.61265,2.16836
2.8,250.0,4.4,87.0,-1.0,-1.0,-1.0,-1.0,-1.0,ZB,2010-09-08 19:00:00,2451,42.51939,1.36597
-1.0,-1.0,4.0,100.0,-1.0,-1.0,-1.0,2.6,265.0,Z1,2010-09-08 19:00:00,2266,42.64691,0.98486
-1.0,-1.0,3.0,94.0,-1.0,-1.0,-1.0,1.5,247.0,Z2,2010-09-08 19:00:00,2535,42.46602,0.88405
-1.0,-1.0,5.3,90.0,-1.0,-1.0,-1.0,0.4,227.0,Z3,2010-09-08 19:00:00,2230,42.46605,1.7785
-1.0,-1.0,4.4,94.0,-1.0,-1.0,-1.0,2.0,167.0,Z4,2010-09-08 19:00:00,2364,42.42205,2.2524
-1.0,-1.0,3.2,96.0,-1.0,-1.0,-1.0,3.3,5.0,Z5,2010-09-08 19:00:00,2400,42.70029,1.27201
-1.0,-1.0,2.7,98.0,-1.0,-1.0,-1.0,1.3,36.0,Z6,2010-09-08 19:00:00,2228,42.77011,0.73198
1.9,342.0,4.2,85.0,-1.0,-1.0,-1.0,-1.0,-1.0,Z7,2010-09-08 19:00:00,2519,42.53412,1.05476
-1.0,-1.0,4.1,88.0,-1.0,-1.0,-1.0,4.7,260.0,Z8,2010-09-08 19:00:00,2316,42.18254,1.52407
4.4,219.0,6.5,79.0,-1.0,-1.0,-1.0,-1.0,-1.0,Z9,2010-09-08 19:00:00,2143,42.29265,1.71498
1.2,116.0,17.2,43.0,935.1,-1.0,-1.0,-1.0,-1.0,CA,2010-09-08 19:30:00,693,41.95378,1.5851
1.0,233.0,14.6,85.0,942.3,-1.0,-1.0,-1.0,-1.0,CC,2010-09-08 19:30:00,626,42.07398,2.20862
1.7,150.0,17.4,45.0,917.0,-1.0,-1.0,-1.0,-1.0,CD,2010-09-08 19:30:00,849,42.37083,1.43277
1.3,82.0,18.5,62.0,977.4,-1.0,-1.0,-1.0,-1.0,CE,2010-09-08 19:30:00,316,41.53109,1.80813
0.5,357.0,8.8,93.0,859.6,-1.0,-1.0,-1.0,-1.0,CG,2010-09-08 19:30:00,1405,42.37717,2.41456
0.2,220.0,12.8,94.0,918.0,-1.0,-1.0,-1.0,-1.0,CI,2010-09-08 19:30:00,852,42.25839,2.36429
0.9,342.0,18.2,46.0,948.2,-1.0,-1.0,-1.0,-1.0,CJ,2010-09-08 19:30:00,566.5,42.21624,1.33132
0.8,248.0,17.2,57.0,973.3,-1.0,-1.0,-1.0,-1.0,CL,2010-09-08 19:30:00,349,41.67399,1.76796
0.9,222.0,17.5,44.0,935.1,-1.0,-1.0,-1.0,-1.0,CP,2010-09-08 19:30:00,690,42.13924,1.03893
0.9,353.0,15.9,50.0,945.7,-1.0,-1.0,-1.0,-1.0,CQ,2010-09-08 19:30:00,594,41.99546,1.02569
1.9,47.0,13.1,93.0,916.1,-1.0,-1.0,-1.0,-1.0,CR,2010-09-08 19:30:00,873,42.08032,1.9624
0.9,55.0,13.2,78.0,920.3,-1.0,-1.0,-1.0,-1.0,CT,2010-09-08 19:30:00,823,42.39811,0.74362
0.5,164.0,11.5,88.0,902.8,-1.0,-1.0,-1.0,-1.0,CU,2010-09-08 19:30:00,1002,42.69856,0.79397
1.1,262.0,15.5,61.0,954.2,-1.0,-1.0,-1.0,-1.0,CV,2010-09-08 19:30:00,513.3,42.23939,0.96434
2.0,233.0,18.2,39.0,962.9,-1.0,-1.0,-1.0,-1.0,CW,2010-09-08 19:30:00,446,41.39241,1.09894
3.0,219.0,15.8,64.0,921.9,-1.0,-1.0,-1.0,-1.0,CY,2010-09-08 19:30:00,816,41.87813,2.17873
2.7,244.0,16.9,55.0,982.8,-1.0,-1.0,-1.0,-1.0,C6,2010-09-08 19:30:00,264,41.6566,0.95172
2.8,236.0,19.3,36.0,964.7,-1.0,-1.0,-1.0,-1.0,C7,2010-09-08 19:30:00,427,41.66695,1.16234
3.3,247.0,17.6,36.0,949.5,-1.0,-1.0,-1.0,-1.0,C8,2010-09-08 19:30:00,554,41.67555,1.29609
-1.0,-1.0,20.4,66.0,986.2,-1.0,-1.0,-1.0,-1.0,C9,2010-09-08 19:30:00,240,40.71825,0.39988
1.8,260.0,18.8,62.0,993.1,-1.0,-1.0,-1.0,-1.0,DB,2010-09-08 19:30:00,179,40.87287,0.71581
0.9,252.0,15.3,92.0,965.9,-1.0,-1.0,-1.0,-1.0,DC,2010-09-08 19:30:00,421.5,42.19144,2.48263
1.7,301.0,20.2,70.0,1008.7,-1.0,-1.0,-1.0,-1.0,DD,2010-09-08 19:30:00,44.5,41.51175,2.38674
0.9,312.0,18.6,81.0,1011.4,-1.0,-1.0,-1.0,-1.0,DF,2010-09-08 19:30:00,28.6,41.97751,3.03543
1.3,177.0,7.3,91.0,802.5,-1.0,-1.0,-1.0,-1.0,DG,2010-09-08 19:30:00,1971.4,42.39848,2.15517
3.0,27.0,17.7,61.0,966.4,-1.0,-1.0,-1.0,-1.0,DI,2010-09-08 19:30:00,415,41.43292,1.62386
1.4,219.0,18.4,78.0,994.1,-1.0,-1.0,-1.0,-1.0,DJ,2010-09-08 19:30:00,176,42.11653,2.78969
2.0,323.0,22.5,56.0,1013.0,-1.0,-1.0,-1.0,-1.0,DK,2010-09-08 19:30:00,2,41.14677,1.41846
1.2,242.0,20.2,74.0,1013.5,-1.0,-1.0,-1.0,-1.0,DL,2010-09-08 19:30:00,0.5,40.70719,0.83449
1.0,357.0,18.3,77.0,1004.1,-1.0,-1.0,-1.0,-1.0,DM,2010-09-08 19:30:00,90,41.96012,2.80696
1.4,324.0,17.8,79.0,997.0,-1.0,-1.0,-1.0,-1.0,DN,2010-09-08 19:30:00,150,41.96095,2.63108
1.0,263.0,18.1,78.0,1012.7,-1.0,-1.0,-1.0,-1.0,DO,2010-09-08 19:30:00,14,41.80857,3.03241
2.5,56.0,12.9,68.0,891.5,-1.0,-1.0,-1.0,-1.0,DP,2010-09-08 19:30:00,1097,42.38605,1.8664
0.5,31.0,18.6,55.0,981.1,-1.0,-1.0,-1.0,-1.0,DQ,2010-09-08 19:30:00,287,41.30728,1.36259
-1.0,-1.0,16.6,45.0,967.6,-1.0,-1.0,-1.0,-1.0,D1,2010-09-08 19:30:00,404,41.28521,0.75383
-1.0,-1.0,18.0,73.0,974.3,-1.0,-1.0,-1.0,-1.0,D2,2010-09-08 19:30:00,343,41.59252,1.915
0.6,252.0,20.2,59.0,984.6,-1.0,-1.0,-1.0,-1.0,D3,2010-09-08 19:30:00,252,41.38197,1.93564
1.3,288.0,18.9,66.0,1011.6,-1.0,-1.0,-1.0,-1.0,D4,2010-09-08 19:30:00,24,42.27065,3.18165
2.8,64.0,18.0,62.0,967.1,-1.0,-1.0,-1.0,-1.0,D5,2010-09-08 19:30:00,411.2,41.41843,2.12388
4.8,250.0,19.8,54.0,990.9,-1.0,-1.0,-1.0,-1.0,D6,2010-09-08 19:30:00,196,42.43515,3.16622
1.4,54.0,19.6,34.0,1007.4,-1.0,-1.0,-1.0,-1.0,D7,2010-09-08 19:30:00,53,41.18499,0.59376
1.1,243.0,18.9,30.0,955.5,-1.0,-1.0,-1.0,-1.0,D8,2010-09-08 19:30:00,515,40.95134,0.30565
2.6,290.0,22.0,48.0,1006.8,-1.0,-1.0,-1.0,-1.0,D9,2010-09-08 19:30:00,59,41.21553,1.52121
2.2,170.0,18.7,59.0,975.4,-1.0,-1.0,-1.0,-1.0,H1,2010-09-08 19:30:00,333,41.58642,1.65306
1.6,132.0,19.7,54.0,989.0,-1.0,-1.0,-1.0,-1.0,R1,2010-09-08 19:30:00,210,41.70637,1.87276
2.1,268.0,19.4,64.0,1000.0,-1.0,-1.0,-1.0,-1.0,VQ,2010-09-08 19:30:00,112,41.1713,1.16774
3.9,41.0,3.5,98.0,777.0,-1.0,-1.0,-1.0,-1.0,VS,2010-09-08 19:30:00,2247,42.63835,0.77889
-1.0,-1.0,22.4,53.0,1009.0,-1.0,-1.0,1.0,348.0,WU,2010-09-08 19:30:00,42,41.45215,2.24757
2.0,334.0,22.5,50.0,1012.0,-1.0,-1.0,-1.0,-1.0,WZ,2010-09-08 19:30:00,17,41.20187,1.63346
2.4,267.0,15.7,43.0,925.7,-1.0,-1.0,-1.0,-1.0,XA,2010-09-08 19:30:00,785,41.60257,1.4007
2.3,61.0,20.5,53.0,997.3,-1.0,-1.0,-1.0,-1.0,XC,2010-09-08 19:30:00,147,41.47892,1.97546
1.2,287.0,17.3,34.0,935.9,-1.0,-1.0,-1.0,-1.0,XD,2010-09-08 19:30:00,687,41.32,0.8857
2.0,237.0,22.6,58.0,1012.9,-1.0,-1.0,-1.0,-1.0,XE,2010-09-08 19:30:00,5,41.10393,1.201
1.7,18.0,18.0,77.0,984.2,-1.0,-1.0,-1.0,-1.0,XF,2010-09-08 19:30:00,258,41.56568,2.06952
2.3,30.0,19.5,74.0,1000.5,-1.0,-1.0,-1.0,-1.0,XG,2010-09-08 19:30:00,123,41.56734,2.22619
-1.0,-1.0,14.5,72.0,936.4,-1.0,-1.0,-1.0,-1.0,XH,2010-09-08 19:30:00,679,42.40533,1.12993
2.1,85.0,21.7,53.0,1004.1,-1.0,-1.0,-1.0,-1.0,X8,2010-09-08 19:30:00,79,41.37919,2.1054
2.1,257.0,4.3,88.0,-1.0,-1.0,-1.0,-1.0,-1.0,ZB,2010-09-08 19:30:00,2451,42.51939,1.36597
-1.0,-1.0,3.7,100.0,-1.0,-1.0,-1.0,3.4,257.0,Z1,2010-09-08 19:30:00,2266,42.64691,0.98486
-1.0,-1.0,2.8,96.0,-1.0,-1.0,-1.0,1.7,304.0,Z2,2010-09-08 19:30:00,2535,42.46602,0.88405
-1.0,-1.0,5.2,90.0,-1.0,-1.0,-1.0,0.7,235.0,Z3,2010-09-08 19:30:00,2230,42.46605,1.7785
-1.0,-1.0,4.2,98.0,-1.0,-1.0,-1.0,1.2,154.0,Z4,2010-09-08 19:30:00,2364,42.42205,2.2524
-1.0,-1.0,3.1,91.0,-1.0,-1.0,-1.0,3.2,346.0,Z5,2010-09-08 19:30:00,2400,42.70029,1.27201
-1.0,-1.0,2.6,98.0,-1.0,-1.0,-1.0,2.4,314.0,Z6,2010-09-08 19:30:00,2228,42.77011,0.73198
1.1,38.0,3.7,91.0,-1.0,-1.0,-1.0,-1.0,-1.0,Z7,2010-09-08 19:30:00,2519,42.53412,1.05476
-1.0,-1.0,4.0,88.0,-1.0,-1.0,-1.0,5.3,265.0,Z8,2010-09-08 19:30:00,2316,42.18254,1.52407
4.1,235.0,6.4,78.0,-1.0,-1.0,-1.0,-1.0,-1.0,Z9,2010-09-08 19:30:00,2143,42.29265,1.71498
0.8,76.0,16.0,47.0,935.4,-1.0,-1.0,-1.0,-1.0,CA,2010-09-08 20:00:00,693,41.95378,1.5851
0.7,232.0,13.8,88.0,942.8,-1.0,-1.0,-1.0,-1.0,CC,2010-09-08 20:00:00,626,42.07398,2.20862
1.2,186.0,16.8,45.0,917.4,-1.0,-1.0,-1.0,-1.0,CD,2010-09-08 20:00:00,849,42.37083,1.43277
1.3,25.0,17.8,65.0,977.6,-1.0,-1.0,-1.0,-1.0,CE,2010-09-08 20:00:00,316,41.53109,1.80813
0.4,233.0,8.8,93.0,859.9,-1.0,-1.0,-1.0,-1.0,CG,2010-09-08 20:00:00,1405,42.37717,2.41456
0.3,144.0,12.7,94.0,918.4,-1.0,-1.0,-1.0,-1.0,CI,2010-09-08 20:00:00,852,42.25839,2.36429
0.6,298.0,17.4,47.0,948.4,-1.0,-1.0,-1.0,-1.0,CJ,2010-09-08 20:00:00,566.5,42.21624,1.33132
0.9,180.0,15.6,63.0,973.7,-1.0,-1.0,-1.0,-1.0,CL,2010-09-08 20:00:00,349,41.67399,1.76796
1.5,85.0,16.6,47.0,935.3,-1.0,-1.0,-1.0,-1.0,CP,2010-09-08 20:00:00,690,42.13924,1.03893
0.6,351.0,14.8,54.0,945.9,-1.0,-1.0,-1.0,-1.0,CQ,2010-09-08 20:00:00,594,41.99546,1.02569
1.7,41.0,12.6,94.0,916.5,-1.0,-1.0,-1.0,-1.0,CR,2010-09-08 20:00:00,873,42.08032,1.9624
0.5,26.0,12.0,83.0,920.7,-1.0,-1.0,-1.0,-1.0,CT,2010-09-08 20:00:00,823,42.39811,0.74362
0.5,184.0,11.2,90.0,903.2,-1.0,-1.0,-1.0,-1.0,CU,2010-09-08 20:00:00,1002,42.69856,0.79397
0.7,289.0,14.9,63.0,954.5,-1.0,-1.0,-1.0,-1.0,CV,2010-09-08 20:00:00,513.3,42.23939,0.96434
1.9,241.0,17.4,42.0,963.2,-1.0,-1.0,-1.0,-1.0,CW,2010-09-08 20:00:00,446,41.39241,1.09894
2.4,256.0,15.8,61.0,922.2,-1.0,-1.0,-1.0,-1.0,CY,2010-09-08 20:00:00,816,41.87813,2.17873
2.0,194.0,16.1,58.0,983.1,-1.0,-1.0,-1.0,-1.0,C6,2010-09-08 20:00:00,264,41.6566,0.95172
3.0,250.0,18.9,38.0,964.9,-1.0,-1.0,-1.0,-1.0,C7,2010-09-08 20:00:00,427,41.66695,1.16234
2.9,253.0,17.3,37.0,949.7,-1.0,-1.0,-1.0,-1.0,C8,2010-09-08 20:00:00,554,41.67555,1.29609
-1.0,-1.0,20.2,64.0,986.7,-1.0,-1.0,-1.0,-1.0,C9,2010-09-08 20:00:00,240,40.71825,0.39988
3.5,253.0,18.7,63.0,993.6,-1.0,-1.0,-1.0,-1.0,DB,2010-09-08 20:00:00,179,40.87287,0.71581
0.5,37.0,15.2,92.0,966.2,-1.0,-1.0,-1.0,-1.0,DC,2010-09-08 20:00:00,421.5,42.19144,2.48263
2.0,294.0,20.0,68.0,1009.0,-1.0,-1.0,-1.0,-1.0,DD,2010-09-08 20:00:00,44.5,41.51175,2.38674
0.8,288.0,18.1,83.0,1011.8,-1.0,-1.0,-1.0,-1.0,DF,2010-09-08 20:00:00,28.6,41.97751,3.03543
1.4,170.0,7.1,91.0,802.6,-1.0,-1.0,-1.0,-1.0,DG,2010-09-08 20:00:00,1971.4,42.39848,2.15517
2.8,23.0,17.2,63.0,966.7,-1.0,-1.0,-1.0,-1.0,DI,2010-09-08 20:00:00,415,41.43292,1.62386
1.5,277.0,17.8,84.0,994.4,-1.0,-1.0,-1.0,-1.0,DJ,2010-09-08 20:00:00,176,42.11653,2.78969
1.6,296.0,21.7,58.0,1013.4,-1.0,-1.0,-1.0,-1.0,DK,2010-09-08 20:00:00,2,41.14677,1.41846
1.5,237.0,20.1,75.0,1013.9,-1.0,-1.0,-1.0,-1.0,DL,2010-09-08 20:00:00,0.5,40.70719,0.83449
1.2,320.0,18.0,79.0,1004.4,-1.0,-1.0,-1.0,-1.0,DM,2010-09-08 20:00:00,90,41.96012,2.80696
0.5,272.0,17.5,82.0,997.3,-1.0,-1.0,-1.0,-1.0,DN,2010-09-08 20:00:00,150,41.96095,2.63108
1.2,261.0,18.0,78.0,1013.0,-1.0,-1.0,-1.0,-1.0,DO,2010-09-08 20:00:00,14,41.80857,3.03241
2.8,69.0,12.5,70.0,891.7,-1.0,-1.0,-1.0,-1.0,DP,2010-09-08 20:00:00,1097,42.38605,1.8664
0.9,30.0,16.8,58.0,981.5,-1.0,-1.0,-1.0,-1.0,DQ,2010-09-08 20:00:00,287,41.30728,1.36259
-1.0,-1.0,16.1,47.0,967.9,-1.0,-1.0,-1.0,-1.0,D1,2010-09-08 20:00:00,404,41.28521,0.75383
-1.0,-1.0,17.6,77.0,974.6,-1.0,-1.0,-1.0,-1.0,D2,2010-09-08 20:00:00,343,41.59252,1.915
0.8,290.0,19.5,61.0,984.9,-1.0,-1.0,-1.0,-1.0,D3,2010-09-08 20:00:00,252,41.38197,1.93564
0.3,278.0,18.8,64.0,1012.0,-1.0,-1.0,-1.0,-1.0,D4,2010-09-08 20:00:00,24,42.27065,3.18165
3.2,62.0,17.7,63.0,967.3,-1.0,-1.0,-1.0,-1.0,D5,2010-09-08 20:00:00,411.2,41.41843,2.12388
5.3,266.0,20.0,52.0,991.4,-1.0,-1.0,-1.0,-1.0,D6,2010-09-08 20:00:00,196,42.43515,3.16622
0.4,67.0,18.5,39.0,1008.0,-1.0,-1.0,-1.0,-1.0,D7,2010-09-08 20:00:00,53,41.18499,0.59376
1.5,207.0,18.3,32.0,955.9,-1.0,-1.0,-1.0,-1.0,D8,2010-09-08 20:00:00,515,40.95134,0.30565
2.0,291.0,21.6,52.0,1007.1,-1.0,-1.0,-1.0,-1.0,D9,2010-09-08 20:00:00,59,41.21553,1.52121
1.9,150.0,18.2,62.0,975.7,-1.0,-1.0,-1.0,-1.0,H1,2010-09-08 20:00:00,333,41.58642,1.65306
1.4,125.0,18.2,60.0,989.4,-1.0,-1.0,-1.0,-1.0,R1,2010-09-08 20:00:00,210,41.70637,1.87276
-1.0,-1.0,17.5,75.0,-1.0,0.6,303.0,-1.0,-1.0,UA,2010-09-08 20:00:00,93,40.9091,0.76943
-1.0,-1.0,17.3,88.0,-1.0,0.9,284.0,-1.0,-1.0,UB,2010-09-08 20:00:00,15,42.05398,3.06195
-1.0,-1.0,17.1,87.0,-1.0,0.7,264.0,-1.0,-1.0,UC,2010-09-08 20:00:00,60,41.97726,2.99705
-1.0,-1.0,17.4,85.0,-1.0,-1.0,-1.0,-1.0,-1.0,UD,2010-09-08 20:00:00,12,42.02895,3.06227
-1.0,-1.0,17.4,89.0,-1.0,-1.0,-1.0,-1.0,-1.0,UE,2010-09-08 20:00:00,4,42.02306,3.15719
-1.0,-1.0,17.6,62.0,-1.0,2.3,31.0,-1.0,-1.0,UF,2010-09-08 20:00:00,573,41.28832,1.90775
-1.0,-1.0,21.6,60.0,-1.0,1.5,352.0,-1.0,-1.0,UG,2010-09-08 20:00:00,3,41.29928,2.03787
-1.0,-1.0,17.1,39.0,-1.0,0.3,273.0,1.0,284.0,UH,2010-09-08 20:00:00,545,41.34171,1.48769
-1.0,-1.0,10.3,92.0,-1.0,0.0,67.0,-1.0,-1.0,UI,2010-09-08 20:00:00,1386,42.26477,1.76218
-1.0,-1.0,14.4,51.0,-1.0,0.6,270.0,1.5,266.0,UJ,2010-09-08 20:00:00,709,41.52879,1.3683
-1.0,-1.0,19.5,58.0,-1.0,0.6,23.0,-1.0,-1.0,UK,2010-09-08 20:00:00,161,41.27861,1.80479
-1.0,-1.0,17.7,44.0,-1.0,0.5,203.0,-1.0,-1.0,UL,2010-09-08 20:00:00,228,41.52911,0.75303
-1.0,-1.0,16.6,41.0,-1.0,0.2,45.0,-1.0,-1.0,UM,2010-09-08 20:00:00,505,41.35991,0.66789
-1.0,-1.0,18.2,74.0,-1.0,0.9,31.0,-1.0,-1.0,UN,2010-09-08 20:00:00,171,41.87449,2.92694
-1.0,-1.0,18.0,79.0,-1.0,-1.0,-1.0,-1.0,-1.0,UO,2010-09-08 20:00:00,97,41.91461,2.82069
2.2,327.0,19.3,68.0,1005.0,-1.0,-1.0,-1.0,-1.0,UP,2010-09-08 20:00:00,81,41.51773,2.37702
-1.0,-1.0,15.3,90.0,-1.0,0.5,69.0,-1.0,-1.0,UQ,2010-09-08 20:00:00,460,41.61991,2.44532
-1.0,-1.0,19.6,71.0,-1.0,1.1,321.0,-1.0,-1.0,US,2010-09-08 20:00:00,24,40.55786,0.52329
1.7,264.0,19.4,76.0,1014.0,-1.0,-1.0,-1.0,-1.0,UU,2010-09-08 20:00:00,3,40.70776,0.6321
-1.0,-1.0,20.2,64.0,-1.0,1.1,249.0,-1.0,-1.0,UV,2010-09-08 20:00:00,205,40.71727,0.41633
-1.0,-1.0,23.5,62.0,1015.0,3.3,222.0,-1.0,-1.0,UW,2010-09-08 20:00:00,0,40.62725,0.65922
-1.0,-1.0,18.4,69.0,-1.0,0.4,246.0,-1.0,-1.0,UX,2010-09-08 20:00:00,210,40.62652,0.37112
-1.0,-1.0,17.4,40.0,-1.0,0.5,271.0,1.1,289.0,UY,2010-09-08 20:00:00,576,41.87912,0.76103
-1.0,-1.0,17.2,93.0,-1.0,0.3,282.0,-1.0,-1.0,U1,2010-09-08 20:00:00,31,42.30648,2.95481
0.9,284.0,17.4,89.0,1015.0,-1.0,-1.0,-1.0,-1.0,U2,2010-09-08 20:00:00,4,42.17716,3.0968
-1.0,-1.0,15.9,62.0,-1.0,1.3,345.0,-1.0,-1.0,U3,2010-09-08 20:00:00,257,41.37491,1.63032
1.3,183.0,16.1,67.0,-1.0,0.3,225.0,-1.0,-1.0,U4,2010-09-08 20:00:00,507,41.83094,1.84699
-1.0,-1.0,13.9,46.0,-1.0,0.2,192.0,-1.0,-1.0,U5,2010-09-08 20:00:00,969,41.31349,0.99611
-1.0,-1.0,18.6,63.0,-1.0,0.5,321.0,-1.0,-1.0,U6,2010-09-08 20:00:00,29,41.08017,1.06661
-1.0,-1.0,18.9,71.0,-1.0,0.3,318.0,-1.0,-1.0,U7,2010-09-08 20:00:00,52,40.85936,0.50525
-1.0,-1.0,19.4,68.0,-1.0,0.7,317.0,-1.0,-1.0,U9,2010-09-08 20:00:00,62,40.76947,0.61635
-1.0,-1.0,19.8,31.0,-1.0,1.5,275.0,-1.0,-1.0,VA,2010-09-08 20:00:00,257,41.19645,0.51161
1.0,263.0,17.3,46.0,-1.0,-1.0,-1.0,-1.0,-1.0,VB,2010-09-08 20:00:00,32,41.06289,0.63517
-1.0,-1.0,20.1,37.0,-1.0,2.1,311.0,-1.0,-1.0,VC,2010-09-08 20:00:00,69,41.24415,0.43266
-1.0,-1.0,18.3,36.0,-1.0,3.1,233.0,-1.0,-1.0,VD,2010-09-08 20:00:00,429,41.68939,1.20381
-1.0,-1.0,14.2,78.0,-1.0,0.2,192.0,-1.0,-1.0,VE,2010-09-08 20:00:00,97,41.48692,0.46058
-1.0,-1.0,15.2,68.0,-1.0,0.0,245.0,-1.0,-1.0,VF,2010-09-08 20:00:00,122,41.56482,0.54999
-1.0,-1.0,18.0,48.0,-1.0,1.0,266.0,-1.0,-1.0,VH,2010-09-08 20:00:00,259,41.65814,0.39301
-1.0,-1.0,19.2,42.0,-1.0,0.8,224.0,-1.0,-1.0,VJ,2010-09-08 20:00:00,161,41.59957,0.6478
2.6,275.0,17.6,48.0,981.1,-1.0,-1.0,-1.0,-1.0,VK,2010-09-08 20:00:00,286,41.68328,0.4487
0.2,261.0,15.7,54.0,-1.0,0.0,289.0,-1.0,-1.0,VL,2010-09-08 20:00:00,100,41.46014,0.40562
-1.0,-1.0,20.4,35.0,-1.0,3.1,273.0,-1.0,-1.0,VM,2010-09-08 20:00:00,222,41.7145,0.62839
-1.0,-1.0,18.0,78.0,-1.0,-1.0,-1.0,-1.0,-1.0,VN,2010-09-08 20:00:00,117,41.88244,2.74262
-1.0,-1.0,13.7,57.0,-1.0,0.7,51.0,-1.0,-1.0,VO,2010-09-08 20:00:00,785,42.08745,1.42792
-1.0,-1.0,15.1,52.0,-1.0,0.6,114.0,0.9,210.0,VP,2010-09-08 20:00:00,659,41.80483,1.53853
1.9,292.0,17.7,69.0,1001.0,-1.0,-1.0,-1.0,-1.0,VQ,2010-09-08 20:00:00,112,41.1713,1.16774
-1.0,-1.0,16.7,52.0,-1.0,0.5,182.0,-1.0,-1.0,VR,2010-09-08 20:00:00,291,41.68994,1.04401
4.8,41.0,3.4,98.0,777.3,-1.0,-1.0,-1.0,-1.0,VS,2010-09-08 20:00:00,2247,42.63835,0.77889
-1.0,-1.0,18.0,69.0,-1.0,0.3,181.0,-1.0,-1.0,VT,2010-09-08 20:00:00,84,41.48401,2.12745
-1.0,-1.0,17.8,62.0,-1.0,0.9,138.0,-1.0,-1.0,VU,2010-09-08 20:00:00,421,41.63286,1.91718
0.5,15.0,11.7,93.0,-1.0,-1.0,-1.0,-1.0,-1.0,VV,2010-09-08 20:00:00,528,41.68129,2.02647
-1.0,-1.0,13.1,77.0,-1.0,0.8,154.0,-1.0,-1.0,VX,2010-09-08 20:00:00,1030,41.74761,2.30291
-1.0,-1.0,18.4,67.0,-1.0,-1.0,-1.0,-1.0,-1.0,VY,2010-09-08 20:00:00,240,41.25095,1.29863
-1.0,-1.0,17.5,84.0,-1.0,-1.0,-1.0,-1.0,-1.0,VZ,2010-09-08 20:00:00,83,42.38443,3.00736
-1.0,-1.0,17.6,54.0,-1.0,0.5,146.0,-1.0,-1.0,V1,2010-09-08 20:00:00,238,41.78487,0.82939
-1.0,-1.0,15.4,84.0,-1.0,0.4,306.0,-1.0,-1.0,V3,2010-09-08 20:00:00,509,41.95224,2.23271
-1.0,-1.0,14.2,81.0,937.0,-1.0,-1.0,0.4,3.0,V4,2010-09-08 20:00:00,684,42.11477,2.21483
-1.0,-1.0,13.4,90.0,-1.0,1.8,95.0,2.1,81.0,V5,2010-09-08 20:00:00,774,42.03947,2.11993
-1.0,-1.0,14.3,75.0,-1.0,0.0,203.0,-1.0,-1.0,V8,2010-09-08 20:00:00,223,41.67279,0.87741
-1.0,-1.0,17.5,43.0,-1.0,1.3,288.0,-1.0,-1.0,WA,2010-09-08 20:00:00,443,41.87694,1.1541
-1.0,-1.0,16.9,49.0,-1.0,1.2,311.0,-1.0,-1.0,WB,2010-09-08 20:00:00,267,41.76036,0.67022
-1.0,-1.0,16.6,53.0,-1.0,1.1,196.0,-1.0,-1.0,WC,2010-09-08 20:00:00,261,41.63642,0.92446
-1.0,-1.0,18.2,34.0,-1.0,0.4,190.0,-1.0,-1.0,WD,2010-09-08 20:00:00,382,41.08671,0.31884
-1.0,-1.0,15.6,84.0,-1.0,0.7,73.0,-1.0,-1.0,WE,2010-09-08 20:00:00,126,41.5444,2.30014
-1.0,-1.0,17.2,86.0,-1.0,-1.0,-1.0,-1.0,-1.0,WF,2010-09-08 20:00:00,108,41.95425,2.77578
-1.0,-1.0,18.7,40.0,-1.0,1.3,272.0,-1.0,-1.0,WG,2010-09-08 20:00:00,301,41.80104,0.64804
-1.0,-1.0,16.8,41.0,-1.0,0.2,246.0,-1.0,-1.0,WI,2010-09-08 20:00:00,350,41.35741,0.4809
-1.0,-1.0,17.4,38.0,-1.0,1.2,126.0,-1.0,-1.0,WJ,2010-09-08 20:00:00,141,41.1223,0.72182
-1.0,-1.0,16.1,53.0,-1.0,0.3,333.0,-1.0,-1.0,WK,2010-09-08 20:00:00,268,41.81949,0.57768
-1.0,-1.0,18.1,37.0,-1.0,1.4,202.0,-1.0,-1.0,WL,2010-09-08 20:00:00,413,41.57236,1.0882
0.3,125.0,12.3,82.0,-1.0,-1.0,-1.0,-1.0,-1.0,WM,2010-09-08 20:00:00,1167,42.10736,1.8267
-1.0,-1.0,14.6,72.0,-1.0,-1.0,-1.0,2.8,219.0,WN,2010-09-08 20:00:00,916,41.59539,1.83751
-1.0,-1.0,17.3,59.0,-1.0,-1.0,-1.0,-1.0,-1.0,WO,2010-09-08 20:00:00,185,41.27151,1.46717
-1.0,-1.0,15.8,72.0,-1.0,1.2,324.0,-1.0,-1.0,WP,2010-09-08 20:00:00,325,41.48518,1.69337
8.3,320.0,9.8,56.0,842.6,-1.0,-1.0,-1.0,-1.0,WQ,2010-09-08 20:00:00,1572,42.0513,0.72952
-1.0,-1.0,18.9,32.0,-1.0,0.0,44.0,-1.0,-1.0,WR,2010-09-08 20:00:00,300,41.2163,0.79748
1.6,145.0,12.1,90.0,908.0,-1.0,-1.0,-1.0,-1.0,WS,2010-09-08 20:00:00,953,41.84008,2.41877
2.7,342.0,18.5,92.0,1015.0,-1.0,-1.0,-1.0,-1.0,WT,2010-09-08 20:00:00,2,41.64707,2.75658
-1.0,-1.0,22.3,54.0,1009.0,-1.0,-1.0,1.1,347.0,WU,2010-09-08 20:00:00,42,41.45215,2.24757
0.7,300.0,13.7,85.0,926.0,-1.0,-1.0,-1.0,-1.0,WV,2010-09-08 20:00:00,788,42.23414,1.87485
-1.0,-1.0,16.6,76.0,-1.0,-1.0,-1.0,-1.0,-1.0,WW,2010-09-08 20:00:00,278,41.79423,1.9368
-1.0,-1.0,16.5,43.0,-1.0,1.5,271.0,-1.0,-1.0,WX,2010-09-08 20:00:00,668,41.9178,0.88175
-1.0,-1.0,18.7,64.0,-1.0,0.5,286.0,-1.0,-1.0,WY,2010-09-08 20:00:00,164,41.43386,1.79429
1.7,346.0,21.0,51.0,1012.0,-1.0,-1.0,-1.0,-1.0,WZ,2010-09-08 20:00:00,17,41.20187,1.63346
-1.0,-1.0,17.8,87.0,-1.0,-1.0,-1.0,-1.0,-1.0,W1,2010-09-08 20:00:00,2,42.24726,3.09021
-1.0,-1.0,16.8,92.0,-1.0,-1.0,-1.0,-1.0,-1.0,W2,2010-09-08 20:00:00,7,42.18259,3.05783
-1.0,-1.0,17.2,91.0,-1.0,-1.0,-1.0,-1.0,-1.0,W3,2010-09-08 20:00:00,4,42.15006,3.06494
-1.0,-1.0,18.1,64.0,-1.0,1.0,330.0,-1.0,-1.0,W4,2010-09-08 20:00:00,240,41.36619,1.72857
-1.0,-1.0,15.7,49.0,-1.0,0.5,65.0,-1.0,-1.0,W5,2010-09-08 20:00:00,490,42.07683,1.31489
-1.0,-1.0,16.8,49.0,-1.0,0.5,353.0,-1.0,-1.0,W6,2010-09-08 20:00:00,158,41.13738,1.0187
-1.0,-1.0,16.7,46.0,-1.0,-1.0,-1.0,-1.0,-1.0,W8,2010-09-08 20:00:00,438,41.44237,1.15998
-1.0,-1.0,15.1,96.0,-1.0,0.1,164.0,-1.0,-1.0,W9,2010-09-08 20:00:00,461,42.14557,2.45451
2.5,280.0,15.6,44.0,925.9,-1.0,-1.0,-1.0,-1.0,XA,2010-09-08 20:00:00,785,41.60257,1.4007
-1.0,-1.0,12.1,73.0,-1.0,-1.0,-1.0,-1.0,-1.0,XB,2010-09-08 20:00:00,584,41.4779,1.53529
2.7,63.0,19.8,65.0,997.6,-1.0,-1.0,-1.0,-1.0,XC,2010-09-08 20:00:00,147,41.47892,1.97546
1.7,270.0,16.7,36.0,936.2,-1.0,-1.0,-1.0,-1.0,XD,2010-09-08 20:00:00,687,41.32,0.8857
2.6,261.0,22.3,61.0,1013.3,-1.0,-1.0,-1.0,-1.0,XE,2010-09-08 20:00:00,5,41.10393,1.201
1.5,19.0,17.4,80.0,984.5,-1.0,-1.0,-1.0,-1.0,XF,2010-09-08 20:00:00,258,41.56568,2.06952
1.7,42.0,19.3,75.0,1000.7,-1.0,-1.0,-1.0,-1.0,XG,2010-09-08 20:00:00,123,41.56734,2.22619
-1.0,-1.0,14.2,71.0,936.9,-1.0,-1.0,-1.0,-1.0,XH,2010-09-08 20:00:00,679,42.40533,1.12993
-1.0,-1.0,18.8,41.0,985.6,1.5,230.0,-1.0,-1.0,XI,2010-09-08 20:00:00,247,41.61817,0.87182
1.4,118.0,17.4,38.0,973.9,-1.0,-1.0,-1.0,-1.0,X1,2010-09-08 20:00:00,359,41.15374,0.81953
-1.0,-1.0,21.9,59.0,-1.0,-1.0,-1.0,-1.0,-1.0,X2,2010-09-08 20:00:00,7,41.38943,2.18847
4.8,275.0,17.0,50.0,971.0,-1.0,-1.0,-1.0,-1.0,X3,2010-09-08 20:00:00,370,41.74281,0.5358
1.7,68.0,23.1,53.0,1010.0,-1.0,-1.0,-1.0,-1.0,X4,2010-09-08 20:00:00,33,41.3839,2.16775
0.5,59.0,10.6,54.0,898.7,-1.0,-1.0,-1.0,-1.0,X5,2010-09-08 20:00:00,1055,40.79705,0.31822
-1.0,-1.0,16.3,45.0,-1.0,0.5,15.0,-1.0,-1.0,X6,2010-09-08 20:00:00,366,41.92173,1.02901
-1.0,-1.0,20.8,34.0,-1.0,2.1,252.0,-1.0,-1.0,X7,2010-09-08 20:00:00,215,41.51909,0.55314
2.0,52.0,21.6,54.0,1004.4,-1.0,-1.0,-1.0,-1.0,X8,2010-09-08 20:00:00,79,41.37919,2.1054
2.5,341.0,16.9,80.0,995.0,-1.0,-1.0,-1.0,-1.0,X9,2010-09-08 20:00:00,176,41.61265,2.16836
2.5,266.0,4.2,87.0,-1.0,-1.0,-1.0,-1.0,-1.0,ZB,2010-09-08 20:00:00,2451,42.51939,1.36597
-1.0,-1.0,3.2,100.0,-1.0,-1.0,-1.0,3.4,254.0,Z1,2010-09-08 20:00:00,2266,42.64691,0.98486
-1.0,-1.0,2.6,98.0,-1.0,-1.0,-1.0,3.2,302.0,Z2,2010-09-08 20:00:00,2535,42.46602,0.88405
-1.0,-1.0,5.2,90.0,-1.0,-1.0,-1.0,0.5,191.0,Z3,2010-09-08 20:00:00,2230,42.46605,1.7785
-1.0,-1.0,4.1,98.0,-1.0,-1.0,-1.0,1.4,90.0,Z4,2010-09-08 20:00:00,2364,42.42205,2.2524
-1.0,-1.0,3.0,90.0,-1.0,-1.0,-1.0,3.8,357.0,Z5,2010-09-08 20:00:00,2400,42.70029,1.27201
-1.0,-1.0,2.4,98.0,-1.0,-1.0,-1.0,3.3,326.0,Z6,2010-09-08 20:00:00,2228,42.77011,0.73198
1.3,0.0,3.8,89.0,-1.0,-1.0,-1.0,-1.0,-1.0,Z7,2010-09-08 20:00:00,2519,42.53412,1.05476
-1.0,-1.0,3.8,90.0,-1.0,-1.0,-1.0,5.4,265.0,Z8,2010-09-08 20:00:00,2316,42.18254,1.52407
3.0,245.0,6.3,78.0,-1.0,-1.0,-1.0,-1.0,-1.0,Z9,2010-09-08 20:00:00,2143,42.29265,1.71498
2.4,77.0,16.0,52.0,935.5,-1.0,-1.0,-1.0,-1.0,CA,2010-09-08 20:30:00,693,41.95378,1.5851
1.0,240.0,13.4,89.0,942.9,-1.0,-1.0,-1.0,-1.0,CC,2010-09-08 20:30:00,626,42.07398,2.20862
1.7,356.0,16.0,48.0,917.6,-1.0,-1.0,-1.0,-1.0,CD,2010-09-08 20:30:00,849,42.37083,1.43277
1.3,2.0,17.1,70.0,977.7,-1.0,-1.0,-1.0,-1.0,CE,2010-09-08 20:30:00,316,41.53109,1.80813
0.5,242.0,8.7,94.0,860.0,-1.0,-1.0,-1.0,-1.0,CG,2010-09-08 20:30:00,1405,42.37717,2.41456
0.4,152.0,12.7,95.0,918.4,-1.0,-1.0,-1.0,-1.0,CI,2010-09-08 20:30:00,852,42.25839,2.36429
1.2,332.0,15.5,54.0,948.6,-1.0,-1.0,-1.0,-1.0,CJ,2010-09-08 20:30:00,566.5,42.21624,1.33132
0.7,192.0,14.3,69.0,973.6,-1.0,-1.0,-1.0,-1.0,CL,2010-09-08 20:30:00,349,41.67399,1.76796
1.3,70.0,16.3,48.0,935.4,-1.0,-1.0,-1.0,-1.0,CP,2010-09-08 20:30:00,690,42.13924,1.03893
0.8,330.0,13.9,57.0,945.9,-1.0,-1.0,-1.0,-1.0,CQ,2010-09-08 20:30:00,594,41.99546,1.02569
1.0,42.0,11.8,95.0,916.5,-1.0,-1.0,-1.0,-1.0,CR,2010-09-08 20:30:00,873,42.08032,1.9624
0.5,24.0,11.3,85.0,920.8,-1.0,-1.0,-1.0,-1.0,CT,2010-09-08 20:30:00,823,42.39811,0.74362
0.7,180.0,10.9,91.0,903.2,-1.0,-1.0,-1.0,-1.0,CU,2010-09-08 20:30:00,1002,42.69856,0.79397
0.5,298.0,14.5,65.0,954.7,-1.0,-1.0,-1.0,-1.0,CV,2010-09-08 20:30:00,513.3,42.23939,0.96434
1.9,253.0,16.3,47.0,963.3,-1.0,-1.0,-1.0,-1.0,CW,2010-09-08 20:30:00,446,41.39241,1.09894
1.1,6.0,14.5,75.0,922.4,-1.0,-1.0,-1.0,-1.0,CY,2010-09-08 20:30:00,816,41.87813,2.17873
1.8,172.0,15.1,63.0,983.2,-1.0,-1.0,-1.0,-1.0,C6,2010-09-08 20:30:00,264,41.6566,0.95172
1.8,216.0,18.5,38.0,965.0,-1.0,-1.0,-1.0,-1.0,C7,2010-09-08 20:30:00,427,41.66695,1.16234
3.7,254.0,17.3,38.0,949.8,-1.0,-1.0,-1.0,-1.0,C8,2010-09-08 20:30:00,554,41.67555,1.29609
-1.0,-1.0,19.9,57.0,986.8,-1.0,-1.0,-1.0,-1.0,C9,2010-09-08 20:30:00,240,40.71825,0.39988
4.0,239.0,20.0,64.0,993.7,-1.0,-1.0,-1.0,-1.0,DB,2010-09-08 20:30:00,179,40.87287,0.71581
0.3,259.0,15.1,93.0,966.4,-1.0,-1.0,-1.0,-1.0,DC,2010-09-08 20:30:00,421.5,42.19144,2.48263
1.4,299.0,19.6,70.0,1009.1,-1.0,-1.0,-1.0,-1.0,DD,2010-09-08 20:30:00,44.5,41.51175,2.38674
0.9,79.0,17.6,86.0,1012.0,-1.0,-1.0,-1.0,-1.0,DF,2010-09-08 20:30:00,28.6,41.97751,3.03543
1.5,177.0,7.0,91.0,802.8,-1.0,-1.0,-1.0,-1.0,DG,2010-09-08 20:30:00,1971.4,42.39848,2.15517
1.3,12.0,16.7,63.0,966.7,-1.0,-1.0,-1.0,-1.0,DI,2010-09-08 20:30:00,415,41.43292,1.62386
0.9,311.0,17.5,88.0,994.5,-1.0,-1.0,-1.0,-1.0,DJ,2010-09-08 20:30:00,176,42.11653,2.78969
1.1,302.0,21.0,62.0,1013.6,-1.0,-1.0,-1.0,-1.0,DK,2010-09-08 20:30:00,2,41.14677,1.41846
1.1,247.0,20.2,73.0,1014.1,-1.0,-1.0,-1.0,-1.0,DL,2010-09-08 20:30:00,0.5,40.70719,0.83449
0.9,313.0,17.8,80.0,1004.6,-1.0,-1.0,-1.0,-1.0,DM,2010-09-08 20:30:00,90,41.96012,2.80696
0.3,249.0,17.5,83.0,997.5,-1.0,-1.0,-1.0,-1.0,DN,2010-09-08 20:30:00,150,41.96095,2.63108
1.7,255.0,17.6,79.0,1013.2,-1.0,-1.0,-1.0,-1.0,DO,2010-09-08 20:30:00,14,41.80857,3.03241
2.5,94.0,12.1,72.0,891.9,-1.0,-1.0,-1.0,-1.0,DP,2010-09-08 20:30:00,1097,42.38605,1.8664
1.1,8.0,15.8,58.0,981.5,-1.0,-1.0,-1.0,-1.0,DQ,2010-09-08 20:30:00,287,41.30728,1.36259
-1.0,-1.0,15.6,49.0,968.1,-1.0,-1.0,-1.0,-1.0,D1,2010-09-08 20:30:00,404,41.28521,0.75383
-1.0,-1.0,17.0,80.0,974.9,-1.0,-1.0,-1.0,-1.0,D2,2010-09-08 20:30:00,343,41.59252,1.915
1.3,244.0,19.0,63.0,985.0,-1.0,-1.0,-1.0,-1.0,D3,2010-09-08 20:30:00,252,41.38197,1.93564
0.8,270.0,18.8,66.0,1012.1,-1.0,-1.0,-1.0,-1.0,D4,2010-09-08 20:30:00,24,42.27065,3.18165
2.5,51.0,17.6,63.0,967.4,-1.0,-1.0,-1.0,-1.0,D5,2010-09-08 20:30:00,411.2,41.41843,2.12388
4.5,302.0,19.9,51.0,991.7,-1.0,-1.0,-1.0,-1.0,D6,2010-09-08 20:30:00,196,42.43515,3.16622
1.0,39.0,17.3,44.0,1008.2,-1.0,-1.0,-1.0,-1.0,D7,2010-09-08 20:30:00,53,41.18499,0.59376
1.7,199.0,17.4,35.0,956.0,-1.0,-1.0,-1.0,-1.0,D8,2010-09-08 20:30:00,515,40.95134,0.30565
1.4,24.0,20.4,53.0,1007.3,-1.0,-1.0,-1.0,-1.0,D9,2010-09-08 20:30:00,59,41.21553,1.52121
1.3,257.0,17.3,66.0,975.7,-1.0,-1.0,-1.0,-1.0,H1,2010-09-08 20:30:00,333,41.58642,1.65306
0.9,111.0,16.6,67.0,989.6,-1.0,-1.0,-1.0,-1.0,R1,2010-09-08 20:30:00,210,41.70637,1.87276
1.0,296.0,16.6,67.0,1001.0,-1.0,-1.0,-1.0,-1.0,VQ,2010-09-08 20:30:00,112,41.1713,1.16774
5.3,38.0,3.5,94.0,777.4,-1.0,-1.0,-1.0,-1.0,VS,2010-09-08 20:30:00,2247,42.63835,0.77889
-1.0,-1.0,21.9,55.0,1009.0,-1.0,-1.0,0.7,347.0,WU,2010-09-08 20:30:00,42,41.45215,2.24757
1.5,336.0,19.6,56.0,1012.0,-1.0,-1.0,-1.0,-1.0,WZ,2010-09-08 20:30:00,17,41.20187,1.63346
2.1,260.0,15.4,45.0,926.0,-1.0,-1.0,-1.0,-1.0,XA,2010-09-08 20:30:00,785,41.60257,1.4007
2.1,93.0,19.4,69.0,997.7,-1.0,-1.0,-1.0,-1.0,XC,2010-09-08 20:30:00,147,41.47892,1.97546
1.4,275.0,16.6,37.0,936.3,-1.0,-1.0,-1.0,-1.0,XD,2010-09-08 20:30:00,687,41.32,0.8857
2.3,250.0,21.8,57.0,1013.5,-1.0,-1.0,-1.0,-1.0,XE,2010-09-08 20:30:00,5,41.10393,1.201
2.1,358.0,16.8,83.0,984.5,-1.0,-1.0,-1.0,-1.0,XF,2010-09-08 20:30:00,258,41.56568,2.06952
1.4,66.0,19.1,76.0,1000.8,-1.0,-1.0,-1.0,-1.0,XG,2010-09-08 20:30:00,123,41.56734,2.22619
-1.0,-1.0,14.7,70.0,937.1,-1.0,-1.0,-1.0,-1.0,XH,2010-09-08 20:30:00,679,42.40533,1.12993
1.9,30.0,21.0,56.0,1004.6,-1.0,-1.0,-1.0,-1.0,X8,2010-09-08 20:30:00,79,41.37919,2.1054
4.0,254.0,3.8,91.0,-1.0,-1.0,-1.0,-1.0,-1.0,ZB,2010-09-08 20:30:00,2451,42.51939,1.36597
-1.0,-1.0,2.7,100.0,-1.0,-1.0,-1.0,3.8,255.0,Z1,2010-09-08 20:30:00,2266,42.64691,0.98486
-1.0,-1.0,2.5,98.0,-1.0,-1.0,-1.0,3.3,287.0,Z2,2010-09-08 20:30:00,2535,42.46602,0.88405
-1.0,-1.0,4.9,93.0,-1.0,-1.0,-1.0,0.5,217.0,Z3,2010-09-08 20:30:00,2230,42.46605,1.7785
-1.0,-1.0,4.0,98.0,-1.0,-1.0,-1.0,1.6,170.0,Z4,2010-09-08 20:30:00,2364,42.42205,2.2524
-1.0,-1.0,2.1,93.0,-1.0,-1.0,-1.0,5.7,334.0,Z5,2010-09-08 20:30:00,2400,42.70029,1.27201
-1.0,-1.0,2.1,96.0,-1.0,-1.0,-1.0,3.6,320.0,Z6,2010-09-08 20:30:00,2228,42.77011,0.73198
1.9,58.0,3.2,97.0,-1.0,-1.0,-1.0,-1.0,-1.0,Z7,2010-09-08 20:30:00,2519,42.53412,1.05476
-1.0,-1.0,3.5,90.0,-1.0,-1.0,-1.0,4.7,251.0,Z8,2010-09-08 20:30:00,2316,42.18254,1.52407
3.1,249.0,6.0,79.0,-1.0,-1.0,-1.0,-1.0,-1.0,Z9,2010-09-08 20:30:00,2143,42.29265,1.71498
1.6,59.0,15.4,59.0,935.6,-1.0,-1.0,-1.0,-1.0,CA,2010-09-08 21:00:00,693,41.95378,1.5851
0.9,228.0,13.2,89.0,943.0,-1.0,-1.0,-1.0,-1.0,CC,2010-09-08 21:00:00,626,42.07398,2.20862
1.1,33.0,15.3,50.0,917.8,-1.0,-1.0,-1.0,-1.0,CD,2010-09-08 21:00:00,849,42.37083,1.43277
1.0,60.0,17.2,73.0,977.7,-1.0,-1.0,-1.0,-1.0,CE,2010-09-08 21:00:00,316,41.53109,1.80813
1.0,330.0,8.7,93.0,860.1,-1.0,-1.0,-1.0,-1.0,CG,2010-09-08 21:00:00,1405,42.37717,2.41456
0.4,68.0,12.7,94.0,918.5,-1.0,-1.0,-1.0,-1.0,CI,2010-09-08 21:00:00,852,42.25839,2.36429
1.7,301.0,14.6,57.0,948.8,-1.0,-1.0,-1.0,-1.0,CJ,2010-09-08 21:00:00,566.5,42.21624,1.33132
1.0,142.0,13.7,72.0,973.8,-1.0,-1.0,-1.0,-1.0,CL,2010-09-08 21:00:00,349,41.67399,1.76796
3.0,94.0,15.3,52.0,935.5,-1.0,-1.0,-1.0,-1.0,CP,2010-09-08 21:00:00,690,42.13924,1.03893
0.8,343.0,13.6,58.0,946.1,-1.0,-1.0,-1.0,-1.0,CQ,2010-09-08 21:00:00,594,41.99546,1.02569
2.3,44.0,11.5,96.0,916.6,-1.0,-1.0,-1.0,-1.0,CR,2010-09-08 21:00:00,873,42.08032,1.9624
0.5,4.0,10.5,88.0,921.0,-1.0,-1.0,-1.0,-1.0,CT,2010-09-08 21:00:00,823,42.39811,0.74362
0.5,183.0,10.7,92.0,903.2,-1.0,-1.0,-1.0,-1.0,CU,2010-09-08 21:00:00,1002,42.69856,0.79397
0.6,297.0,14.2,66.0,954.9,-1.0,-1.0,-1.0,-1.0,CV,2010-09-08 21:00:00,513.3,42.23939,0.96434
1.6,268.0,15.7,49.0,963.4,-1.0,-1.0,-1.0,-1.0,CW,2010-09-08 21:00:00,446,41.39241,1.09894
1.4,80.0,13.6,82.0,922.5,-1.0,-1.0,-1.0,-1.0,CY,2010-09-08 21:00:00,816,41.87813,2.17873
2.5,204.0,14.5,65.0,983.3,-1.0,-1.0,-1.0,-1.0,C6,2010-09-08 21:00:00,264,41.6566,0.95172
1.9,213.0,17.9,39.0,965.0,-1.0,-1.0,-1.0,-1.0,C7,2010-09-08 21:00:00,427,41.66695,1.16234
3.2,247.0,16.8,40.0,950.0,-1.0,-1.0,-1.0,-1.0,C8,2010-09-08 21:00:00,554,41.67555,1.29609
-1.0,-1.0,19.6,49.0,986.9,-1.0,-1.0,-1.0,-1.0,C9,2010-09-08 21:00:00,240,40.71825,0.39988
3.2,245.0,19.7,66.0,993.8,-1.0,-1.0,-1.0,-1.0,DB,2010-09-08 21:00:00,179,40.87287,0.71581
0.4,333.0,15.0,94.0,966.5,-1.0,-1.0,-1.0,-1.0,DC,2010-09-08 21:00:00,421.5,42.19144,2.48263
1.4,295.0,18.9,73.0,1009.1,-1.0,-1.0,-1.0,-1.0,DD,2010-09-08 21:00:00,44.5,41.51175,2.38674
1.1,192.0,17.1,88.0,1012.0,-1.0,-1.0,-1.0,-1.0,DF,2010-09-08 21:00:00,28.6,41.97751,3.03543
1.0,191.0,6.9,92.0,802.8,-1.0,-1.0,-1.0,-1.0,DG,2010-09-08 21:00:00,1971.4,42.39848,2.15517
1.4,332.0,15.9,63.0,966.9,-1.0,-1.0,-1.0,-1.0,DI,2010-09-08 21:00:00,415,41.43292,1.62386
1.6,322.0,17.3,87.0,994.7,-1.0,-1.0,-1.0,-1.0,DJ,2010-09-08 21:00:00,176,42.11653,2.78969
1.5,294.0,20.5,65.0,1013.7,-1.0,-1.0,-1.0,-1.0,DK,2010-09-08 21:00:00,2,41.14677,1.41846
0.7,284.0,20.1,76.0,1014.1,-1.0,-1.0,-1.0,-1.0,DL,2010-09-08 21:00:00,0.5,40.70719,0.83449
0.6,323.0,17.8,80.0,1004.6,-1.0,-1.0,-1.0,-1.0,DM,2010-09-08 21:00:00,90,41.96012,2.80696
0.5,287.0,17.0,88.0,997.6,-1.0,-1.0,-1.0,-1.0,DN,2010-09-08 21:00:00,150,41.96095,2.63108
1.1,262.0,17.3,82.0,1013.4,-1.0,-1.0,-1.0,-1.0,DO,2010-09-08 21:00:00,14,41.80857,3.03241
1.9,36.0,11.5,76.0,892.1,-1.0,-1.0,-1.0,-1.0,DP,2010-09-08 21:00:00,1097,42.38605,1.8664
1.0,5.0,14.9,62.0,981.6,-1.0,-1.0,-1.0,-1.0,DQ,2010-09-08 21:00:00,287,41.30728,1.36259
-1.0,-1.0,15.3,51.0,968.3,-1.0,-1.0,-1.0,-1.0,D1,2010-09-08 21:00:00,404,41.28521,0.75383
-1.0,-1.0,16.5,79.0,974.8,-1.0,-1.0,-1.0,-1.0,D2,2010-09-08 21:00:00,343,41.59252,1.915
1.4,275.0,18.5,65.0,985.0,-1.0,-1.0,-1.0,-1.0,D3,2010-09-08 21:00:00,252,41.38197,1.93564
1.3,287.0,18.4,72.0,1012.4,-1.0,-1.0,-1.0,-1.0,D4,2010-09-08 21:00:00,24,42.27065,3.18165
2.2,73.0,18.1,62.0,967.4,-1.0,-1.0,-1.0,-1.0,D5,2010-09-08 21:00:00,411.2,41.41843,2.12388
5.6,328.0,19.8,50.0,992.0,-1.0,-1.0,-1.0,-1.0,D6,2010-09-08 21:00:00,196,42.43515,3.16622
0.9,36.0,16.7,48.0,1008.4,-1.0,-1.0,-1.0,-1.0,D7,2010-09-08 21:00:00,53,41.18499,0.59376
1.6,217.0,16.9,37.0,956.1,-1.0,-1.0,-1.0,-1.0,D8,2010-09-08 21:00:00,515,40.95134,0.30565
0.7,2.0,19.4,51.0,1007.5,-1.0,-1.0,-1.0,-1.0,D9,2010-09-08 21:00:00,59,41.21553,1.52121
1.0,342.0,15.9,71.0,975.9,-1.0,-1.0,-1.0,-1.0,H1,2010-09-08 21:00:00,333,41.58642,1.65306
0.5,2.0,15.7,72.0,989.6,-1.0,-1.0,-1.0,-1.0,R1,2010-09-08 21:00:00,210,41.70637,1.87276
-1.0,-1.0,17.4,71.0,-1.0,0.7,316.0,-1.0,-1.0,UA,2010-09-08 21:00:00,93,40.9091,0.76943
-1.0,-1.0,16.7,91.0,-1.0,0.5,310.0,-1.0,-1.0,UB,2010-09-08 21:00:00,15,42.05398,3.06195
-1.0,-1.0,16.4,90.0,-1.0,0.7,229.0,-1.0,-1.0,UC,2010-09-08 21:00:00,60,41.97726,2.99705
-1.0,-1.0,17.6,82.0,-1.0,-1.0,-1.0,-1.0,-1.0,UD,2010-09-08 21:00:00,12,42.02895,3.06227
-1.0,-1.0,17.0,94.0,-1.0,-1.0,-1.0,-1.0,-1.0,UE,2010-09-08 21:00:00,4,42.02306,3.15719
-1.0,-1.0,17.9,50.0,-1.0,1.5,334.0,-1.0,-1.0,UF,2010-09-08 21:00:00,573,41.28832,1.90775
-1.0,-1.0,20.5,64.0,-1.0,0.6,354.0,-1.0,-1.0,UG,2010-09-08 21:00:00,3,41.29928,2.03787
-1.0,-1.0,16.1,40.0,-1.0,0.1,213.0,0.3,216.0,UH,2010-09-08 21:00:00,545,41.34171,1.48769
-1.0,-1.0,10.0,92.0,-1.0,0.0,93.0,-1.0,-1.0,UI,2010-09-08 21:00:00,1386,42.26477,1.76218
-1.0,-1.0,14.8,49.0,-1.0,0.7,274.0,1.6,283.0,UJ,2010-09-08 21:00:00,709,41.52879,1.3683
-1.0,-1.0,18.7,62.0,-1.0,0.6,39.0,-1.0,-1.0,UK,2010-09-08 21:00:00,161,41.27861,1.80479
-1.0,-1.0,18.0,42.0,-1.0,1.2,222.0,-1.0,-1.0,UL,2010-09-08 21:00:00,228,41.52911,0.75303
-1.0,-1.0,16.2,45.0,-1.0,0.4,136.0,-1.0,-1.0,UM,2010-09-08 21:00:00,505,41.35991,0.66789
-1.0,-1.0,18.3,72.0,-1.0,0.9,40.0,-1.0,-1.0,UN,2010-09-08 21:00:00,171,41.87449,2.92694
-1.0,-1.0,17.6,83.0,-1.0,-1.0,-1.0,-1.0,-1.0,UO,2010-09-08 21:00:00,97,41.91461,2.82069
1.8,332.0,18.6,73.0,1005.0,-1.0,-1.0,-1.0,-1.0,UP,2010-09-08 21:00:00,81,41.51773,2.37702
-1.0,-1.0,15.3,86.0,-1.0,0.5,52.0,-1.0,-1.0,UQ,2010-09-08 21:00:00,460,41.61991,2.44532
-1.0,-1.0,20.1,70.0,-1.0,1.1,315.0,-1.0,-1.0,US,2010-09-08 21:00:00,24,40.55786,0.52329
1.8,323.0,20.2,72.0,1014.0,-1.0,-1.0,-1.0,-1.0,UU,2010-09-08 21:00:00,3,40.70776,0.6321
-1.0,-1.0,19.3,50.0,-1.0,0.9,259.0,-1.0,-1.0,UV,2010-09-08 21:00:00,205,40.71727,0.41633
-1.0,-1.0,22.4,67.0,1015.0,1.5,272.0,-1.0,-1.0,UW,2010-09-08 21:00:00,0,40.62725,0.65922
-1.0,-1.0,17.8,68.0,-1.0,0.5,258.0,-1.0,-1.0,UX,2010-09-08 21:00:00,210,40.62652,0.37112
-1.0,-1.0,15.2,47.0,-1.0,0.5,14.0,1.0,5.0,UY,2010-09-08 21:00:00,576,41.87912,0.76103
-1.0,-1.0,17.3,93.0,-1.0,0.7,313.0,-1.0,-1.0,U1,2010-09-08 21:00:00,31,42.30648,2.95481
1.1,309.0,17.5,90.0,1015.0,-1.0,-1.0,-1.0,-1.0,U2,2010-09-08 21:00:00,4,42.17716,3.0968
-1.0,-1.0,14.7,66.0,-1.0,1.3,345.0,-1.0,-1.0,U3,2010-09-08 21:00:00,257,41.37491,1.63032
1.0,157.0,16.1,68.0,-1.0,0.4,343.0,-1.0,-1.0,U4,2010-09-08 21:00:00,507,41.83094,1.84699
-1.0,-1.0,10.9,63.0,-1.0,0.1,56.0,-1.0,-1.0,U5,2010-09-08 21:00:00,969,41.31349,0.99611
-1.0,-1.0,17.4,55.0,-1.0,0.7,317.0,-1.0,-1.0,U6,2010-09-08 21:00:00,29,41.08017,1.06661
-1.0,-1.0,18.0,70.0,-1.0,0.7,346.0,-1.0,-1.0,U7,2010-09-08 21:00:00,52,40.85936,0.50525
-1.0,-1.0,18.8,73.0,-1.0,0.5,303.0,-1.0,-1.0,U9,2010-09-08 21:00:00,62,40.76947,0.61635
-1.0,-1.0,20.1,31.0,-1.0,0.9,279.0,-1.0,-1.0,VA,2010-09-08 21:00:00,257,41.19645,0.51161
0.5,10.0,16.9,54.0,-1.0,-1.0,-1.0,-1.0,-1.0,VB,2010-09-08 21:00:00,32,41.06289,0.63517
-1.0,-1.0,19.6,38.0,-1.0,1.6,309.0,-1.0,-1.0,VC,2010-09-08 21:00:00,69,41.24415,0.43266
-1.0,-1.0,17.1,39.0,-1.0,1.8,219.0,-1.0,-1.0,VD,2010-09-08 21:00:00,429,41.68939,1.20381
-1.0,-1.0,14.8,69.0,-1.0,0.4,211.0,-1.0,-1.0,VE,2010-09-08 21:00:00,97,41.48692,0.46058
-1.0,-1.0,14.1,75.0,-1.0,0.0,324.0,-1.0,-1.0,VF,2010-09-08 21:00:00,122,41.56482,0.54999
-1.0,-1.0,17.5,48.0,-1.0,1.0,263.0,-1.0,-1.0,VH,2010-09-08 21:00:00,259,41.65814,0.39301
-1.0,-1.0,16.3,52.0,-1.0,0.4,203.0,-1.0,-1.0,VJ,2010-09-08 21:00:00,161,41.59957,0.6478
2.6,260.0,17.0,51.0,981.3,-1.0,-1.0,-1.0,-1.0,VK,2010-09-08 21:00:00,286,41.68328,0.4487
0.5,258.0,16.6,55.0,-1.0,0.0,291.0,-1.0,-1.0,VL,2010-09-08 21:00:00,100,41.46014,0.40562
-1.0,-1.0,19.2,39.0,-1.0,2.5,266.0,-1.0,-1.0,VM,2010-09-08 21:00:00,222,41.7145,0.62839
-1.0,-1.0,17.6,80.0,-1.0,-1.0,-1.0,-1.0,-1.0,VN,2010-09-08 21:00:00,117,41.88244,2.74262
-1.0,-1.0,12.8,60.0,-1.0,0.7,47.0,-1.0,-1.0,VO,2010-09-08 21:00:00,785,42.08745,1.42792
-1.0,-1.0,13.2,60.0,-1.0,0.8,89.0,1.3,84.0,VP,2010-09-08 21:00:00,659,41.80483,1.53853
2.0,294.0,16.1,61.0,1001.0,-1.0,-1.0,-1.0,-1.0,VQ,2010-09-08 21:00:00,112,41.1713,1.16774
-1.0,-1.0,15.4,57.0,-1.0,0.8,177.0,-1.0,-1.0,VR,2010-09-08 21:00:00,291,41.68994,1.04401
4.9,38.0,3.5,90.0,777.4,-1.0,-1.0,-1.0,-1.0,VS,2010-09-08 21:00:00,2247,42.63835,0.77889
-1.0,-1.0,16.5,77.0,-1.0,0.2,204.0,-1.0,-1.0,VT,2010-09-08 21:00:00,84,41.48401,2.12745
-1.0,-1.0,16.8,65.0,-1.0,0.9,105.0,-1.0,-1.0,VU,2010-09-08 21:00:00,421,41.63286,1.91718
0.4,18.0,11.2,96.0,-1.0,-1.0,-1.0,-1.0,-1.0,VV,2010-09-08 21:00:00,528,41.68129,2.02647
-1.0,-1.0,12.7,86.0,-1.0,1.3,96.0,-1.0,-1.0,VX,2010-09-08 21:00:00,1030,41.74761,2.30291
-1.0,-1.0,15.6,74.0,-1.0,-1.0,-1.0,-1.0,-1.0,VY,2010-09-08 21:00:00,240,41.25095,1.29863
-1.0,-1.0,17.0,89.0,-1.0,-1.0,-1.0,-1.0,-1.0,VZ,2010-09-08 21:00:00,83,42.38443,3.00736
-1.0,-1.0,15.4,64.0,-1.0,0.9,119.0,-1.0,-1.0,V1,2010-09-08 21:00:00,238,41.78487,0.82939
-1.0,-1.0,14.7,86.0,-1.0,0.4,309.0,-1.0,-1.0,V3,2010-09-08 21:00:00,509,41.95224,2.23271
-1.0,-1.0,13.2,87.0,937.0,-1.0,-1.0,0.4,30.0,V4,2010-09-08 21:00:00,684,42.11477,2.21483
-1.0,-1.0,13.0,92.0,-1.0,1.5,103.0,1.8,84.0,V5,2010-09-08 21:00:00,774,42.03947,2.11993
-1.0,-1.0,13.1,79.0,-1.0,0.1,200.0,-1.0,-1.0,V8,2010-09-08 21:00:00,223,41.67279,0.87741
-1.0,-1.0,15.7,48.0,-1.0,1.0,355.0,-1.0,-1.0,WA,2010-09-08 21:00:00,443,41.87694,1.1541
-1.0,-1.0,15.8,51.0,-1.0,2.0,276.0,-1.0,-1.0,WB,2010-09-08 21:00:00,267,41.76036,0.67022
-1.0,-1.0,15.5,57.0,-1.0,1.0,196.0,-1.0,-1.0,WC,2010-09-08 21:00:00,261,41.63642,0.92446
-1.0,-1.0,18.4,34.0,-1.0,0.5,199.0,-1.0,-1.0,WD,2010-09-08 21:00:00,382,41.08671,0.31884
-1.0,-1.0,14.6,87.0,-1.0,0.5,69.0,-1.0,-1.0,WE,2010-09-08 21:00:00,126,41.5444,2.30014
-1.0,-1.0,16.8,89.0,-1.0,-1.0,-1.0,-1.0,-1.0,WF,2010-09-08 21:00:00,108,41.95425,2.77578
-1.0,-1.0,17.4,44.0,-1.0,1.3,254.0,-1.0,-1.0,WG,2010-09-08 21:00:00,301,41.80104,0.64804
-1.0,-1.0,18.7,36.0,-1.0,0.5,250.0,-1.0,-1.0,WI,2010-09-08 21:00:00,350,41.35741,0.4809
-1.0,-1.0,17.4,40.0,-1.0,1.0,134.0,-1.0,-1.0,WJ,2010-09-08 21:00:00,141,41.1223,0.72182
-1.0,-1.0,13.0,69.0,-1.0,0.2,20.0,-1.0,-1.0,WK,2010-09-08 21:00:00,268,41.81949,0.57768
-1.0,-1.0,17.8,38.0,-1.0,1.5,198.0,-1.0,-1.0,WL,2010-09-08 21:00:00,413,41.57236,1.0882
2.4,12.0,11.5,86.0,-1.0,-1.0,-1.0,-1.0,-1.0,WM,2010-09-08 21:00:00,1167,42.10736,1.8267
-1.0,-1.0,14.7,66.0,-1.0,-1.0,-1.0,2.7,219.0,WN,2010-09-08 21:00:00,916,41.59539,1.83751
-1.0,-1.0,15.1,71.0,-1.0,-1.0,-1.0,-1.0,-1.0,WO,2010-09-08 21:00:00,185,41.27151,1.46717
-1.0,-1.0,15.1,78.0,-1.0,1.2,312.0,-1.0,-1.0,WP,2010-09-08 21:00:00,325,41.48518,1.69337
7.4,319.0,9.3,60.0,842.5,-1.0,-1.0,-1.0,-1.0,WQ,2010-09-08 21:00:00,1572,42.0513,0.72952
-1.0,-1.0,17.5,38.0,-1.0,0.0,0.0,-1.0,-1.0,WR,2010-09-08 21:00:00,300,41.2163,0.79748
1.1,148.0,12.3,93.0,908.0,-1.0,-1.0,-1.0,-1.0,WS,2010-09-08 21:00:00,953,41.84008,2.41877
4.0,332.0,17.9,88.0,1015.0,-1.0,-1.0,-1.0,-1.0,WT,2010-09-08 21:00:00,2,41.64707,2.75658
-1.0,-1.0,21.7,56.0,1009.0,-1.0,-1.0,1.2,314.0,WU,2010-09-08 21:00:00,42,41.45215,2.24757
0.5,253.0,11.9,92.0,926.0,-1.0,-1.0,-1.0,-1.0,WV,2010-09-08 21:00:00,788,42.23414,1.87485
-1.0,-1.0,15.2,84.0,-1.0,-1.0,-1.0,-1.0,-1.0,WW,2010-09-08 21:00:00,278,41.79423,1.9368
-1.0,-1.0,15.6,46.0,-1.0,0.8,257.0,-1.0,-1.0,WX,2010-09-08 21:00:00,668,41.9178,0.88175
-1.0,-1.0,17.1,72.0,-1.0,0.7,288.0,-1.0,-1.0,WY,2010-09-08 21:00:00,164,41.43386,1.79429
2.1,335.0,18.7,60.0,1012.0,-1.0,-1.0,-1.0,-1.0,WZ,2010-09-08 21:00:00,17,41.20187,1.63346
-1.0,-1.0,17.8,89.0,-1.0,-1.0,-1.0,-1.0,-1.0,W1,2010-09-08 21:00:00,2,42.24726,3.09021
-1.0,-1.0,16.9,92.0,-1.0,-1.0,-1.0,-1.0,-1.0,W2,2010-09-08 21:00:00,7,42.18259,3.05783
-1.0,-1.0,17.4,92.0,-1.0,-1.0,-1.0,-1.0,-1.0,W3,2010-09-08 21:00:00,4,42.15006,3.06494
-1.0,-1.0,15.7,73.0,-1.0,0.5,314.0,-1.0,-1.0,W4,2010-09-08 21:00:00,240,41.36619,1.72857
-1.0,-1.0,14.2,54.0,-1.0,0.5,63.0,-1.0,-1.0,W5,2010-09-08 21:00:00,490,42.07683,1.31489
-1.0,-1.0,16.3,56.0,-1.0,0.2,353.0,-1.0,-1.0,W6,2010-09-08 21:00:00,158,41.13738,1.0187
-1.0,-1.0,14.2,61.0,-1.0,-1.0,-1.0,-1.0,-1.0,W8,2010-09-08 21:00:00,438,41.44237,1.15998
-1.0,-1.0,14.8,97.0,-1.0,0.2,236.0,-1.0,-1.0,W9,2010-09-08 21:00:00,461,42.14557,2.45451
2.1,268.0,15.1,46.0,926.0,-1.0,-1.0,-1.0,-1.0,XA,2010-09-08 21:00:00,785,41.60257,1.4007
-1.0,-1.0,10.8,82.0,-1.0,-1.0,-1.0,-1.0,-1.0,XB,2010-09-08 21:00:00,584,41.4779,1.53529
1.5,98.0,19.0,71.0,997.7,-1.0,-1.0,-1.0,-1.0,XC,2010-09-08 21:00:00,147,41.47892,1.97546
0.7,295.0,16.4,37.0,936.4,-1.0,-1.0,-1.0,-1.0,XD,2010-09-08 21:00:00,687,41.32,0.8857
2.0,249.0,21.5,55.0,1013.6,-1.0,-1.0,-1.0,-1.0,XE,2010-09-08 21:00:00,5,41.10393,1.201
1.8,12.0,16.6,84.0,984.6,-1.0,-1.0,-1.0,-1.0,XF,2010-09-08 21:00:00,258,41.56568,2.06952
1.7,32.0,18.3,79.0,1000.9,-1.0,-1.0,-1.0,-1.0,XG,2010-09-08 21:00:00,123,41.56734,2.22619
-1.0,-1.0,13.5,79.0,937.4,-1.0,-1.0,-1.0,-1.0,XH,2010-09-08 21:00:00,679,42.40533,1.12993
-1.0,-1.0,17.8,44.0,985.7,1.2,224.0,-1.0,-1.0,XI,2010-09-08 21:00:00,247,41.61817,0.87182
0.7,106.0,17.5,40.0,974.2,-1.0,-1.0,-1.0,-1.0,X1,2010-09-08 21:00:00,359,41.15374,0.81953
-1.0,-1.0,21.5,61.0,-1.0,-1.0,-1.0,-1.0,-1.0,X2,2010-09-08 21:00:00,7,41.38943,2.18847
4.7,260.0,16.0,53.0,971.0,-1.0,-1.0,-1.0,-1.0,X3,2010-09-08 21:00:00,370,41.74281,0.5358
1.4,44.0,22.4,55.0,1010.1,-1.0,-1.0,-1.0,-1.0,X4,2010-09-08 21:00:00,33,41.3839,2.16775
0.3,82.0,10.1,56.0,898.9,-1.0,-1.0,-1.0,-1.0,X5,2010-09-08 21:00:00,1055,40.79705,0.31822
-1.0,-1.0,14.9,49.0,-1.0,0.7,57.0,-1.0,-1.0,X6,2010-09-08 21:00:00,366,41.92173,1.02901
-1.0,-1.0,19.7,41.0,-1.0,1.7,219.0,-1.0,-1.0,X7,2010-09-08 21:00:00,215,41.51909,0.55314
2.1,50.0,20.7,56.0,1004.5,-1.0,-1.0,-1.0,-1.0,X8,2010-09-08 21:00:00,79,41.37919,2.1054
2.7,343.0,16.0,82.0,995.0,-1.0,-1.0,-1.0,-1.0,X9,2010-09-08 21:00:00,176,41.61265,2.16836
4.3,248.0,3.2,96.0,-1.0,-1.0,-1.0,-1.0,-1.0,ZB,2010-09-08 21:00:00,2451,42.51939,1.36597
-1.0,-1.0,2.2,100.0,-1.0,-1.0,-1.0,4.4,243.0,Z1,2010-09-08 21:00:00,2266,42.64691,0.98486
-1.0,-1.0,2.4,96.0,-1.0,-1.0,-1.0,2.0,314.0,Z2,2010-09-08 21:00:00,2535,42.46602,0.88405
-1.0,-1.0,4.7,94.0,-1.0,-1.0,-1.0,0.3,238.0,Z3,2010-09-08 21:00:00,2230,42.46605,1.7785
-1.0,-1.0,3.9,98.0,-1.0,-1.0,-1.0,1.3,122.0,Z4,2010-09-08 21:00:00,2364,42.42205,2.2524
-1.0,-1.0,1.9,87.0,-1.0,-1.0,-1.0,3.1,310.0,Z5,2010-09-08 21:00:00,2400,42.70029,1.27201
-1.0,-1.0,2.2,93.0,-1.0,-1.0,-1.0,2.8,322.0,Z6,2010-09-08 21:00:00,2228,42.77011,0.73198
2.3,201.0,2.2,97.0,-1.0,-1.0,-1.0,-1.0,-1.0,Z7,2010-09-08 21:00:00,2519,42.53412,1.05476
-1.0,-1.0,3.2,92.0,-1.0,-1.0,-1.0,4.6,257.0,Z8,2010-09-08 21:00:00,2316,42.18254,1.52407
1.3,250.0,5.5,82.0,-1.0,-1.0,-1.0,-1.0,-1.0,Z9,2010-09-08 21:00:00,2143,42.29265,1.71498
1.5,40.0,14.5,65.0,935.7,-1.0,-1.0,-1.0,-1.0,CA,2010-09-08 21:30:00,693,41.95378,1.5851
0.9,228.0,13.1,88.0,943.2,-1.0,-1.0,-1.0,-1.0,CC,2010-09-08 21:30:00,626,42.07398,2.20862
0.8,140.0,15.5,52.0,917.9,-1.0,-1.0,-1.0,-1.0,CD,2010-09-08 21:30:00,849,42.37083,1.43277
0.9,25.0,16.6,74.0,977.9,-1.0,-1.0,-1.0,-1.0,CE,2010-09-08 21:30:00,316,41.53109,1.80813
0.4,300.0,8.6,93.0,860.1,-1.0,-1.0,-1.0,-1.0,CG,2010-09-08 21:30:00,1405,42.37717,2.41456
0.4,74.0,12.3,95.0,918.6,-1.0,-1.0,-1.0,-1.0,CI,2010-09-08 21:30:00,852,42.25839,2.36429
1.7,303.0,13.8,60.0,949.0,-1.0,-1.0,-1.0,-1.0,CJ,2010-09-08 21:30:00,566.5,42.21624,1.33132
0.9,178.0,13.5,72.0,974.0,-1.0,-1.0,-1.0,-1.0,CL,2010-09-08 21:30:00,349,41.67399,1.76796
3.2,98.0,14.5,55.0,935.6,-1.0,-1.0,-1.0,-1.0,CP,2010-09-08 21:30:00,690,42.13924,1.03893
0.6,353.0,13.2,58.0,946.2,-1.0,-1.0,-1.0,-1.0,CQ,2010-09-08 21:30:00,594,41.99546,1.02569
2.7,44.0,11.3,97.0,916.7,-1.0,-1.0,-1.0,-1.0,CR,2010-09-08 21:30:00,873,42.08032,1.9624
0.7,29.0,10.0,90.0,921.0,-1.0,-1.0,-1.0,-1.0,CT,2010-09-08 21:30:00,823,42.39811,0.74362
0.8,181.0,10.2,92.0,903.2,-1.0,-1.0,-1.0,-1.0,CU,2010-09-08 21:30:00,1002,42.69856,0.79397
0.9,320.0,14.1,66.0,955.0,-1.0,-1.0,-1.0,-1.0,CV,2010-09-08 21:30:00,513.3,42.23939,0.96434
1.1,280.0,15.2,52.0,963.4,-1.0,-1.0,-1.0,-1.0,CW,2010-09-08 21:30:00,446,41.39241,1.09894
0.5,113.0,13.2,84.0,922.6,-1.0,-1.0,-1.0,-1.0,CY,2010-09-08 21:30:00,816,41.87813,2.17873
2.7,186.0,14.3,65.0,983.3,-1.0,-1.0,-1.0,-1.0,C6,2010-09-08 21:30:00,264,41.6566,0.95172
2.4,185.0,16.7,42.0,965.1,-1.0,-1.0,-1.0,-1.0,C7,2010-09-08 21:30:00,427,41.66695,1.16234
1.7,220.0,16.0,42.0,950.1,-1.0,-1.0,-1.0,-1.0,C8,2010-09-08 21:30:00,554,41.67555,1.29609
-1.0,-1.0,19.4,43.0,987.0,-1.0,-1.0,-1.0,-1.0,C9,2010-09-08 21:30:00,240,40.71825,0.39988
3.0,256.0,19.5,67.0,993.8,-1.0,-1.0,-1.0,-1.0,DB,2010-09-08 21:30:00,179,40.87287,0.71581
0.6,236.0,14.8,95.0,966.6,-1.0,-1.0,-1.0,-1.0,DC,2010-09-08 21:30:00,421.5,42.19144,2.48263
1.0,323.0,18.6,76.0,1009.2,-1.0,-1.0,-1.0,-1.0,DD,2010-09-08 21:30:00,44.5,41.51175,2.38674
0.8,250.0,16.8,88.0,1012.1,-1.0,-1.0,-1.0,-1.0,DF,2010-09-08 21:30:00,28.6,41.97751,3.03543
1.1,190.0,6.8,93.0,802.9,-1.0,-1.0,-1.0,-1.0,DG,2010-09-08 21:30:00,1971.4,42.39848,2.15517
2.1,2.0,15.7,69.0,967.0,-1.0,-1.0,-1.0,-1.0,DI,2010-09-08 21:30:00,415,41.43292,1.62386
1.7,325.0,17.0,87.0,994.8,-1.0,-1.0,-1.0,-1.0,DJ,2010-09-08 21:30:00,176,42.11653,2.78969
1.5,295.0,20.7,64.0,1013.8,-1.0,-1.0,-1.0,-1.0,DK,2010-09-08 21:30:00,2,41.14677,1.41846
0.2,279.0,19.7,78.0,1014.2,-1.0,-1.0,-1.0,-1.0,DL,2010-09-08 21:30:00,0.5,40.70719,0.83449
0.9,334.0,17.7,80.0,1004.8,-1.0,-1.0,-1.0,-1.0,DM,2010-09-08 21:30:00,90,41.96012,2.80696
0.8,250.0,16.9,86.0,997.7,-1.0,-1.0,-1.0,-1.0,DN,2010-09-08 21:30:00,150,41.96095,2.63108
0.8,258.0,17.3,81.0,1013.6,-1.0,-1.0,-1.0,-1.0,DO,2010-09-08 21:30:00,14,41.80857,3.03241
2.1,63.0,11.4,75.0,892.2,-1.0,-1.0,-1.0,-1.0,DP,2010-09-08 21:30:00,1097,42.38605,1.8664
0.6,358.0,14.5,65.0,981.8,-1.0,-1.0,-1.0,-1.0,DQ,2010-09-08 21:30:00,287,41.30728,1.36259
-1.0,-1.0,15.1,52.0,968.3,-1.0,-1.0,-1.0,-1.0,D1,2010-09-08 21:30:00,404,41.28521,0.75383
-1.0,-1.0,16.1,78.0,975.0,-1.0,-1.0,-1.0,-1.0,D2,2010-09-08 21:30:00,343,41.59252,1.915
1.5,267.0,18.1,66.0,985.1,-1.0,-1.0,-1.0,-1.0,D3,2010-09-08 21:30:00,252,41.38197,1.93564
0.7,302.0,18.4,75.0,1012.7,-1.0,-1.0,-1.0,-1.0,D4,2010-09-08 21:30:00,24,42.27065,3.18165
2.7,54.0,17.7,64.0,967.5,-1.0,-1.0,-1.0,-1.0,D5,2010-09-08 21:30:00,411.2,41.41843,2.12388
4.0,325.0,19.7,47.0,992.2,-1.0,-1.0,-1.0,-1.0,D6,2010-09-08 21:30:00,196,42.43515,3.16622
0.5,352.0,16.4,50.0,1008.5,-1.0,-1.0,-1.0,-1.0,D7,2010-09-08 21:30:00,53,41.18499,0.59376
2.0,221.0,16.5,39.0,956.1,-1.0,-1.0,-1.0,-1.0,D8,2010-09-08 21:30:00,515,40.95134,0.30565
1.0,325.0,17.7,60.0,1007.7,-1.0,-1.0,-1.0,-1.0,D9,2010-09-08 21:30:00,59,41.21553,1.52121
1.4,358.0,14.6,76.0,976.1,-1.0,-1.0,-1.0,-1.0,H1,2010-09-08 21:30:00,333,41.58642,1.65306
0.4,245.0,14.9,76.0,989.8,-1.0,-1.0,-1.0,-1.0,R1,2010-09-08 21:30:00,210,41.70637,1.87276
2.2,318.0,16.8,53.0,1001.0,-1.0,-1.0,-1.0,-1.0,VQ,2010-09-08 21:30:00,112,41.1713,1.16774
5.2,47.0,3.8,86.0,777.3,-1.0,-1.0,-1.0,-1.0,VS,2010-09-08 21:30:00,2247,42.63835,0.77889
-1.0,-1.0,21.7,57.0,1009.0,-1.0,-1.0,1.8,16.0,WU,2010-09-08 21:30:00,42,41.45215,2.24757
2.2,335.0,18.5,61.0,1013.0,-1.0,-1.0,-1.0,-1.0,WZ,2010-09-08 21:30:00,17,41.20187,1.63346
1.8,278.0,15.0,46.0,926.1,-1.0,-1.0,-1.0,-1.0,XA,2010-09-08 21:30:00,785,41.60257,1.4007
1.5,108.0,18.7,72.0,998.0,-1.0,-1.0,-1.0,-1.0,XC,2010-09-08 21:30:00,147,41.47892,1.97546
0.3,245.0,16.4,38.0,936.4,-1.0,-1.0,-1.0,-1.0,XD,2010-09-08 21:30:00,687,41.32,0.8857
2.1,253.0,21.4,49.0,1013.7,-1.0,-1.0,-1.0,-1.0,XE,2010-09-08 21:30:00,5,41.10393,1.201
2.0,6.0,15.9,86.0,984.6,-1.0,-1.0,-1.0,-1.0,XF,2010-09-08 21:30:00,258,41.56568,2.06952
2.5,40.0,18.0,80.0,1001.0,-1.0,-1.0,-1.0,-1.0,XG,2010-09-08 21:30:00,123,41.56734,2.22619
-1.0,-1.0,15.5,61.0,937.7,-1.0,-1.0,-1.0,-1.0,XH,2010-09-08 21:30:00,679,42.40533,1.12993
1.9,27.0,20.7,57.0,1004.7,-1.0,-1.0,-1.0,-1.0,X8,2010-09-08 21:30:00,79,41.37919,2.1054
3.5,283.0,2.6,98.0,-1.0,-1.0,-1.0,-1.0,-1.0,ZB,2010-09-08 21:30:00,2451,42.51939,1.36597
-1.0,-1.0,1.7,99.0,-1.0,-1.0,-1.0,4.8,235.0,Z1,2010-09-08 21:30:00,2266,42.64691,0.98486
-1.0,-1.0,2.4,96.0,-1.0,-1.0,-1.0,1.5,314.0,Z2,2010-09-08 21:30:00,2535,42.46602,0.88405
-1.0,-1.0,4.7,94.0,-1.0,-1.0,-1.0,0.2,87.0,Z3,2010-09-08 21:30:00,2230,42.46605,1.7785
-1.0,-1.0,3.6,98.0,-1.0,-1.0,-1.0,1.7,93.0,Z4,2010-09-08 21:30:00,2364,42.42205,2.2524
-1.0,-1.0,2.0,86.0,-1.0,-1.0,-1.0,2.3,307.0,Z5,2010-09-08 21:30:00,2400,42.70029,1.27201
-1.0,-1.0,2.1,90.0,-1.0,-1.0,-1.0,3.4,326.0,Z6,2010-09-08 21:30:00,2228,42.77011,0.73198
2.1,225.0,1.8,94.0,-1.0,-1.0,-1.0,-1.0,-1.0,Z7,2010-09-08 21:30:00,2519,42.53412,1.05476
-1.0,-1.0,3.3,94.0,-1.0,-1.0,-1.0,3.7,273.0,Z8,2010-09-08 21:30:00,2316,42.18254,1.52407
2.3,236.0,5.1,82.0,-1.0,-1.0,-1.0,-1.0,-1.0,Z9,2010-09-08 21:30:00,2143,42.29265,1.71498
1.3,53.0,14.4,69.0,935.8,-1.0,-1.0,-1.0,-1.0,CA,2010-09-08 22:00:00,693,41.95378,1.5851
1.1,222.0,12.4,90.0,943.3,-1.0,-1.0,-1.0,-1.0,CC,2010-09-08 22:00:00,626,42.07398,2.20862
0.3,65.0,14.8,56.0,918.2,-1.0,-1.0,-1.0,-1.0,CD,2010-09-08 22:00:00,849,42.37083,1.43277
0.8,18.0,16.6,75.0,978.0,-1.0,-1.0,-1.0,-1.0,CE,2010-09-08 22:00:00,316,41.53109,1.80813
0.4,322.0,8.6,93.0,860.2,-1.0,-1.0,-1.0,-1.0,CG,2010-09-08 22:00:00,1405,42.37717,2.41456
0.7,106.0,12.1,94.0,918.7,-1.0,-1.0,-1.0,-1.0,CI,2010-09-08 22:00:00,852,42.25839,2.36429
2.0,310.0,13.3,62.0,949.3,-1.0,-1.0,-1.0,-1.0,CJ,2010-09-08 22:00:00,566.5,42.21624,1.33132
0.6,181.0,12.7,76.0,974.1,-1.0,-1.0,-1.0,-1.0,CL,2010-09-08 22:00:00,349,41.67399,1.76796
3.9,89.0,14.3,56.0,935.8,-1.0,-1.0,-1.0,-1.0,CP,2010-09-08 22:00:00,690,42.13924,1.03893
1.1,17.0,13.0,58.0,946.3,-1.0,-1.0,-1.0,-1.0,CQ,2010-09-08 22:00:00,594,41.99546,1.02569
2.2,42.0,11.0,97.0,916.8,-1.0,-1.0,-1.0,-1.0,CR,2010-09-08 22:00:00,873,42.08032,1.9624
0.3,15.0,9.6,92.0,921.3,-1.0,-1.0,-1.0,-1.0,CT,2010-09-08 22:00:00,823,42.39811,0.74362
1.2,182.0,9.4,92.0,903.4,-1.0,-1.0,-1.0,-1.0,CU,2010-09-08 22:00:00,1002,42.69856,0.79397
0.9,324.0,14.1,67.0,955.3,-1.0,-1.0,-1.0,-1.0,CV,2010-09-08 22:00:00,513.3,42.23939,0.96434
0.4,208.0,14.5,57.0,963.6,-1.0,-1.0,-1.0,-1.0,CW,2010-09-08 22:00:00,446,41.39241,1.09894
0.6,32.0,12.8,86.0,922.8,-1.0,-1.0,-1.0,-1.0,CY,2010-09-08 22:00:00,816,41.87813,2.17873
1.5,185.0,14.0,65.0,983.6,-1.0,-1.0,-1.0,-1.0,C6,2010-09-08 22:00:00,264,41.6566,0.95172
2.4,181.0,16.4,44.0,965.2,-1.0,-1.0,-1.0,-1.0,C7,2010-09-08 22:00:00,427,41.66695,1.16234
1.5,224.0,15.5,44.0,950.1,-1.0,-1.0,-1.0,-1.0,C8,2010-09-08 22:00:00,554,41.67555,1.29609
-1.0,-1.0,19.3,42.0,987.1,-1.0,-1.0,-1.0,-1.0,C9,2010-09-08 22:00:00,240,40.71825,0.39988
0.8,271.0,19.4,67.0,994.0,-1.0,-1.0,-1.0,-1.0,DB,2010-09-08 22:00:00,179,40.87287,0.71581
0.2,343.0,14.3,95.0,966.6,-1.0,-1.0,-1.0,-1.0,DC,2010-09-08 22:00:00,421.5,42.19144,2.48263
1.9,18.0,18.7,76.0,1009.3,-1.0,-1.0,-1.0,-1.0,DD,2010-09-08 22:00:00,44.5,41.51175,2.38674
0.7,332.0,16.8,90.0,1012.4,-1.0,-1.0,-1.0,-1.0,DF,2010-09-08 22:00:00,28.6,41.97751,3.03543
0.9,201.0,6.7,92.0,803.0,-1.0,-1.0,-1.0,-1.0,DG,2010-09-08 22:00:00,1971.4,42.39848,2.15517
0.6,25.0,15.5,68.0,967.1,-1.0,-1.0,-1.0,-1.0,DI,2010-09-08 22:00:00,415,41.43292,1.62386
0.8,342.0,16.6,88.0,994.9,-1.0,-1.0,-1.0,-1.0,DJ,2010-09-08 22:00:00,176,42.11653,2.78969
1.3,293.0,20.5,63.0,1014.0,-1.0,-1.0,-1.0,-1.0,DK,2010-09-08 22:00:00,2,41.14677,1.41846
0.2,270.0,19.5,79.0,1014.3,-1.0,-1.0,-1.0,-1.0,DL,2010-09-08 22:00:00,0.5,40.70719,0.83449
1.1,344.0,17.4,82.0,1004.9,-1.0,-1.0,-1.0,-1.0,DM,2010-09-08 22:00:00,90,41.96012,2.80696
0.4,277.0,16.0,90.0,997.8,-1.0,-1.0,-1.0,-1.0,DN,2010-09-08 22:00:00,150,41.96095,2.63108
1.4,260.0,17.2,81.0,1013.7,-1.0,-1.0,-1.0,-1.0,DO,2010-09-08 22:00:00,14,41.80857,3.03241
4.1,108.0,11.0,76.0,892.4,-1.0,-1.0,-1.0,-1.0,DP,2010-09-08 22:00:00,1097,42.38605,1.8664
0.8,350.0,14.1,67.0,981.8,-1.0,-1.0,-1.0,-1.0,DQ,2010-09-08 22:00:00,287,41.30728,1.36259
-1.0,-1.0,15.0,53.0,968.4,-1.0,-1.0,-1.0,-1.0,D1,2010-09-08 22:00:00,404,41.28521,0.75383
-1.0,-1.0,15.2,83.0,975.0,-1.0,-1.0,-1.0,-1.0,D2,2010-09-08 22:00:00,343,41.59252,1.915
0.7,259.0,17.7,68.0,985.2,-1.0,-1.0,-1.0,-1.0,D3,2010-09-08 22:00:00,252,41.38197,1.93564
1.4,72.0,18.3,78.0,1012.5,-1.0,-1.0,-1.0,-1.0,D4,2010-09-08 22:00:00,24,42.27065,3.18165
2.3,64.0,17.9,64.0,967.5,-1.0,-1.0,-1.0,-1.0,D5,2010-09-08 22:00:00,411.2,41.41843,2.12388
5.8,3.0,19.6,45.0,992.1,-1.0,-1.0,-1.0,-1.0,D6,2010-09-08 22:00:00,196,42.43515,3.16622
0.6,30.0,16.4,52.0,1008.7,-1.0,-1.0,-1.0,-1.0,D7,2010-09-08 22:00:00,53,41.18499,0.59376
2.2,228.0,16.7,38.0,956.3,-1.0,-1.0,-1.0,-1.0,D8,2010-09-08 22:00:00,515,40.95134,0.30565
1.2,10.0,17.7,61.0,1007.8,-1.0,-1.0,-1.0,-1.0,D9,2010-09-08 22:00:00,59,41.21553,1.52121
1.0,353.0,13.8,79.0,976.2,-1.0,-1.0,-1.0,-1.0,H1,2010-09-08 22:00:00,333,41.58642,1.65306
0.4,140.0,14.6,76.0,990.0,-1.0,-1.0,-1.0,-1.0,R1,2010-09-08 22:00:00,210,41.70637,1.87276
-1.0,-1.0,17.2,69.0,-1.0,0.7,335.0,-1.0,-1.0,UA,2010-09-08 22:00:00,93,40.9091,0.76943
-1.0,-1.0,16.6,92.0,-1.0,0.3,214.0,-1.0,-1.0,UB,2010-09-08 22:00:00,15,42.05398,3.06195
-1.0,-1.0,16.6,91.0,-1.0,0.8,272.0,-1.0,-1.0,UC,2010-09-08 22:00:00,60,41.97726,2.99705
-1.0,-1.0,16.9,88.0,-1.0,-1.0,-1.0,-1.0,-1.0,UD,2010-09-08 22:00:00,12,42.02895,3.06227
-1.0,-1.0,17.1,95.0,-1.0,-1.0,-1.0,-1.0,-1.0,UE,2010-09-08 22:00:00,4,42.02306,3.15719
-1.0,-1.0,17.5,52.0,-1.0,1.7,229.0,-1.0,-1.0,UF,2010-09-08 22:00:00,573,41.28832,1.90775
-1.0,-1.0,19.0,69.0,-1.0,0.3,0.0,-1.0,-1.0,UG,2010-09-08 22:00:00,3,41.29928,2.03787
-1.0,-1.0,15.8,45.0,-1.0,0.0,216.0,0.3,249.0,UH,2010-09-08 22:00:00,545,41.34171,1.48769
-1.0,-1.0,9.0,93.0,-1.0,0.2,268.0,-1.0,-1.0,UI,2010-09-08 22:00:00,1386,42.26477,1.76218
-1.0,-1.0,13.9,53.0,-1.0,0.9,269.0,1.9,264.0,UJ,2010-09-08 22:00:00,709,41.52879,1.3683
-1.0,-1.0,18.0,64.0,-1.0,0.7,42.0,-1.0,-1.0,UK,2010-09-08 22:00:00,161,41.27861,1.80479
-1.0,-1.0,18.2,42.0,-1.0,1.0,234.0,-1.0,-1.0,UL,2010-09-08 22:00:00,228,41.52911,0.75303
-1.0,-1.0,16.7,43.0,-1.0,0.6,169.0,-1.0,-1.0,UM,2010-09-08 22:00:00,505,41.35991,0.66789
-1.0,-1.0,17.0,79.0,-1.0,0.4,70.0,-1.0,-1.0,UN,2010-09-08 22:00:00,171,41.87449,2.92694
-1.0,-1.0,16.9,86.0,-1.0,-1.0,-1.0,-1.0,-1.0,UO,2010-09-08 22:00:00,97,41.91461,2.82069
1.5,341.0,18.6,73.0,1005.0,-1.0,-1.0,-1.0,-1.0,UP,2010-09-08 22:00:00,81,41.51773,2.37702
-1.0,-1.0,15.1,88.0,-1.0,0.6,43.0,-1.0,-1.0,UQ,2010-09-08 22:00:00,460,41.61991,2.44532
-1.0,-1.0,20.8,66.0,-1.0,1.2,310.0,-1.0,-1.0,US,2010-09-08 22:00:00,24,40.55786,0.52329
1.8,312.0,19.8,75.0,1015.0,-1.0,-1.0,-1.0,-1.0,UU,2010-09-08 22:00:00,3,40.70776,0.6321
-1.0,-1.0,18.8,42.0,-1.0,0.7,272.0,-1.0,-1.0,UV,2010-09-08 22:00:00,205,40.71727,0.41633
-1.0,-1.0,21.2,70.0,1015.0,0.9,322.0,-1.0,-1.0,UW,2010-09-08 22:00:00,0,40.62725,0.65922
-1.0,-1.0,17.6,61.0,-1.0,0.8,237.0,-1.0,-1.0,UX,2010-09-08 22:00:00,210,40.62652,0.37112
-1.0,-1.0,14.9,48.0,-1.0,0.3,26.0,1.3,0.0,UY,2010-09-08 22:00:00,576,41.87912,0.76103
-1.0,-1.0,16.9,96.0,-1.0,0.6,276.0,-1.0,-1.0,U1,2010-09-08 22:00:00,31,42.30648,2.95481
0.9,196.0,17.4,91.0,1015.0,-1.0,-1.0,-1.0,-1.0,U2,2010-09-08 22:00:00,4,42.17716,3.0968
-1.0,-1.0,14.2,68.0,-1.0,1.3,347.0,-1.0,-1.0,U3,2010-09-08 22:00:00,257,41.37491,1.63032
1.2,24.0,15.1,73.0,-1.0,0.4,52.0,-1.0,-1.0,U4,2010-09-08 22:00:00,507,41.83094,1.84699
-1.0,-1.0,8.8,73.0,-1.0,0.2,60.0,-1.0,-1.0,U5,2010-09-08 22:00:00,969,41.31349,0.99611
-1.0,-1.0,17.9,52.0,-1.0,0.5,323.0,-1.0,-1.0,U6,2010-09-08 22:00:00,29,41.08017,1.06661
-1.0,-1.0,17.6,74.0,-1.0,0.5,348.0,-1.0,-1.0,U7,2010-09-08 22:00:00,52,40.85936,0.50525
-1.0,-1.0,18.9,72.0,-1.0,0.7,283.0,-1.0,-1.0,U9,2010-09-08 22:00:00,62,40.76947,0.61635
-1.0,-1.0,20.8,31.0,-1.0,1.8,256.0,-1.0,-1.0,VA,2010-09-08 22:00:00,257,41.19645,0.51161
0.5,33.0,17.1,56.0,-1.0,-1.0,-1.0,-1.0,-1.0,VB,2010-09-08 22:00:00,32,41.06289,0.63517
-1.0,-1.0,19.9,39.0,-1.0,1.9,256.0,-1.0,-1.0,VC,2010-09-08 22:00:00,69,41.24415,0.43266
-1.0,-1.0,16.7,40.0,-1.0,2.4,215.0,-1.0,-1.0,VD,2010-09-08 22:00:00,429,41.68939,1.20381
-1.0,-1.0,13.5,78.0,-1.0,0.1,231.0,-1.0,-1.0,VE,2010-09-08 22:00:00,97,41.48692,0.46058
-1.0,-1.0,13.2,79.0,-1.0,0.0,14.0,-1.0,-1.0,VF,2010-09-08 22:00:00,122,41.56482,0.54999
-1.0,-1.0,16.8,51.0,-1.0,1.2,268.0,-1.0,-1.0,VH,2010-09-08 22:00:00,259,41.65814,0.39301
-1.0,-1.0,15.7,55.0,-1.0,0.7,194.0,-1.0,-1.0,VJ,2010-09-08 22:00:00,161,41.59957,0.6478
2.3,283.0,16.1,54.0,981.6,-1.0,-1.0,-1.0,-1.0,VK,2010-09-08 22:00:00,286,41.68328,0.4487
0.8,280.0,15.9,55.0,-1.0,0.1,279.0,-1.0,-1.0,VL,2010-09-08 22:00:00,100,41.46014,0.40562
-1.0,-1.0,17.7,47.0,-1.0,2.2,278.0,-1.0,-1.0,VM,2010-09-08 22:00:00,222,41.7145,0.62839
-1.0,-1.0,17.1,82.0,-1.0,-1.0,-1.0,-1.0,-1.0,VN,2010-09-08 22:00:00,117,41.88244,2.74262
-1.0,-1.0,12.3,61.0,-1.0,0.9,52.0,-1.0,-1.0,VO,2010-09-08 22:00:00,785,42.08745,1.42792
-1.0,-1.0,12.0,65.0,-1.0,0.9,76.0,1.2,78.0,VP,2010-09-08 22:00:00,659,41.80483,1.53853
1.4,353.0,16.7,58.0,1001.0,-1.0,-1.0,-1.0,-1.0,VQ,2010-09-08 22:00:00,112,41.1713,1.16774
-1.0,-1.0,14.6,59.0,-1.0,0.7,183.0,-1.0,-1.0,VR,2010-09-08 22:00:00,291,41.68994,1.04401
6.0,44.0,3.6,86.0,777.4,-1.0,-1.0,-1.0,-1.0,VS,2010-09-08 22:00:00,2247,42.63835,0.77889
-1.0,-1.0,15.8,82.0,-1.0,0.4,263.0,-1.0,-1.0,VT,2010-09-08 22:00:00,84,41.48401,2.12745
-1.0,-1.0,17.0,64.0,-1.0,0.9,118.0,-1.0,-1.0,VU,2010-09-08 22:00:00,421,41.63286,1.91718
0.5,356.0,10.6,97.0,-1.0,-1.0,-1.0,-1.0,-1.0,VV,2010-09-08 22:00:00,528,41.68129,2.02647
-1.0,-1.0,12.6,82.0,-1.0,1.8,81.0,-1.0,-1.0,VX,2010-09-08 22:00:00,1030,41.74761,2.30291
-1.0,-1.0,14.9,69.0,-1.0,-1.0,-1.0,-1.0,-1.0,VY,2010-09-08 22:00:00,240,41.25095,1.29863
-1.0,-1.0,16.8,86.0,-1.0,-1.0,-1.0,-1.0,-1.0,VZ,2010-09-08 22:00:00,83,42.38443,3.00736
-1.0,-1.0,14.1,70.0,-1.0,0.4,111.0,-1.0,-1.0,V1,2010-09-08 22:00:00,238,41.78487,0.82939
-1.0,-1.0,14.1,88.0,-1.0,0.2,297.0,-1.0,-1.0,V3,2010-09-08 22:00:00,509,41.95224,2.23271
-1.0,-1.0,12.0,91.0,938.0,-1.0,-1.0,0.4,340.0,V4,2010-09-08 22:00:00,684,42.11477,2.21483
-1.0,-1.0,12.8,90.0,-1.0,1.9,95.0,2.3,85.0,V5,2010-09-08 22:00:00,774,42.03947,2.11993
-1.0,-1.0,12.4,79.0,-1.0,0.0,163.0,-1.0,-1.0,V8,2010-09-08 22:00:00,223,41.67279,0.87741
-1.0,-1.0,12.3,60.0,-1.0,0.5,354.0,-1.0,-1.0,WA,2010-09-08 22:00:00,443,41.87694,1.1541
-1.0,-1.0,15.7,51.0,-1.0,2.4,270.0,-1.0,-1.0,WB,2010-09-08 22:00:00,267,41.76036,0.67022
-1.0,-1.0,14.1,64.0,-1.0,0.7,182.0,-1.0,-1.0,WC,2010-09-08 22:00:00,261,41.63642,0.92446
-1.0,-1.0,18.0,36.0,-1.0,0.3,202.0,-1.0,-1.0,WD,2010-09-08 22:00:00,382,41.08671,0.31884
-1.0,-1.0,14.1,89.0,-1.0,0.4,79.0,-1.0,-1.0,WE,2010-09-08 22:00:00,126,41.5444,2.30014
-1.0,-1.0,15.7,91.0,-1.0,-1.0,-1.0,-1.0,-1.0,WF,2010-09-08 22:00:00,108,41.95425,2.77578
-1.0,-1.0,16.5,46.0,-1.0,1.2,266.0,-1.0,-1.0,WG,2010-09-08 22:00:00,301,41.80104,0.64804
-1.0,-1.0,16.7,46.0,-1.0,0.1,122.0,-1.0,-1.0,WI,2010-09-08 22:00:00,350,41.35741,0.4809
-1.0,-1.0,17.3,44.0,-1.0,0.8,134.0,-1.0,-1.0,WJ,2010-09-08 22:00:00,141,41.1223,0.72182
-1.0,-1.0,11.9,70.0,-1.0,0.4,3.0,-1.0,-1.0,WK,2010-09-08 22:00:00,268,41.81949,0.57768
-1.0,-1.0,16.8,43.0,-1.0,1.1,186.0,-1.0,-1.0,WL,2010-09-08 22:00:00,413,41.57236,1.0882
0.6,43.0,12.0,75.0,-1.0,-1.0,-1.0,-1.0,-1.0,WM,2010-09-08 22:00:00,1167,42.10736,1.8267
-1.0,-1.0,14.3,71.0,-1.0,-1.0,-1.0,2.4,238.0,WN,2010-09-08 22:00:00,916,41.59539,1.83751
-1.0,-1.0,14.3,76.0,-1.0,-1.0,-1.0,-1.0,-1.0,WO,2010-09-08 22:00:00,185,41.27151,1.46717
-1.0,-1.0,14.5,86.0,-1.0,1.3,310.0,-1.0,-1.0,WP,2010-09-08 22:00:00,325,41.48518,1.69337
4.8,342.0,9.3,64.0,842.8,-1.0,-1.0,-1.0,-1.0,WQ,2010-09-08 22:00:00,1572,42.0513,0.72952
-1.0,-1.0,16.6,45.0,-1.0,0.1,58.0,-1.0,-1.0,WR,2010-09-08 22:00:00,300,41.2163,0.79748
1.9,139.0,12.2,94.0,908.0,-1.0,-1.0,-1.0,-1.0,WS,2010-09-08 22:00:00,953,41.84008,2.41877
3.6,336.0,17.5,86.0,1015.0,-1.0,-1.0,-1.0,-1.0,WT,2010-09-08 22:00:00,2,41.64707,2.75658
-1.0,-1.0,21.6,59.0,1009.0,-1.0,-1.0,1.4,15.0,WU,2010-09-08 22:00:00,42,41.45215,2.24757
0.7,232.0,10.7,96.0,927.0,-1.0,-1.0,-1.0,-1.0,WV,2010-09-08 22:00:00,788,42.23414,1.87485
-1.0,-1.0,14.4,87.0,-1.0,-1.0,-1.0,-1.0,-1.0,WW,2010-09-08 22:00:00,278,41.79423,1.9368
-1.0,-1.0,15.2,46.0,-1.0,0.9,245.0,-1.0,-1.0,WX,2010-09-08 22:00:00,668,41.9178,0.88175
-1.0,-1.0,15.1,82.0,-1.0,0.4,305.0,-1.0,-1.0,WY,2010-09-08 22:00:00,164,41.43386,1.79429
2.4,338.0,18.7,62.0,1013.0,-1.0,-1.0,-1.0,-1.0,WZ,2010-09-08 22:00:00,17,41.20187,1.63346
-1.0,-1.0,17.5,90.0,-1.0,-1.0,-1.0,-1.0,-1.0,W1,2010-09-08 22:00:00,2,42.24726,3.09021
-1.0,-1.0,16.6,93.0,-1.0,-1.0,-1.0,-1.0,-1.0,W2,2010-09-08 22:00:00,7,42.18259,3.05783
-1.0,-1.0,17.2,93.0,-1.0,-1.0,-1.0,-1.0,-1.0,W3,2010-09-08 22:00:00,4,42.15006,3.06494
-1.0,-1.0,14.1,81.0,-1.0,0.4,31.0,-1.0,-1.0,W4,2010-09-08 22:00:00,240,41.36619,1.72857
-1.0,-1.0,12.4,62.0,-1.0,0.6,63.0,-1.0,-1.0,W5,2010-09-08 22:00:00,490,42.07683,1.31489
-1.0,-1.0,17.4,53.0,-1.0,0.4,338.0,-1.0,-1.0,W6,2010-09-08 22:00:00,158,41.13738,1.0187
-1.0,-1.0,12.9,70.0,-1.0,-1.0,-1.0,-1.0,-1.0,W8,2010-09-08 22:00:00,438,41.44237,1.15998
-1.0,-1.0,13.8,98.0,-1.0,0.2,213.0,-1.0,-1.0,W9,2010-09-08 22:00:00,461,42.14557,2.45451
2.3,266.0,15.1,45.0,926.2,-1.0,-1.0,-1.0,-1.0,XA,2010-09-08 22:00:00,785,41.60257,1.4007
-1.0,-1.0,11.4,75.0,-1.0,-1.0,-1.0,-1.0,-1.0,XB,2010-09-08 22:00:00,584,41.4779,1.53529
1.1,98.0,18.4,74.0,998.1,-1.0,-1.0,-1.0,-1.0,XC,2010-09-08 22:00:00,147,41.47892,1.97546
0.6,191.0,16.1,40.0,936.4,-1.0,-1.0,-1.0,-1.0,XD,2010-09-08 22:00:00,687,41.32,0.8857
1.7,283.0,21.5,49.0,1013.8,-1.0,-1.0,-1.0,-1.0,XE,2010-09-08 22:00:00,5,41.10393,1.201
2.2,357.0,16.0,85.0,984.8,-1.0,-1.0,-1.0,-1.0,XF,2010-09-08 22:00:00,258,41.56568,2.06952
1.7,55.0,17.8,80.0,1001.0,-1.0,-1.0,-1.0,-1.0,XG,2010-09-08 22:00:00,123,41.56734,2.22619
-1.0,-1.0,16.5,51.0,937.9,-1.0,-1.0,-1.0,-1.0,XH,2010-09-08 22:00:00,679,42.40533,1.12993
-1.0,-1.0,16.6,49.0,986.0,0.9,233.0,-1.0,-1.0,XI,2010-09-08 22:00:00,247,41.61817,0.87182
1.1,108.0,17.8,45.0,974.4,-1.0,-1.0,-1.0,-1.0,X1,2010-09-08 22:00:00,359,41.15374,0.81953
-1.0,-1.0,21.2,66.0,-1.0,-1.0,-1.0,-1.0,-1.0,X2,2010-09-08 22:00:00,7,41.38943,2.18847
3.5,280.0,14.8,59.0,972.0,-1.0,-1.0,-1.0,-1.0,X3,2010-09-08 22:00:00,370,41.74281,0.5358
1.2,40.0,21.9,61.0,1010.3,-1.0,-1.0,-1.0,-1.0,X4,2010-09-08 22:00:00,33,41.3839,2.16775
0.4,0.0,10.1,56.0,899.1,-1.0,-1.0,-1.0,-1.0,X5,2010-09-08 22:00:00,1055,40.79705,0.31822
-1.0,-1.0,13.8,53.0,-1.0,0.6,56.0,-1.0,-1.0,X6,2010-09-08 22:00:00,366,41.92173,1.02901
-1.0,-1.0,19.3,42.0,-1.0,1.8,205.0,-1.0,-1.0,X7,2010-09-08 22:00:00,215,41.51909,0.55314
0.5,352.0,20.1,60.0,1004.8,-1.0,-1.0,-1.0,-1.0,X8,2010-09-08 22:00:00,79,41.37919,2.1054
2.9,340.0,15.5,84.0,995.0,-1.0,-1.0,-1.0,-1.0,X9,2010-09-08 22:00:00,176,41.61265,2.16836
4.7,341.0,1.6,98.0,-1.0,-1.0,-1.0,-1.0,-1.0,ZB,2010-09-08 22:00:00,2451,42.51939,1.36597
-1.0,-1.0,2.3,94.0,-1.0,-1.0,-1.0,4.9,238.0,Z1,2010-09-08 22:00:00,2266,42.64691,0.98486
-1.0,-1.0,2.3,96.0,-1.0,-1.0,-1.0,3.4,302.0,Z2,2010-09-08 22:00:00,2535,42.46602,0.88405
-1.0,-1.0,4.8,92.0,-1.0,-1.0,-1.0,0.3,172.0,Z3,2010-09-08 22:00:00,2230,42.46605,1.7785
-1.0,-1.0,3.4,99.0,-1.0,-1.0,-1.0,1.4,26.0,Z4,2010-09-08 22:00:00,2364,42.42205,2.2524
-1.0,-1.0,2.4,82.0,-1.0,-1.0,-1.0,2.1,325.0,Z5,2010-09-08 22:00:00,2400,42.70029,1.27201
-1.0,-1.0,2.2,88.0,-1.0,-1.0,-1.0,3.0,322.0,Z6,2010-09-08 22:00:00,2228,42.77011,0.73198
3.0,218.0,1.7,92.0,-1.0,-1.0,-1.0,-1.0,-1.0,Z7,2010-09-08 22:00:00,2519,42.53412,1.05476
-1.0,-1.0,3.8,92.0,-1.0,-1.0,-1.0,4.2,279.0,Z8,2010-09-08 22:00:00,2316,42.18254,1.52407
3.1,248.0,5.4,78.0,-1.0,-1.0,-1.0,-1.0,-1.0,Z9,2010-09-08 22:00:00,2143,42.29265,1.71498
0.4,86.0,13.5,75.0,936.1,-1.0,-1.0,-1.0,-1.0,CA,2010-09-08 22:30:00,693,41.95378,1.5851
0.5,248.0,12.2,91.0,943.5,-1.0,-1.0,-1.0,-1.0,CC,2010-09-08 22:30:00,626,42.07398,2.20862
0.7,92.0,14.5,54.0,918.5,-1.0,-1.0,-1.0,-1.0,CD,2010-09-08 22:30:00,849,42.37083,1.43277
1.1,7.0,15.9,76.0,978.1,-1.0,-1.0,-1.0,-1.0,CE,2010-09-08 22:30:00,316,41.53109,1.80813
1.1,305.0,8.6,92.0,860.3,-1.0,-1.0,-1.0,-1.0,CG,2010-09-08 22:30:00,1405,42.37717,2.41456
0.6,120.0,11.5,95.0,918.9,-1.0,-1.0,-1.0,-1.0,CI,2010-09-08 22:30:00,852,42.25839,2.36429
1.4,271.0,13.6,62.0,949.6,-1.0,-1.0,-1.0,-1.0,CJ,2010-09-08 22:30:00,566.5,42.21624,1.33132
0.3,194.0,12.2,78.0,974.3,-1.0,-1.0,-1.0,-1.0,CL,2010-09-08 22:30:00,349,41.67399,1.76796
3.8,89.0,14.2,56.0,936.1,-1.0,-1.0,-1.0,-1.0,CP,2010-09-08 22:30:00,690,42.13924,1.03893
1.3,6.0,13.4,56.0,946.6,-1.0,-1.0,-1.0,-1.0,CQ,2010-09-08 22:30:00,594,41.99546,1.02569
2.1,46.0,10.6,98.0,916.9,-1.0,-1.0,-1.0,-1.0,CR,2010-09-08 22:30:00,873,42.08032,1.9624
0.7,29.0,9.2,93.0,921.6,-1.0,-1.0,-1.0,-1.0,CT,2010-09-08 22:30:00,823,42.39811,0.74362
1.2,177.0,9.0,93.0,903.6,-1.0,-1.0,-1.0,-1.0,CU,2010-09-08 22:30:00,1002,42.69856,0.79397
0.4,247.0,13.1,72.0,955.6,-1.0,-1.0,-1.0,-1.0,CV,2010-09-08 22:30:00,513.3,42.23939,0.96434
0.5,318.0,14.0,59.0,963.7,-1.0,-1.0,-1.0,-1.0,CW,2010-09-08 22:30:00,446,41.39241,1.09894
0.6,35.0,12.6,88.0,922.9,-1.0,-1.0,-1.0,-1.0,CY,2010-09-08 22:30:00,816,41.87813,2.17873
1.4,222.0,13.2,71.0,983.9,-1.0,-1.0,-1.0,-1.0,C6,2010-09-08 22:30:00,264,41.6566,0.95172
2.0,200.0,16.0,45.0,965.5,-1.0,-1.0,-1.0,-1.0,C7,2010-09-08 22:30:00,427,41.66695,1.16234
1.7,221.0,15.2,45.0,950.3,-1.0,-1.0,-1.0,-1.0,C8,2010-09-08 22:30:00,554,41.67555,1.29609
-1.0,-1.0,19.0,43.0,987.4,-1.0,-1.0,-1.0,-1.0,C9,2010-09-08 22:30:00,240,40.71825,0.39988
1.1,291.0,19.6,64.0,994.2,-1.0,-1.0,-1.0,-1.0,DB,2010-09-08 22:30:00,179,40.87287,0.71581
1.0,243.0,14.4,95.0,966.8,-1.0,-1.0,-1.0,-1.0,DC,2010-09-08 22:30:00,421.5,42.19144,2.48263
2.1,25.0,19.3,72.0,1009.3,-1.0,-1.0,-1.0,-1.0,DD,2010-09-08 22:30:00,44.5,41.51175,2.38674
0.6,157.0,16.8,91.0,1012.4,-1.0,-1.0,-1.0,-1.0,DF,2010-09-08 22:30:00,28.6,41.97751,3.03543
0.8,197.0,6.6,93.0,803.0,-1.0,-1.0,-1.0,-1.0,DG,2010-09-08 22:30:00,1971.4,42.39848,2.15517
1.3,335.0,15.1,67.0,967.2,-1.0,-1.0,-1.0,-1.0,DI,2010-09-08 22:30:00,415,41.43292,1.62386
0.9,266.0,16.2,89.0,994.9,-1.0,-1.0,-1.0,-1.0,DJ,2010-09-08 22:30:00,176,42.11653,2.78969
1.2,290.0,20.9,58.0,1014.0,-1.0,-1.0,-1.0,-1.0,DK,2010-09-08 22:30:00,2,41.14677,1.41846
0.1,282.0,19.2,80.0,1014.4,-1.0,-1.0,-1.0,-1.0,DL,2010-09-08 22:30:00,0.5,40.70719,0.83449
0.9,317.0,17.0,84.0,1004.9,-1.0,-1.0,-1.0,-1.0,DM,2010-09-08 22:30:00,90,41.96012,2.80696
1.2,287.0,15.6,92.0,997.9,-1.0,-1.0,-1.0,-1.0,DN,2010-09-08 22:30:00,150,41.96095,2.63108
1.2,260.0,16.9,82.0,1013.7,-1.0,-1.0,-1.0,-1.0,DO,2010-09-08 22:30:00,14,41.80857,3.03241
4.7,87.0,11.9,64.0,892.5,-1.0,-1.0,-1.0,-1.0,DP,2010-09-08 22:30:00,1097,42.38605,1.8664
0.9,1.0,13.7,69.0,981.9,-1.0,-1.0,-1.0,-1.0,DQ,2010-09-08 22:30:00,287,41.30728,1.36259
-1.0,-1.0,15.1,54.0,968.6,-1.0,-1.0,-1.0,-1.0,D1,2010-09-08 22:30:00,404,41.28521,0.75383
-1.0,-1.0,14.6,86.0,975.1,-1.0,-1.0,-1.0,-1.0,D2,2010-09-08 22:30:00,343,41.59252,1.915
0.8,293.0,17.4,69.0,985.4,-1.0,-1.0,-1.0,-1.0,D3,2010-09-08 22:30:00,252,41.38197,1.93564
1.6,26.0,19.5,54.0,1012.1,-1.0,-1.0,-1.0,-1.0,D4,2010-09-08 22:30:00,24,42.27065,3.18165
2.6,49.0,17.6,68.0,967.7,-1.0,-1.0,-1.0,-1.0,D5,2010-09-08 22:30:00,411.2,41.41843,2.12388
5.7,9.0,19.0,50.0,992.0,-1.0,-1.0,-1.0,-1.0,D6,2010-09-08 22:30:00,196,42.43515,3.16622
0.7,338.0,16.5,53.0,1008.9,-1.0,-1.0,-1.0,-1.0,D7,2010-09-08 22:30:00,53,41.18499,0.59376
2.0,228.0,16.6,39.0,956.5,-1.0,-1.0,-1.0,-1.0,D8,2010-09-08 22:30:00,515,40.95134,0.30565
1.1,352.0,17.5,61.0,1007.9,-1.0,-1.0,-1.0,-1.0,D9,2010-09-08 22:30:00,59,41.21553,1.52121
0.8,345.0,13.4,81.0,976.3,-1.0,-1.0,-1.0,-1.0,H1,2010-09-08 22:30:00,333,41.58642,1.65306
0.5,331.0,14.1,78.0,990.2,-1.0,-1.0,-1.0,-1.0,R1,2010-09-08 22:30:00,210,41.70637,1.87276
0.6,64.0,16.4,64.0,1001.0,-1.0,-1.0,-1.0,-1.0,VQ,2010-09-08 22:30:00,112,41.1713,1.16774
5.6,50.0,3.7,82.0,777.6,-1.0,-1.0,-1.0,-1.0,VS,2010-09-08 22:30:00,2247,42.63835,0.77889
-1.0,-1.0,21.5,61.0,1010.0,-1.0,-1.0,0.5,289.0,WU,2010-09-08 22:30:00,42,41.45215,2.24757
2.0,331.0,18.8,62.0,1013.0,-1.0,-1.0,-1.0,-1.0,WZ,2010-09-08 22:30:00,17,41.20187,1.63346
1.6,249.0,14.8,46.0,926.4,-1.0,-1.0,-1.0,-1.0,XA,2010-09-08 22:30:00,785,41.60257,1.4007
1.4,129.0,18.3,74.0,998.2,-1.0,-1.0,-1.0,-1.0,XC,2010-09-08 22:30:00,147,41.47892,1.97546
0.6,356.0,16.1,40.0,936.6,-1.0,-1.0,-1.0,-1.0,XD,2010-09-08 22:30:00,687,41.32,0.8857
1.6,268.0,21.7,47.0,1014.0,-1.0,-1.0,-1.0,-1.0,XE,2010-09-08 22:30:00,5,41.10393,1.201
1.6,359.0,15.8,86.0,984.9,-1.0,-1.0,-1.0,-1.0,XF,2010-09-08 22:30:00,258,41.56568,2.06952
1.9,35.0,17.3,80.0,1001.1,-1.0,-1.0,-1.0,-1.0,XG,2010-09-08 22:30:00,123,41.56734,2.22619
-1.0,-1.0,16.2,50.0,938.1,-1.0,-1.0,-1.0,-1.0,XH,2010-09-08 22:30:00,679,42.40533,1.12993
1.0,1.0,19.2,65.0,1005.0,-1.0,-1.0,-1.0,-1.0,X8,2010-09-08 22:30:00,79,41.37919,2.1054
5.4,358.0,1.3,95.0,-1.0,-1.0,-1.0,-1.0,-1.0,ZB,2010-09-08 22:30:00,2451,42.51939,1.36597
-1.0,-1.0,2.4,93.0,-1.0,-1.0,-1.0,4.2,233.0,Z1,2010-09-08 22:30:00,2266,42.64691,0.98486
-1.0,-1.0,1.9,98.0,-1.0,-1.0,-1.0,4.0,299.0,Z2,2010-09-08 22:30:00,2535,42.46602,0.88405
-1.0,-1.0,4.6,94.0,-1.0,-1.0,-1.0,0.6,211.0,Z3,2010-09-08 22:30:00,2230,42.46605,1.7785
-1.0,-1.0,2.7,99.0,-1.0,-1.0,-1.0,3.6,326.0,Z4,2010-09-08 22:30:00,2364,42.42205,2.2524
-1.0,-1.0,2.5,82.0,-1.0,-1.0,-1.0,1.9,298.0,Z5,2010-09-08 22:30:00,2400,42.70029,1.27201
-1.0,-1.0,2.0,90.0,-1.0,-1.0,-1.0,2.1,326.0,Z6,2010-09-08 22:30:00,2228,42.77011,0.73198
3.3,202.0,1.8,84.0,-1.0,-1.0,-1.0,-1.0,-1.0,Z7,2010-09-08 22:30:00,2519,42.53412,1.05476
-1.0,-1.0,4.0,91.0,-1.0,-1.0,-1.0,3.5,292.0,Z8,2010-09-08 22:30:00,2316,42.18254,1.52407
1.9,254.0,5.3,81.0,-1.0,-1.0,-1.0,-1.0,-1.0,Z9,2010-09-08 22:30:00,2143,42.29265,1.71498
0.7,70.0,13.4,77.0,936.1,-1.0,-1.0,-1.0,-1.0,CA,2010-09-08 23:00:00,693,41.95378,1.5851
0.3,242.0,11.9,92.0,943.7,-1.0,-1.0,-1.0,-1.0,CC,2010-09-08 23:00:00,626,42.07398,2.20862
1.0,359.0,14.5,56.0,918.7,-1.0,-1.0,-1.0,-1.0,CD,2010-09-08 23:00:00,849,42.37083,1.43277
1.1,9.0,15.6,78.0,978.3,-1.0,-1.0,-1.0,-1.0,CE,2010-09-08 23:00:00,316,41.53109,1.80813
0.5,217.0,8.6,93.0,860.4,-1.0,-1.0,-1.0,-1.0,CG,2010-09-08 23:00:00,1405,42.37717,2.41456
0.7,120.0,11.2,95.0,919.0,-1.0,-1.0,-1.0,-1.0,CI,2010-09-08 23:00:00,852,42.25839,2.36429
0.6,271.0,13.1,64.0,949.8,-1.0,-1.0,-1.0,-1.0,CJ,2010-09-08 23:00:00,566.5,42.21624,1.33132
0.7,206.0,12.0,79.0,974.6,-1.0,-1.0,-1.0,-1.0,CL,2010-09-08 23:00:00,349,41.67399,1.76796
4.5,87.0,13.9,57.0,936.3,-1.0,-1.0,-1.0,-1.0,CP,2010-09-08 23:00:00,690,42.13924,1.03893
1.4,14.0,13.0,57.0,947.0,-1.0,-1.0,-1.0,-1.0,CQ,2010-09-08 23:00:00,594,41.99546,1.02569
3.0,51.0,10.5,98.0,917.1,-1.0,-1.0,-1.0,-1.0,CR,2010-09-08 23:00:00,873,42.08032,1.9624
0.1,39.0,8.8,93.0,921.7,-1.0,-1.0,-1.0,-1.0,CT,2010-09-08 23:00:00,823,42.39811,0.74362
1.0,172.0,8.5,93.0,903.7,-1.0,-1.0,-1.0,-1.0,CU,2010-09-08 23:00:00,1002,42.69856,0.79397
0.3,214.0,12.6,75.0,955.9,-1.0,-1.0,-1.0,-1.0,CV,2010-09-08 23:00:00,513.3,42.23939,0.96434
0.7,270.0,13.3,64.0,963.8,-1.0,-1.0,-1.0,-1.0,CW,2010-09-08 23:00:00,446,41.39241,1.09894
0.3,147.0,12.2,88.0,923.1,-1.0,-1.0,-1.0,-1.0,CY,2010-09-08 23:00:00,816,41.87813,2.17873
2.9,199.0,12.8,72.0,983.9,-1.0,-1.0,-1.0,-1.0,C6,2010-09-08 23:00:00,264,41.6566,0.95172
2.9,185.0,16.0,46.0,965.5,-1.0,-1.0,-1.0,-1.0,C7,2010-09-08 23:00:00,427,41.66695,1.16234
1.4,226.0,14.9,46.0,950.5,-1.0,-1.0,-1.0,-1.0,C8,2010-09-08 23:00:00,554,41.67555,1.29609
-1.0,-1.0,18.6,45.0,987.5,-1.0,-1.0,-1.0,-1.0,C9,2010-09-08 23:00:00,240,40.71825,0.39988
2.4,252.0,19.5,62.0,994.2,-1.0,-1.0,-1.0,-1.0,DB,2010-09-08 23:00:00,179,40.87287,0.71581
0.8,202.0,14.3,94.0,966.9,-1.0,-1.0,-1.0,-1.0,DC,2010-09-08 23:00:00,421.5,42.19144,2.48263
2.7,32.0,19.6,72.0,1009.5,-1.0,-1.0,-1.0,-1.0,DD,2010-09-08 23:00:00,44.5,41.51175,2.38674
1.0,192.0,16.7,90.0,1012.4,-1.0,-1.0,-1.0,-1.0,DF,2010-09-08 23:00:00,28.6,41.97751,3.03543
1.2,204.0,6.4,93.0,803.1,-1.0,-1.0,-1.0,-1.0,DG,2010-09-08 23:00:00,1971.4,42.39848,2.15517
1.0,18.0,15.6,64.0,967.3,-1.0,-1.0,-1.0,-1.0,DI,2010-09-08 23:00:00,415,41.43292,1.62386
1.6,313.0,15.8,92.0,995.0,-1.0,-1.0,-1.0,-1.0,DJ,2010-09-08 23:00:00,176,42.11653,2.78969
1.5,304.0,20.6,59.0,1014.0,-1.0,-1.0,-1.0,-1.0,DK,2010-09-08 23:00:00,2,41.14677,1.41846
1.7,309.0,19.6,78.0,1014.6,-1.0,-1.0,-1.0,-1.0,DL,2010-09-08 23:00:00,0.5,40.70719,0.83449
0.9,287.0,17.0,85.0,1005.0,-1.0,-1.0,-1.0,-1.0,DM,2010-09-08 23:00:00,90,41.96012,2.80696
1.4,304.0,15.8,91.0,998.1,-1.0,-1.0,-1.0,-1.0,DN,2010-09-08 23:00:00,150,41.96095,2.63108
0.6,304.0,16.6,86.0,1013.9,-1.0,-1.0,-1.0,-1.0,DO,2010-09-08 23:00:00,14,41.80857,3.03241
3.5,120.0,11.0,73.0,892.6,-1.0,-1.0,-1.0,-1.0,DP,2010-09-08 23:00:00,1097,42.38605,1.8664
0.9,354.0,13.2,71.0,982.0,-1.0,-1.0,-1.0,-1.0,DQ,2010-09-08 23:00:00,287,41.30728,1.36259
-1.0,-1.0,14.6,57.0,968.7,-1.0,-1.0,-1.0,-1.0,D1,2010-09-08 23:00:00,404,41.28521,0.75383
-1.0,-1.0,15.0,85.0,975.3,-1.0,-1.0,-1.0,-1.0,D2,2010-09-08 23:00:00,343,41.59252,1.915
1.0,294.0,17.2,70.0,985.5,-1.0,-1.0,-1.0,-1.0,D3,2010-09-08 23:00:00,252,41.38197,1.93564
2.3,347.0,19.8,53.0,1012.2,-1.0,-1.0,-1.0,-1.0,D4,2010-09-08 23:00:00,24,42.27065,3.18165
4.1,31.0,17.4,71.0,967.7,-1.0,-1.0,-1.0,-1.0,D5,2010-09-08 23:00:00,411.2,41.41843,2.12388
4.9,357.0,18.5,54.0,992.1,-1.0,-1.0,-1.0,-1.0,D6,2010-09-08 23:00:00,196,42.43515,3.16622
0.6,52.0,16.2,54.0,1008.9,-1.0,-1.0,-1.0,-1.0,D7,2010-09-08 23:00:00,53,41.18499,0.59376
2.0,234.0,16.5,40.0,956.6,-1.0,-1.0,-1.0,-1.0,D8,2010-09-08 23:00:00,515,40.95134,0.30565
1.3,4.0,17.1,66.0,1007.9,-1.0,-1.0,-1.0,-1.0,D9,2010-09-08 23:00:00,59,41.21553,1.52121
0.7,317.0,12.9,82.0,976.6,-1.0,-1.0,-1.0,-1.0,H1,2010-09-08 23:00:00,333,41.58642,1.65306
0.4,79.0,13.8,80.0,990.5,-1.0,-1.0,-1.0,-1.0,R1,2010-09-08 23:00:00,210,41.70637,1.87276
-1.0,-1.0,17.3,68.0,-1.0,0.8,329.0,-1.0,-1.0,UA,2010-09-08 23:00:00,93,40.9091,0.76943
-1.0,-1.0,16.4,93.0,-1.0,0.6,209.0,-1.0,-1.0,UB,2010-09-08 23:00:00,15,42.05398,3.06195
-1.0,-1.0,16.4,91.0,-1.0,0.8,230.0,-1.0,-1.0,UC,2010-09-08 23:00:00,60,41.97726,2.99705
-1.0,-1.0,16.5,89.0,-1.0,-1.0,-1.0,-1.0,-1.0,UD,2010-09-08 23:00:00,12,42.02895,3.06227
-1.0,-1.0,17.0,95.0,-1.0,-1.0,-1.0,-1.0,-1.0,UE,2010-09-08 23:00:00,4,42.02306,3.15719
-1.0,-1.0,17.1,66.0,-1.0,1.6,183.0,-1.0,-1.0,UF,2010-09-08 23:00:00,573,41.28832,1.90775
-1.0,-1.0,18.7,71.0,-1.0,0.7,0.0,-1.0,-1.0,UG,2010-09-08 23:00:00,3,41.29928,2.03787
-1.0,-1.0,16.8,41.0,-1.0,0.4,247.0,1.3,259.0,UH,2010-09-08 23:00:00,545,41.34171,1.48769
-1.0,-1.0,8.6,93.0,-1.0,0.2,258.0,-1.0,-1.0,UI,2010-09-08 23:00:00,1386,42.26477,1.76218
-1.0,-1.0,13.3,55.0,-1.0,0.9,267.0,2.0,261.0,UJ,2010-09-08 23:00:00,709,41.52879,1.3683
-1.0,-1.0,17.4,64.0,-1.0,0.7,55.0,-1.0,-1.0,UK,2010-09-08 23:00:00,161,41.27861,1.80479
-1.0,-1.0,17.6,43.0,-1.0,1.2,230.0,-1.0,-1.0,UL,2010-09-08 23:00:00,228,41.52911,0.75303
-1.0,-1.0,16.1,42.0,-1.0,0.8,164.0,-1.0,-1.0,UM,2010-09-08 23:00:00,505,41.35991,0.66789
-1.0,-1.0,18.2,74.0,-1.0,1.1,58.0,-1.0,-1.0,UN,2010-09-08 23:00:00,171,41.87449,2.92694
-1.0,-1.0,16.5,88.0,-1.0,-1.0,-1.0,-1.0,-1.0,UO,2010-09-08 23:00:00,97,41.91461,2.82069
1.9,28.0,20.2,69.0,1005.0,-1.0,-1.0,-1.0,-1.0,UP,2010-09-08 23:00:00,81,41.51773,2.37702
-1.0,-1.0,14.8,85.0,-1.0,0.9,64.0,-1.0,-1.0,UQ,2010-09-08 23:00:00,460,41.61991,2.44532
-1.0,-1.0,20.8,63.0,-1.0,1.3,311.0,-1.0,-1.0,US,2010-09-08 23:00:00,24,40.55786,0.52329
2.4,310.0,19.0,74.0,1015.0,-1.0,-1.0,-1.0,-1.0,UU,2010-09-08 23:00:00,3,40.70776,0.6321
-1.0,-1.0,17.5,50.0,-1.0,0.4,289.0,-1.0,-1.0,UV,2010-09-08 23:00:00,205,40.71727,0.41633
-1.0,-1.0,22.1,70.0,1015.0,1.7,281.0,-1.0,-1.0,UW,2010-09-08 23:00:00,0,40.62725,0.65922
-1.0,-1.0,17.3,50.0,-1.0,0.5,249.0,-1.0,-1.0,UX,2010-09-08 23:00:00,210,40.62652,0.37112
-1.0,-1.0,14.2,49.0,-1.0,0.2,24.0,1.6,353.0,UY,2010-09-08 23:00:00,576,41.87912,0.76103
-1.0,-1.0,16.5,94.0,-1.0,0.7,279.0,-1.0,-1.0,U1,2010-09-08 23:00:00,31,42.30648,2.95481
1.4,251.0,16.7,92.0,1015.0,-1.0,-1.0,-1.0,-1.0,U2,2010-09-08 23:00:00,4,42.17716,3.0968
-1.0,-1.0,13.9,68.0,-1.0,1.3,354.0,-1.0,-1.0,U3,2010-09-08 23:00:00,257,41.37491,1.63032
2.0,11.0,14.6,78.0,-1.0,0.6,63.0,-1.0,-1.0,U4,2010-09-08 23:00:00,507,41.83094,1.84699
-1.0,-1.0,8.0,78.0,-1.0,0.1,56.0,-1.0,-1.0,U5,2010-09-08 23:00:00,969,41.31349,0.99611
-1.0,-1.0,17.9,52.0,-1.0,0.8,333.0,-1.0,-1.0,U6,2010-09-08 23:00:00,29,41.08017,1.06661
-1.0,-1.0,17.0,76.0,-1.0,0.2,334.0,-1.0,-1.0,U7,2010-09-08 23:00:00,52,40.85936,0.50525
-1.0,-1.0,19.1,65.0,-1.0,0.7,275.0,-1.0,-1.0,U9,2010-09-08 23:00:00,62,40.76947,0.61635
-1.0,-1.0,19.8,33.0,-1.0,1.7,259.0,-1.0,-1.0,VA,2010-09-08 23:00:00,257,41.19645,0.51161
0.9,350.0,16.1,65.0,-1.0,-1.0,-1.0,-1.0,-1.0,VB,2010-09-08 23:00:00,32,41.06289,0.63517
-1.0,-1.0,19.9,41.0,-1.0,1.8,245.0,-1.0,-1.0,VC,2010-09-08 23:00:00,69,41.24415,0.43266
-1.0,-1.0,16.3,42.0,-1.0,2.0,218.0,-1.0,-1.0,VD,2010-09-08 23:00:00,429,41.68939,1.20381
-1.0,-1.0,12.7,84.0,-1.0,0.2,234.0,-1.0,-1.0,VE,2010-09-08 23:00:00,97,41.48692,0.46058
-1.0,-1.0,12.3,81.0,-1.0,0.1,18.0,-1.0,-1.0,VF,2010-09-08 23:00:00,122,41.56482,0.54999
-1.0,-1.0,16.8,52.0,-1.0,1.3,287.0,-1.0,-1.0,VH,2010-09-08 23:00:00,259,41.65814,0.39301
-1.0,-1.0,15.6,55.0,-1.0,0.9,197.0,-1.0,-1.0,VJ,2010-09-08 23:00:00,161,41.59957,0.6478
2.0,301.0,14.7,60.0,981.9,-1.0,-1.0,-1.0,-1.0,VK,2010-09-08 23:00:00,286,41.68328,0.4487
0.9,211.0,15.7,58.0,-1.0,0.1,255.0,-1.0,-1.0,VL,2010-09-08 23:00:00,100,41.46014,0.40562
-1.0,-1.0,16.2,53.0,-1.0,1.2,274.0,-1.0,-1.0,VM,2010-09-08 23:00:00,222,41.7145,0.62839
-1.0,-1.0,16.0,87.0,-1.0,-1.0,-1.0,-1.0,-1.0,VN,2010-09-08 23:00:00,117,41.88244,2.74262
-1.0,-1.0,12.1,63.0,-1.0,0.5,58.0,-1.0,-1.0,VO,2010-09-08 23:00:00,785,42.08745,1.42792
-1.0,-1.0,11.7,66.0,-1.0,0.9,86.0,1.4,81.0,VP,2010-09-08 23:00:00,659,41.80483,1.53853
0.7,354.0,16.2,67.0,1001.0,-1.0,-1.0,-1.0,-1.0,VQ,2010-09-08 23:00:00,112,41.1713,1.16774
-1.0,-1.0,14.4,59.0,-1.0,0.5,159.0,-1.0,-1.0,VR,2010-09-08 23:00:00,291,41.68994,1.04401
6.5,46.0,3.5,84.0,777.5,-1.0,-1.0,-1.0,-1.0,VS,2010-09-08 23:00:00,2247,42.63835,0.77889
-1.0,-1.0,15.2,85.0,-1.0,0.4,266.0,-1.0,-1.0,VT,2010-09-08 23:00:00,84,41.48401,2.12745
-1.0,-1.0,16.4,69.0,-1.0,0.3,222.0,-1.0,-1.0,VU,2010-09-08 23:00:00,421,41.63286,1.91718
0.6,16.0,10.5,97.0,-1.0,-1.0,-1.0,-1.0,-1.0,VV,2010-09-08 23:00:00,528,41.68129,2.02647
-1.0,-1.0,12.6,82.0,-1.0,1.2,110.0,-1.0,-1.0,VX,2010-09-08 23:00:00,1030,41.74761,2.30291
-1.0,-1.0,14.3,69.0,-1.0,-1.0,-1.0,-1.0,-1.0,VY,2010-09-08 23:00:00,240,41.25095,1.29863
-1.0,-1.0,16.4,88.0,-1.0,-1.0,-1.0,-1.0,-1.0,VZ,2010-09-08 23:00:00,83,42.38443,3.00736
-1.0,-1.0,13.2,73.0,-1.0,0.4,85.0,-1.0,-1.0,V1,2010-09-08 23:00:00,238,41.78487,0.82939
-1.0,-1.0,13.7,89.0,-1.0,0.2,294.0,-1.0,-1.0,V3,2010-09-08 23:00:00,509,41.95224,2.23271
-1.0,-1.0,11.8,92.0,938.0,-1.0,-1.0,0.5,356.0,V4,2010-09-08 23:00:00,684,42.11477,2.21483
-1.0,-1.0,12.6,91.0,-1.0,1.7,98.0,2.1,86.0,V5,2010-09-08 23:00:00,774,42.03947,2.11993
-1.0,-1.0,11.3,86.0,-1.0,0.0,186.0,-1.0,-1.0,V8,2010-09-08 23:00:00,223,41.67279,0.87741
-1.0,-1.0,10.8,67.0,-1.0,0.3,321.0,-1.0,-1.0,WA,2010-09-08 23:00:00,443,41.87694,1.1541
-1.0,-1.0,13.7,62.0,-1.0,0.9,300.0,-1.0,-1.0,WB,2010-09-08 23:00:00,267,41.76036,0.67022
-1.0,-1.0,12.8,70.0,-1.0,0.8,187.0,-1.0,-1.0,WC,2010-09-08 23:00:00,261,41.63642,0.92446
-1.0,-1.0,18.3,36.0,-1.0,0.8,203.0,-1.0,-1.0,WD,2010-09-08 23:00:00,382,41.08671,0.31884
-1.0,-1.0,13.3,91.0,-1.0,0.3,81.0,-1.0,-1.0,WE,2010-09-08 23:00:00,126,41.5444,2.30014
-1.0,-1.0,15.7,93.0,-1.0,-1.0,-1.0,-1.0,-1.0,WF,2010-09-08 23:00:00,108,41.95425,2.77578
-1.0,-1.0,16.0,46.0,-1.0,1.1,283.0,-1.0,-1.0,WG,2010-09-08 23:00:00,301,41.80104,0.64804
-1.0,-1.0,14.8,52.0,-1.0,0.2,262.0,-1.0,-1.0,WI,2010-09-08 23:00:00,350,41.35741,0.4809
-1.0,-1.0,16.8,48.0,-1.0,1.1,124.0,-1.0,-1.0,WJ,2010-09-08 23:00:00,141,41.1223,0.72182
-1.0,-1.0,11.9,66.0,-1.0,0.8,354.0,-1.0,-1.0,WK,2010-09-08 23:00:00,268,41.81949,0.57768
-1.0,-1.0,16.1,45.0,-1.0,0.7,177.0,-1.0,-1.0,WL,2010-09-08 23:00:00,413,41.57236,1.0882
1.8,42.0,11.7,78.0,-1.0,-1.0,-1.0,-1.0,-1.0,WM,2010-09-08 23:00:00,1167,42.10736,1.8267
-1.0,-1.0,14.0,74.0,-1.0,-1.0,-1.0,1.8,239.0,WN,2010-09-08 23:00:00,916,41.59539,1.83751
-1.0,-1.0,13.7,79.0,-1.0,-1.0,-1.0,-1.0,-1.0,WO,2010-09-08 23:00:00,185,41.27151,1.46717
-1.0,-1.0,14.6,92.0,-1.0,1.0,314.0,-1.0,-1.0,WP,2010-09-08 23:00:00,325,41.48518,1.69337
6.1,348.0,8.6,64.0,843.0,-1.0,-1.0,-1.0,-1.0,WQ,2010-09-08 23:00:00,1572,42.0513,0.72952
-1.0,-1.0,16.4,46.0,-1.0,0.7,58.0,-1.0,-1.0,WR,2010-09-08 23:00:00,300,41.2163,0.79748
1.9,142.0,12.4,94.0,909.0,-1.0,-1.0,-1.0,-1.0,WS,2010-09-08 23:00:00,953,41.84008,2.41877
2.5,5.0,17.3,86.0,1016.0,-1.0,-1.0,-1.0,-1.0,WT,2010-09-08 23:00:00,2,41.64707,2.75658
-1.0,-1.0,20.5,65.0,1010.0,-1.0,-1.0,1.6,285.0,WU,2010-09-08 23:00:00,42,41.45215,2.24757
0.5,243.0,10.3,98.0,927.0,-1.0,-1.0,-1.0,-1.0,WV,2010-09-08 23:00:00,788,42.23414,1.87485
-1.0,-1.0,14.1,89.0,-1.0,-1.0,-1.0,-1.0,-1.0,WW,2010-09-08 23:00:00,278,41.79423,1.9368
-1.0,-1.0,14.9,47.0,-1.0,0.6,243.0,-1.0,-1.0,WX,2010-09-08 23:00:00,668,41.9178,0.88175
-1.0,-1.0,14.5,86.0,-1.0,0.5,344.0,-1.0,-1.0,WY,2010-09-08 23:00:00,164,41.43386,1.79429
2.1,336.0,18.5,63.0,1013.0,-1.0,-1.0,-1.0,-1.0,WZ,2010-09-08 23:00:00,17,41.20187,1.63346
-1.0,-1.0,16.9,91.0,-1.0,-1.0,-1.0,-1.0,-1.0,W1,2010-09-08 23:00:00,2,42.24726,3.09021
-1.0,-1.0,15.6,93.0,-1.0,-1.0,-1.0,-1.0,-1.0,W2,2010-09-08 23:00:00,7,42.18259,3.05783
-1.0,-1.0,16.5,93.0,-1.0,-1.0,-1.0,-1.0,-1.0,W3,2010-09-08 23:00:00,4,42.15006,3.06494
-1.0,-1.0,14.8,81.0,-1.0,0.5,5.0,-1.0,-1.0,W4,2010-09-08 23:00:00,240,41.36619,1.72857
-1.0,-1.0,11.3,67.0,-1.0,0.5,78.0,-1.0,-1.0,W5,2010-09-08 23:00:00,490,42.07683,1.31489
-1.0,-1.0,17.1,59.0,-1.0,0.5,344.0,-1.0,-1.0,W6,2010-09-08 23:00:00,158,41.13738,1.0187
-1.0,-1.0,12.1,74.0,-1.0,-1.0,-1.0,-1.0,-1.0,W8,2010-09-08 23:00:00,438,41.44237,1.15998
-1.0,-1.0,13.6,98.0,-1.0,0.2,192.0,-1.0,-1.0,W9,2010-09-08 23:00:00,461,42.14557,2.45451
1.0,279.0,14.6,47.0,926.5,-1.0,-1.0,-1.0,-1.0,XA,2010-09-08 23:00:00,785,41.60257,1.4007
-1.0,-1.0,11.3,76.0,-1.0,-1.0,-1.0,-1.0,-1.0,XB,2010-09-08 23:00:00,584,41.4779,1.53529
0.8,132.0,17.8,75.0,998.4,-1.0,-1.0,-1.0,-1.0,XC,2010-09-08 23:00:00,147,41.47892,1.97546
1.0,330.0,15.6,42.0,936.6,-1.0,-1.0,-1.0,-1.0,XD,2010-09-08 23:00:00,687,41.32,0.8857
1.6,257.0,21.8,47.0,1014.0,-1.0,-1.0,-1.0,-1.0,XE,2010-09-08 23:00:00,5,41.10393,1.201
1.7,14.0,15.6,86.0,985.1,-1.0,-1.0,-1.0,-1.0,XF,2010-09-08 23:00:00,258,41.56568,2.06952
2.2,30.0,17.2,81.0,1001.4,-1.0,-1.0,-1.0,-1.0,XG,2010-09-08 23:00:00,123,41.56734,2.22619
-1.0,-1.0,16.0,52.0,938.2,-1.0,-1.0,-1.0,-1.0,XH,2010-09-08 23:00:00,679,42.40533,1.12993
-1.0,-1.0,15.0,57.0,986.3,0.7,221.0,-1.0,-1.0,XI,2010-09-08 23:00:00,247,41.61817,0.87182
1.1,109.0,17.2,55.0,974.5,-1.0,-1.0,-1.0,-1.0,X1,2010-09-08 23:00:00,359,41.15374,0.81953
-1.0,-1.0,20.8,69.0,-1.0,-1.0,-1.0,-1.0,-1.0,X2,2010-09-08 23:00:00,7,41.38943,2.18847
4.2,276.0,14.0,64.0,972.0,-1.0,-1.0,-1.0,-1.0,X3,2010-09-08 23:00:00,370,41.74281,0.5358
1.1,39.0,21.4,64.0,1010.6,-1.0,-1.0,-1.0,-1.0,X4,2010-09-08 23:00:00,33,41.3839,2.16775
0.5,14.0,10.2,58.0,899.1,-1.0,-1.0,-1.0,-1.0,X5,2010-09-08 23:00:00,1055,40.79705,0.31822
-1.0,-1.0,12.6,59.0,-1.0,0.8,96.0,-1.0,-1.0,X6,2010-09-08 23:00:00,366,41.92173,1.02901
-1.0,-1.0,18.6,43.0,-1.0,2.0,203.0,-1.0,-1.0,X7,2010-09-08 23:00:00,215,41.51909,0.55314
1.7,44.0,19.8,64.0,1005.0,-1.0,-1.0,-1.0,-1.0,X8,2010-09-08 23:00:00,79,41.37919,2.1054
2.9,336.0,15.2,85.0,995.0,-1.0,-1.0,-1.0,-1.0,X9,2010-09-08 23:00:00,176,41.61265,2.16836
6.0,17.0,1.6,88.0,-1.0,-1.0,-1.0,-1.0,-1.0,ZB,2010-09-08 23:00:00,2451,42.51939,1.36597
-1.0,-1.0,2.1,93.0,-1.0,-1.0,-1.0,3.7,244.0,Z1,2010-09-08 23:00:00,2266,42.64691,0.98486
-1.0,-1.0,1.5,94.0,-1.0,-1.0,-1.0,3.9,299.0,Z2,2010-09-08 23:00:00,2535,42.46602,0.88405
-1.0,-1.0,4.4,96.0,-1.0,-1.0,-1.0,0.9,216.0,Z3,2010-09-08 23:00:00,2230,42.46605,1.7785
-1.0,-1.0,2.7,99.0,-1.0,-1.0,-1.0,2.0,278.0,Z4,2010-09-08 23:00:00,2364,42.42205,2.2524
-1.0,-1.0,2.6,79.0,-1.0,-1.0,-1.0,2.9,256.0,Z5,2010-09-08 23:00:00,2400,42.70029,1.27201
-1.0,-1.0,2.1,89.0,-1.0,-1.0,-1.0,2.0,330.0,Z6,2010-09-08 23:00:00,2228,42.77011,0.73198
3.0,174.0,2.1,78.0,-1.0,-1.0,-1.0,-1.0,-1.0,Z7,2010-09-08 23:00:00,2519,42.53412,1.05476
-1.0,-1.0,3.5,94.0,-1.0,-1.0,-1.0,2.6,313.0,Z8,2010-09-08 23:00:00,2316,42.18254,1.52407
0.9,279.0,5.1,86.0,-1.0,-1.0,-1.0,-1.0,-1.0,Z9,2010-09-08 23:00:00,2143,42.29265,1.71498
0.3,352.0,13.1,79.0,936.3,-1.0,-1.0,-1.0,-1.0,CA,2010-09-08 23:30:00,693,41.95378,1.5851
0.5,241.0,11.5,92.0,943.7,-1.0,-1.0,-1.0,-1.0,CC,2010-09-08 23:30:00,626,42.07398,2.20862
2.0,54.0,14.6,57.0,918.7,-1.0,-1.0,-1.0,-1.0,CD,2010-09-08 23:30:00,849,42.37083,1.43277
1.1,25.0,15.8,79.0,978.3,-1.0,-1.0,-1.0,-1.0,CE,2010-09-08 23:30:00,316,41.53109,1.80813
1.0,218.0,8.5,92.0,860.4,-1.0,-1.0,-1.0,-1.0,CG,2010-09-08 23:30:00,1405,42.37717,2.41456
0.7,84.0,11.7,95.0,919.0,-1.0,-1.0,-1.0,-1.0,CI,2010-09-08 23:30:00,852,42.25839,2.36429
0.6,289.0,12.2,69.0,950.0,-1.0,-1.0,-1.0,-1.0,CJ,2010-09-08 23:30:00,566.5,42.21624,1.33132
0.2,192.0,11.5,81.0,974.7,-1.0,-1.0,-1.0,-1.0,CL,2010-09-08 23:30:00,349,41.67399,1.76796
3.7,89.0,13.9,56.0,936.5,-1.0,-1.0,-1.0,-1.0,CP,2010-09-08 23:30:00,690,42.13924,1.03893
1.6,4.0,12.8,57.0,947.1,-1.0,-1.0,-1.0,-1.0,CQ,2010-09-08 23:30:00,594,41.99546,1.02569
3.3,51.0,10.6,98.0,917.1,-1.0,-1.0,-1.0,-1.0,CR,2010-09-08 23:30:00,873,42.08032,1.9624
0.4,8.0,8.5,94.0,922.0,-1.0,-1.0,-1.0,-1.0,CT,2010-09-08 23:30:00,823,42.39811,0.74362
1.3,175.0,8.2,92.0,903.7,-1.0,-1.0,-1.0,-1.0,CU,2010-09-08 23:30:00,1002,42.69856,0.79397
0.4,201.0,12.0,78.0,956.0,-1.0,-1.0,-1.0,-1.0,CV,2010-09-08 23:30:00,513.3,42.23939,0.96434
0.7,229.0,12.6,67.0,963.9,-1.0,-1.0,-1.0,-1.0,CW,2010-09-08 23:30:00,446,41.39241,1.09894
0.9,88.0,12.0,89.0,923.1,-1.0,-1.0,-1.0,-1.0,CY,2010-09-08 23:30:00,816,41.87813,2.17873
2.9,196.0,13.0,70.0,984.0,-1.0,-1.0,-1.0,-1.0,C6,2010-09-08 23:30:00,264,41.6566,0.95172
2.0,182.0,15.6,47.0,965.7,-1.0,-1.0,-1.0,-1.0,C7,2010-09-08 23:30:00,427,41.66695,1.16234
1.6,226.0,14.5,48.0,950.6,-1.0,-1.0,-1.0,-1.0,C8,2010-09-08 23:30:00,554,41.67555,1.29609
-1.0,-1.0,18.3,46.0,987.6,-1.0,-1.0,-1.0,-1.0,C9,2010-09-08 23:30:00,240,40.71825,0.39988
3.2,259.0,19.3,60.0,994.1,-1.0,-1.0,-1.0,-1.0,DB,2010-09-08 23:30:00,179,40.87287,0.71581
0.5,242.0,14.2,94.0,967.0,-1.0,-1.0,-1.0,-1.0,DC,2010-09-08 23:30:00,421.5,42.19144,2.48263
3.4,35.0,19.8,74.0,1009.6,-1.0,-1.0,-1.0,-1.0,DD,2010-09-08 23:30:00,44.5,41.51175,2.38674
0.7,177.0,16.4,88.0,1012.4,-1.0,-1.0,-1.0,-1.0,DF,2010-09-08 23:30:00,28.6,41.97751,3.03543
0.8,220.0,6.2,94.0,803.1,-1.0,-1.0,-1.0,-1.0,DG,2010-09-08 23:30:00,1971.4,42.39848,2.15517
2.7,28.0,15.6,74.0,967.3,-1.0,-1.0,-1.0,-1.0,DI,2010-09-08 23:30:00,415,41.43292,1.62386
1.8,308.0,15.8,89.0,995.1,-1.0,-1.0,-1.0,-1.0,DJ,2010-09-08 23:30:00,176,42.11653,2.78969
1.3,314.0,20.2,59.0,1014.1,-1.0,-1.0,-1.0,-1.0,DK,2010-09-08 23:30:00,2,41.14677,1.41846
1.9,312.0,19.6,77.0,1014.6,-1.0,-1.0,-1.0,-1.0,DL,2010-09-08 23:30:00,0.5,40.70719,0.83449
0.5,287.0,17.2,84.0,1005.1,-1.0,-1.0,-1.0,-1.0,DM,2010-09-08 23:30:00,90,41.96012,2.80696
1.3,298.0,15.9,90.0,998.2,-1.0,-1.0,-1.0,-1.0,DN,2010-09-08 23:30:00,150,41.96095,2.63108
1.2,268.0,16.2,87.0,1014.1,-1.0,-1.0,-1.0,-1.0,DO,2010-09-08 23:30:00,14,41.80857,3.03241
3.0,124.0,10.9,72.0,892.6,-1.0,-1.0,-1.0,-1.0,DP,2010-09-08 23:30:00,1097,42.38605,1.8664
0.7,350.0,13.2,72.0,982.0,-1.0,-1.0,-1.0,-1.0,DQ,2010-09-08 23:30:00,287,41.30728,1.36259
-1.0,-1.0,14.4,57.0,968.8,-1.0,-1.0,-1.0,-1.0,D1,2010-09-08 23:30:00,404,41.28521,0.75383
-1.0,-1.0,14.7,87.0,975.3,-1.0,-1.0,-1.0,-1.0,D2,2010-09-08 23:30:00,343,41.59252,1.915
0.6,280.0,17.1,71.0,985.6,-1.0,-1.0,-1.0,-1.0,D3,2010-09-08 23:30:00,252,41.38197,1.93564
1.3,324.0,18.0,77.0,1012.6,-1.0,-1.0,-1.0,-1.0,D4,2010-09-08 23:30:00,24,42.27065,3.18165
4.2,31.0,17.5,69.0,967.8,-1.0,-1.0,-1.0,-1.0,D5,2010-09-08 23:30:00,411.2,41.41843,2.12388
3.0,317.0,18.3,54.0,992.2,-1.0,-1.0,-1.0,-1.0,D6,2010-09-08 23:30:00,196,42.43515,3.16622
0.7,356.0,15.4,58.0,1009.1,-1.0,-1.0,-1.0,-1.0,D7,2010-09-08 23:30:00,53,41.18499,0.59376
1.8,222.0,16.1,42.0,956.5,-1.0,-1.0,-1.0,-1.0,D8,2010-09-08 23:30:00,515,40.95134,0.30565
1.0,9.0,16.7,64.0,1008.0,-1.0,-1.0,-1.0,-1.0,D9,2010-09-08 23:30:00,59,41.21553,1.52121
0.3,30.0,12.2,87.0,976.7,-1.0,-1.0,-1.0,-1.0,H1,2010-09-08 23:30:00,333,41.58642,1.65306
0.5,139.0,13.3,81.0,990.6,-1.0,-1.0,-1.0,-1.0,R1,2010-09-08 23:30:00,210,41.70637,1.87276
1.2,340.0,15.3,72.0,1001.0,-1.0,-1.0,-1.0,-1.0,VQ,2010-09-08 23:30:00,112,41.1713,1.16774
6.4,49.0,3.6,78.0,777.6,-1.0,-1.0,-1.0,-1.0,VS,2010-09-08 23:30:00,2247,42.63835,0.77889
-1.0,-1.0,20.5,65.0,1010.0,-1.0,-1.0,0.3,309.0,WU,2010-09-08 23:30:00,42,41.45215,2.24757
2.4,339.0,18.5,61.0,1013.0,-1.0,-1.0,-1.0,-1.0,WZ,2010-09-08 23:30:00,17,41.20187,1.63346
1.3,268.0,14.1,49.0,926.6,-1.0,-1.0,-1.0,-1.0,XA,2010-09-08 23:30:00,785,41.60257,1.4007
0.9,186.0,17.5,77.0,998.5,-1.0,-1.0,-1.0,-1.0,XC,2010-09-08 23:30:00,147,41.47892,1.97546
0.8,297.0,15.7,41.0,936.7,-1.0,-1.0,-1.0,-1.0,XD,2010-09-08 23:30:00,687,41.32,0.8857
1.1,306.0,21.0,46.0,1014.0,-1.0,-1.0,-1.0,-1.0,XE,2010-09-08 23:30:00,5,41.10393,1.201
1.3,18.0,15.2,87.0,985.1,-1.0,-1.0,-1.0,-1.0,XF,2010-09-08 23:30:00,258,41.56568,2.06952
2.6,61.0,17.5,79.0,1001.3,-1.0,-1.0,-1.0,-1.0,XG,2010-09-08 23:30:00,123,41.56734,2.22619
-1.0,-1.0,15.8,54.0,938.4,-1.0,-1.0,-1.0,-1.0,XH,2010-09-08 23:30:00,679,42.40533,1.12993
0.8,317.0,19.4,67.0,1005.2,-1.0,-1.0,-1.0,-1.0,X8,2010-09-08 23:30:00,79,41.37919,2.1054
6.1,6.0,1.8,84.0,-1.0,-1.0,-1.0,-1.0,-1.0,ZB,2010-09-08 23:30:00,2451,42.51939,1.36597
-1.0,-1.0,1.9,94.0,-1.0,-1.0,-1.0,4.2,244.0,Z1,2010-09-08 23:30:00,2266,42.64691,0.98486
-1.0,-1.0,1.8,81.0,-1.0,-1.0,-1.0,3.1,300.0,Z2,2010-09-08 23:30:00,2535,42.46602,0.88405
-1.0,-1.0,4.2,96.0,-1.0,-1.0,-1.0,1.3,240.0,Z3,2010-09-08 23:30:00,2230,42.46605,1.7785
-1.0,-1.0,2.6,99.0,-1.0,-1.0,-1.0,1.4,307.0,Z4,2010-09-08 23:30:00,2364,42.42205,2.2524
-1.0,-1.0,2.4,79.0,-1.0,-1.0,-1.0,3.4,307.0,Z5,2010-09-08 23:30:00,2400,42.70029,1.27201
-1.0,-1.0,2.5,83.0,-1.0,-1.0,-1.0,1.8,306.0,Z6,2010-09-08 23:30:00,2228,42.77011,0.73198
2.5,179.0,2.3,73.0,-1.0,-1.0,-1.0,-1.0,-1.0,Z7,2010-09-08 23:30:00,2519,42.53412,1.05476
-1.0,-1.0,3.6,94.0,-1.0,-1.0,-1.0,2.2,306.0,Z8,2010-09-08 23:30:00,2316,42.18254,1.52407
1.9,255.0,4.7,92.0,-1.0,-1.0,-1.0,-1.0,-1.0,Z9,2010-09-08 23:30:00,2143,42.29265,1.71498
