vel10,ang10,T,HR,P,vel2,ang2,vel6,ang6,station,date,altitud,latitud,longitud
0.8,255.0,15.6,95.0,942.5,-1.0,-1.0,-1.0,-1.0,CC,2012-10-20 00:00:00,626,42.07398,2.20862
1.2,358.0,14.0,94.0,918.1,-1.0,-1.0,-1.0,-1.0,CD,2012-10-20 00:00:00,849,42.37083,1.43277
1.1,55.0,17.5,97.0,976.8,-1.0,-1.0,-1.0,-1.0,CE,2012-10-20 00:00:00,316,41.53109,1.80813
1.7,201.0,11.4,100.0,860.4,-1.0,-1.0,-1.0,-1.0,CG,2012-10-20 00:00:00,1405,42.37717,2.41456
0.5,202.0,13.4,95.0,918.4,-1.0,-1.0,-1.0,-1.0,CI,2012-10-20 00:00:00,852,42.25839,2.36429
0.8,346.0,15.5,97.0,950.0,-1.0,-1.0,-1.0,-1.0,CJ,2012-10-20 00:00:00,566.5,42.21624,1.33132
0.5,190.0,16.9,97.0,973.3,-1.0,-1.0,-1.0,-1.0,CL,2012-10-20 00:00:00,349,41.67399,1.76796
5.3,102.0,17.8,72.0,935.7,-1.0,-1.0,-1.0,-1.0,CP,2012-10-20 00:00:00,690,42.13924,1.03893
2.0,5.0,17.4,83.0,945.9,-1.0,-1.0,-1.0,-1.0,CQ,2012-10-20 00:00:00,594,41.99546,1.02569
2.6,52.0,14.4,99.0,916.5,-1.0,-1.0,-1.0,-1.0,CR,2012-10-20 00:00:00,873,42.08032,1.9624
1.3,141.0,14.5,94.0,919.8,-1.0,-1.0,-1.0,-1.0,CT,2012-10-20 00:00:00,823,42.39811,0.74362
1.1,41.0,10.5,94.0,898.7,-1.0,-1.0,-1.0,-1.0,CU,2012-10-20 00:00:00,1002,42.69856,0.79397
1.1,116.0,16.9,87.0,954.3,-1.0,-1.0,-1.0,-1.0,CV,2012-10-20 00:00:00,513.3,42.23939,0.96434
3.6,132.0,18.5,71.0,961.4,-1.0,-1.0,-1.0,-1.0,CW,2012-10-20 00:00:00,446,41.39241,1.09894
0.6,100.0,15.0,100.0,922.2,-1.0,-1.0,-1.0,-1.0,CY,2012-10-20 00:00:00,816,41.87813,2.17873
3.1,54.0,19.3,80.0,981.9,-1.0,-1.0,-1.0,-1.0,C6,2012-10-20 00:00:00,264,41.6566,0.95172
3.5,78.0,18.3,88.0,963.8,-1.0,-1.0,-1.0,-1.0,C7,2012-10-20 00:00:00,427,41.66695,1.16234
3.3,42.0,17.1,85.0,949.6,-1.0,-1.0,-1.0,-1.0,C8,2012-10-20 00:00:00,554,41.67555,1.29609
1.8,236.0,18.3,93.0,984.7,-1.0,-1.0,-1.0,-1.0,C9,2012-10-20 00:00:00,240,40.71825,0.39988
1.5,247.0,18.8,99.0,991.3,-1.0,-1.0,-1.0,-1.0,DB,2012-10-20 00:00:00,179,40.87287,0.71581
0.5,82.0,17.1,96.0,965.2,-1.0,-1.0,-1.0,-1.0,DC,2012-10-20 00:00:00,421.5,42.19144,2.48263
2.6,43.0,19.8,95.0,1008.0,-1.0,-1.0,-1.0,-1.0,DD,2012-10-20 00:00:00,44.5,41.51175,2.38674
0.2,242.0,19.5,100.0,1010.7,-1.0,-1.0,-1.0,-1.0,DF,2012-10-20 00:00:00,28.6,41.97751,3.03543
2.4,264.0,8.2,97.0,803.8,-1.0,-1.0,-1.0,-1.0,DG,2012-10-20 00:00:00,1971.4,42.39848,2.15517
2.1,28.0,17.8,92.0,966.0,-1.0,-1.0,-1.0,-1.0,DI,2012-10-20 00:00:00,415,41.43292,1.62386
0.8,306.0,19.2,100.0,993.6,-1.0,-1.0,-1.0,-1.0,DJ,2012-10-20 00:00:00,176,42.11653,2.78969
2.9,20.0,20.5,80.0,1011.9,-1.0,-1.0,-1.0,-1.0,DK,2012-10-20 00:00:00,2,41.14677,1.41846
0.8,323.0,20.9,90.0,1011.6,-1.0,-1.0,-1.0,-1.0,DL,2012-10-20 00:00:00,0.5,40.70719,0.83449
0.4,255.0,18.1,95.0,996.5,-1.0,-1.0,-1.0,-1.0,DN,2012-10-20 00:00:00,150,41.96095,2.63108
0.6,252.0,19.1,95.0,1012.3,-1.0,-1.0,-1.0,-1.0,DO,2012-10-20 00:00:00,14,41.80857,3.03241
1.8,75.0,13.2,91.0,891.9,-1.0,-1.0,-1.0,-1.0,DP,2012-10-20 00:00:00,1097,42.38605,1.8664
2.3,105.0,19.4,67.0,979.7,-1.0,-1.0,-1.0,-1.0,DQ,2012-10-20 00:00:00,287,41.30728,1.36259
-1.0,-1.0,19.3,72.0,965.6,-1.0,-1.0,-1.0,-1.0,D1,2012-10-20 00:00:00,404,41.28521,0.75383
-1.0,-1.0,16.7,97.0,973.9,-1.0,-1.0,-1.0,-1.0,D2,2012-10-20 00:00:00,343,41.59252,1.915
1.1,266.0,17.5,98.0,983.9,-1.0,-1.0,-1.0,-1.0,D3,2012-10-20 00:00:00,252,41.38197,1.93564
4.9,112.0,20.4,97.0,1011.0,-1.0,-1.0,-1.0,-1.0,D4,2012-10-20 00:00:00,24,42.27065,3.18165
5.3,57.0,17.9,92.0,966.1,-1.0,-1.0,-1.0,-1.0,D5,2012-10-20 00:00:00,411.2,41.41843,2.12388
7.7,164.0,18.8,99.0,991.1,-1.0,-1.0,-1.0,-1.0,D6,2012-10-20 00:00:00,196,42.43515,3.16622
3.0,160.0,21.7,69.0,1005.8,-1.0,-1.0,-1.0,-1.0,D7,2012-10-20 00:00:00,53,41.18499,0.59376
3.9,144.0,16.7,83.0,952.8,-1.0,-1.0,-1.0,-1.0,D8,2012-10-20 00:00:00,515,40.95134,0.30565
2.8,17.0,19.0,92.0,1005.7,-1.0,-1.0,-1.0,-1.0,D9,2012-10-20 00:00:00,59,41.21553,1.52121
3.0,64.0,18.2,90.0,974.8,-1.0,-1.0,-1.0,-1.0,H1,2012-10-20 00:00:00,333,41.58642,1.65306
1.0,102.0,17.2,94.0,989.0,-1.0,-1.0,-1.0,-1.0,R1,2012-10-20 00:00:00,210,41.70637,1.87276
-1.0,-1.0,19.8,93.0,-1.0,0.5,32.0,-1.0,-1.0,UA,2012-10-20 00:00:00,93,40.9091,0.76943
-1.0,-1.0,19.2,93.0,-1.0,0.5,111.0,-1.0,-1.0,UB,2012-10-20 00:00:00,15,42.05398,3.06195
-1.0,-1.0,19.5,94.0,-1.0,0.0,208.0,-1.0,-1.0,UC,2012-10-20 00:00:00,60,41.97726,2.99705
-1.0,-1.0,20.1,97.0,-1.0,-1.0,-1.0,-1.0,-1.0,UD,2012-10-20 00:00:00,12,42.02895,3.06227
-1.0,-1.0,20.1,96.0,-1.0,-1.0,-1.0,-1.0,-1.0,UE,2012-10-20 00:00:00,4,42.02306,3.15719
-1.0,-1.0,16.5,96.0,-1.0,3.1,73.0,-1.0,-1.0,UF,2012-10-20 00:00:00,573,41.28832,1.90775
-1.0,-1.0,20.8,96.0,-1.0,0.9,35.0,-1.0,-1.0,UG,2012-10-20 00:00:00,3,41.29928,2.03787
-1.0,-1.0,15.9,92.0,-1.0,0.3,127.0,0.2,73.0,UH,2012-10-20 00:00:00,545,41.34171,1.48769
-1.0,-1.0,11.6,99.0,-1.0,0.1,14.0,-1.0,-1.0,UI,2012-10-20 00:00:00,1386,42.26477,1.76218
-1.0,-1.0,16.6,74.0,-1.0,1.8,116.0,3.1,123.0,UJ,2012-10-20 00:00:00,709,41.52879,1.3683
-1.0,-1.0,17.9,90.0,-1.0,0.6,358.0,-1.0,-1.0,UK,2012-10-20 00:00:00,161,41.27861,1.80479
-1.0,-1.0,18.6,76.0,-1.0,0.3,176.0,-1.0,-1.0,UL,2012-10-20 00:00:00,228,41.52911,0.75303
-1.0,-1.0,17.9,73.0,-1.0,2.6,151.0,-1.0,-1.0,UM,2012-10-20 00:00:00,505,41.35991,0.66789
-1.0,-1.0,17.9,100.0,-1.0,0.0,17.0,-1.0,-1.0,UN,2012-10-20 00:00:00,171,41.87449,2.92694
-1.0,-1.0,18.8,95.0,-1.0,-1.0,-1.0,-1.0,-1.0,UO,2012-10-20 00:00:00,97,41.91461,2.82069
1.2,41.0,20.0,87.0,1003.5,-1.0,-1.0,-1.0,-1.0,UP,2012-10-20 00:00:00,81,41.51773,2.37702
-1.0,-1.0,16.6,91.0,-1.0,0.6,23.0,-1.0,-1.0,UQ,2012-10-20 00:00:00,460,41.61991,2.44532
-1.0,-1.0,19.7,96.0,-1.0,0.7,303.0,-1.0,-1.0,US,2012-10-20 00:00:00,24,40.55786,0.52329
1.2,304.0,20.0,92.0,1011.8,-1.0,-1.0,-1.0,-1.0,UU,2012-10-20 00:00:00,3,40.70776,0.6321
-1.0,-1.0,20.2,87.0,1012.3,0.7,293.0,-1.0,-1.0,UW,2012-10-20 00:00:00,0,40.62725,0.65922
-1.0,-1.0,18.3,96.0,-1.0,0.2,275.0,-1.0,-1.0,UX,2012-10-20 00:00:00,210,40.62652,0.37112
-1.0,-1.0,17.3,82.0,-1.0,1.4,88.0,3.3,95.0,UY,2012-10-20 00:00:00,576,41.87912,0.76103
-1.0,-1.0,19.6,99.0,-1.0,0.4,135.0,-1.0,-1.0,U1,2012-10-20 00:00:00,31,42.30648,2.95481
3.1,117.0,19.9,100.0,1013.8,-1.0,-1.0,-1.0,-1.0,U2,2012-10-20 00:00:00,4,42.17716,3.0968
-1.0,-1.0,17.2,91.0,-1.0,0.8,335.0,-1.0,-1.0,U3,2012-10-20 00:00:00,257,41.37491,1.63032
1.7,15.0,17.4,85.0,-1.0,0.6,45.0,-1.0,-1.0,U4,2012-10-20 00:00:00,507,41.83094,1.84699
-1.0,-1.0,13.8,90.0,-1.0,0.7,30.0,-1.0,-1.0,U5,2012-10-20 00:00:00,969,41.31349,0.99611
-1.0,-1.0,19.5,89.0,-1.0,1.3,310.0,-1.0,-1.0,U6,2012-10-20 00:00:00,29,41.08017,1.06661
-1.0,-1.0,19.6,92.0,-1.0,0.3,175.0,-1.0,-1.0,U7,2012-10-20 00:00:00,52,40.85936,0.50525
-1.0,-1.0,19.5,91.0,-1.0,0.2,308.0,-1.0,-1.0,U9,2012-10-20 00:00:00,62,40.76947,0.61635
-1.0,-1.0,19.3,82.0,-1.0,2.2,193.0,-1.0,-1.0,VA,2012-10-20 00:00:00,257,41.19645,0.51161
2.3,179.0,20.4,83.0,-1.0,-1.0,-1.0,-1.0,-1.0,VB,2012-10-20 00:00:00,32,41.06289,0.63517
-1.0,-1.0,19.9,85.0,-1.0,1.0,90.0,-1.0,-1.0,VC,2012-10-20 00:00:00,69,41.24415,0.43266
-1.0,-1.0,17.9,76.0,-1.0,1.1,75.0,-1.0,-1.0,VD,2012-10-20 00:00:00,429,41.68939,1.20381
-1.0,-1.0,18.2,93.0,-1.0,0.5,34.0,-1.0,-1.0,VE,2012-10-20 00:00:00,97,41.48692,0.46058
-1.0,-1.0,19.1,79.0,-1.0,0.2,38.0,-1.0,-1.0,VF,2012-10-20 00:00:00,122,41.56482,0.54999
-1.0,-1.0,17.7,88.0,-1.0,0.9,93.0,-1.0,-1.0,VH,2012-10-20 00:00:00,259,41.65814,0.39301
-1.0,-1.0,19.5,74.0,-1.0,2.0,38.0,-1.0,-1.0,VJ,2012-10-20 00:00:00,161,41.59957,0.6478
3.7,95.0,18.1,86.0,979.1,-1.0,-1.0,-1.0,-1.0,VK,2012-10-20 00:00:00,286,41.68328,0.4487
-1.0,-1.0,19.1,77.0,-1.0,2.3,74.0,-1.0,-1.0,VM,2012-10-20 00:00:00,222,41.7145,0.62839
-1.0,-1.0,19.1,94.0,-1.0,-1.0,-1.0,-1.0,-1.0,VN,2012-10-20 00:00:00,117,41.88244,2.74262
-1.0,-1.0,15.6,85.0,-1.0,0.9,9.0,-1.0,-1.0,VO,2012-10-20 00:00:00,785,42.08745,1.42792
-1.0,-1.0,16.0,92.0,-1.0,1.4,111.0,2.2,112.0,VP,2012-10-20 00:00:00,659,41.80483,1.53853
2.0,0.0,18.2,97.0,999.0,-1.0,-1.0,-1.0,-1.0,VQ,2012-10-20 00:00:00,112,41.1713,1.16774
-1.0,-1.0,18.7,81.0,-1.0,0.3,55.0,-1.0,-1.0,VR,2012-10-20 00:00:00,291,41.68994,1.04401
13.9,190.0,6.7,99.0,773.9,-1.0,-1.0,-1.0,-1.0,VS,2012-10-20 00:00:00,2247,42.63835,0.77889
-1.0,-1.0,19.1,93.0,-1.0,0.3,109.0,-1.0,-1.0,VT,2012-10-20 00:00:00,84,41.48401,2.12745
-1.0,-1.0,15.7,87.0,-1.0,0.6,79.0,-1.0,-1.0,VU,2012-10-20 00:00:00,421,41.63286,1.91718
0.3,30.0,14.7,100.0,-1.0,-1.0,-1.0,-1.0,-1.0,VV,2012-10-20 00:00:00,528,41.68129,2.02647
-1.0,-1.0,16.1,69.0,-1.0,3.1,134.0,-1.0,-1.0,VX,2012-10-20 00:00:00,1030,41.74761,2.30291
-1.0,-1.0,18.4,78.0,-1.0,-1.0,-1.0,-1.0,-1.0,VY,2012-10-20 00:00:00,240,41.25095,1.29863
-1.0,-1.0,20.1,96.0,-1.0,-1.0,-1.0,-1.0,-1.0,VZ,2012-10-20 00:00:00,83,42.38443,3.00736
-1.0,-1.0,19.3,77.0,-1.0,1.0,39.0,-1.0,-1.0,V1,2012-10-20 00:00:00,238,41.78487,0.82939
-1.0,-1.0,16.5,97.0,-1.0,0.4,337.0,-1.0,-1.0,V3,2012-10-20 00:00:00,509,41.95224,2.23271
-1.0,-1.0,15.0,94.0,937.2,-1.0,-1.0,0.5,343.0,V4,2012-10-20 00:00:00,684,42.11477,2.21483
-1.0,-1.0,15.4,92.0,-1.0,1.4,82.0,1.9,68.0,V5,2012-10-20 00:00:00,774,42.03947,2.11993
-1.0,-1.0,18.3,81.0,-1.0,0.6,76.0,-1.0,-1.0,V8,2012-10-20 00:00:00,223,41.67279,0.87741
-1.0,-1.0,17.2,87.0,-1.0,0.9,52.0,-1.0,-1.0,WA,2012-10-20 00:00:00,443,41.87694,1.1541
-1.0,-1.0,18.4,83.0,-1.0,3.0,74.0,-1.0,-1.0,WB,2012-10-20 00:00:00,267,41.76036,0.67022
-1.0,-1.0,18.6,75.0,-1.0,1.1,71.0,-1.0,-1.0,WC,2012-10-20 00:00:00,261,41.63642,0.92446
-1.0,-1.0,17.5,96.0,-1.0,1.9,144.0,-1.0,-1.0,WD,2012-10-20 00:00:00,382,41.08671,0.31884
-1.0,-1.0,17.4,92.0,-1.0,0.0,93.0,-1.0,-1.0,WE,2012-10-20 00:00:00,126,41.5444,2.30014
-1.0,-1.0,19.4,93.0,-1.0,-1.0,-1.0,-1.0,-1.0,WF,2012-10-20 00:00:00,108,41.95425,2.77578
-1.0,-1.0,19.1,75.0,-1.0,2.9,68.0,-1.0,-1.0,WG,2012-10-20 00:00:00,301,41.80104,0.64804
-1.0,-1.0,18.2,82.0,-1.0,1.5,148.0,-1.0,-1.0,WI,2012-10-20 00:00:00,350,41.35741,0.4809
-1.0,-1.0,19.6,83.0,-1.0,1.3,132.0,-1.0,-1.0,WJ,2012-10-20 00:00:00,141,41.1223,0.72182
-1.0,-1.0,19.8,70.0,-1.0,1.1,48.0,-1.0,-1.0,WK,2012-10-20 00:00:00,268,41.81949,0.57768
-1.0,-1.0,18.7,70.0,-1.0,1.7,102.0,-1.0,-1.0,WL,2012-10-20 00:00:00,413,41.57236,1.0882
2.0,342.0,13.2,90.0,-1.0,-1.0,-1.0,-1.0,-1.0,WM,2012-10-20 00:00:00,1167,42.10736,1.8267
-1.0,-1.0,15.8,80.0,-1.0,-1.0,-1.0,3.9,158.0,WN,2012-10-20 00:00:00,916,41.59539,1.83751
-1.0,-1.0,17.4,92.0,-1.0,-1.0,-1.0,-1.0,-1.0,WO,2012-10-20 00:00:00,185,41.27151,1.46717
-1.0,-1.0,17.2,100.0,-1.0,0.6,324.0,-1.0,-1.0,WP,2012-10-20 00:00:00,325,41.48518,1.69337
14.2,175.0,10.2,99.0,840.7,-1.0,-1.0,-1.0,-1.0,WQ,2012-10-20 00:00:00,1572,42.0513,0.72952
-1.0,-1.0,19.0,83.0,-1.0,1.4,121.0,-1.0,-1.0,WR,2012-10-20 00:00:00,300,41.2163,0.79748
1.0,118.0,14.2,88.0,907.1,-1.0,-1.0,-1.0,-1.0,WS,2012-10-20 00:00:00,953,41.84008,2.41877
2.7,347.0,19.7,100.0,1013.6,-1.0,-1.0,-1.0,-1.0,WT,2012-10-20 00:00:00,2,41.64707,2.75658
-1.0,-1.0,20.6,91.0,1008.2,-1.0,-1.0,2.5,51.0,WU,2012-10-20 00:00:00,42,41.45215,2.24757
0.5,285.0,14.4,100.0,926.6,-1.0,-1.0,-1.0,-1.0,WV,2012-10-20 00:00:00,788,42.23414,1.87485
-1.0,-1.0,17.5,94.0,-1.0,-1.0,-1.0,-1.0,-1.0,WW,2012-10-20 00:00:00,278,41.79423,1.9368
-1.0,-1.0,15.7,90.0,-1.0,2.2,106.0,-1.0,-1.0,WX,2012-10-20 00:00:00,668,41.9178,0.88175
-1.0,-1.0,18.2,96.0,-1.0,0.2,5.0,-1.0,-1.0,WY,2012-10-20 00:00:00,164,41.43386,1.79429
1.5,21.0,19.2,90.0,1010.6,-1.0,-1.0,-1.0,-1.0,WZ,2012-10-20 00:00:00,17,41.20187,1.63346
-1.0,-1.0,19.8,94.0,-1.0,-1.0,-1.0,-1.0,-1.0,W1,2012-10-20 00:00:00,2,42.24726,3.09021
-1.0,-1.0,19.9,100.0,-1.0,-1.0,-1.0,-1.0,-1.0,W2,2012-10-20 00:00:00,7,42.18259,3.05783
-1.0,-1.0,20.2,93.0,-1.0,-1.0,-1.0,-1.0,-1.0,W3,2012-10-20 00:00:00,4,42.15006,3.06494
-1.0,-1.0,18.4,93.0,-1.0,1.6,31.0,-1.0,-1.0,W4,2012-10-20 00:00:00,240,41.36619,1.72857
-1.0,-1.0,16.2,99.0,-1.0,0.4,51.0,-1.0,-1.0,W5,2012-10-20 00:00:00,490,42.07683,1.31489
-1.0,-1.0,18.0,91.0,-1.0,0.5,345.0,-1.0,-1.0,W6,2012-10-20 00:00:00,158,41.13738,1.0187
-1.0,-1.0,16.9,85.0,-1.0,-1.0,-1.0,-1.0,-1.0,W8,2012-10-20 00:00:00,438,41.44237,1.15998
-1.0,-1.0,16.6,97.0,-1.0,0.3,318.0,-1.0,-1.0,W9,2012-10-20 00:00:00,461,42.14557,2.45451
3.3,95.0,15.2,95.0,925.0,-1.0,-1.0,-1.0,-1.0,XA,2012-10-20 00:00:00,785,41.60257,1.4007
-1.0,-1.0,16.4,88.0,-1.0,-1.0,-1.0,-1.0,-1.0,XB,2012-10-20 00:00:00,584,41.4779,1.53529
2.0,72.0,18.9,97.0,996.7,-1.0,-1.0,-1.0,-1.0,XC,2012-10-20 00:00:00,147,41.47892,1.97546
5.0,147.0,16.9,75.0,934.6,-1.0,-1.0,-1.0,-1.0,XD,2012-10-20 00:00:00,687,41.32,0.8857
1.1,23.0,20.3,81.0,1011.6,-1.0,-1.0,-1.0,-1.0,XE,2012-10-20 00:00:00,5,41.10393,1.201
0.8,54.0,17.5,95.0,983.4,-1.0,-1.0,-1.0,-1.0,XF,2012-10-20 00:00:00,258,41.56568,2.06952
2.6,44.0,19.1,85.0,999.6,-1.0,-1.0,-1.0,-1.0,XG,2012-10-20 00:00:00,123,41.56734,2.22619
-1.0,-1.0,14.2,100.0,937.1,-1.0,-1.0,-1.0,-1.0,XH,2012-10-20 00:00:00,679,42.40533,1.12993
-1.0,-1.0,19.5,69.0,984.0,1.1,72.0,-1.0,-1.0,XI,2012-10-20 00:00:00,247,41.61817,0.87182
1.0,355.0,19.6,100.0,1005.5,-1.0,-1.0,-1.0,-1.0,XJ,2012-10-20 00:00:00,72,41.98223,2.80686
7.4,121.0,10.8,92.0,-1.0,-1.0,-1.0,-1.0,-1.0,XK,2012-10-20 00:00:00,1668,41.77362,2.43774
2.9,75.0,20.7,95.0,-1.0,-1.0,-1.0,-1.0,-1.0,XL,2012-10-20 00:00:00,8,41.34045,2.08022
-1.0,-1.0,18.2,80.0,-1.0,1.0,37.0,-1.0,-1.0,XM,2012-10-20 00:00:00,235,41.59522,0.73507
-1.0,-1.0,17.7,97.0,-1.0,0.4,132.0,-1.0,-1.0,XN,2012-10-20 00:00:00,89,41.46379,0.42765
-1.0,-1.0,16.6,99.0,-1.0,-1.0,-1.0,-1.0,-1.0,XO,2012-10-20 00:00:00,499,41.93497,2.23987
-1.0,-1.0,18.3,90.0,-1.0,2.2,148.0,-1.0,-1.0,XP,2012-10-20 00:00:00,349,41.06581,0.43006
0.8,209.0,15.7,93.0,935.4,-1.0,-1.0,-1.0,-1.0,XT,2012-10-20 00:00:00,691,41.98766,1.51165
4.0,113.0,18.5,87.0,971.6,-1.0,-1.0,-1.0,-1.0,X1,2012-10-20 00:00:00,359,41.15374,0.81953
-1.0,-1.0,20.9,95.0,-1.0,-1.0,-1.0,-1.0,-1.0,X2,2012-10-20 00:00:00,7,41.38943,2.18847
6.9,85.0,17.5,85.0,969.5,-1.0,-1.0,-1.0,-1.0,X3,2012-10-20 00:00:00,370,41.74281,0.5358
2.9,70.0,20.9,94.0,1009.1,-1.0,-1.0,-1.0,-1.0,X4,2012-10-20 00:00:00,33,41.3839,2.16775
3.8,283.0,12.1,95.0,894.1,-1.0,-1.0,-1.0,-1.0,X5,2012-10-20 00:00:00,1055,40.79705,0.31822
-1.0,-1.0,18.2,82.0,-1.0,1.9,24.0,-1.0,-1.0,X6,2012-10-20 00:00:00,366,41.92173,1.02901
-1.0,-1.0,19.1,74.0,-1.0,1.3,78.0,-1.0,-1.0,X7,2012-10-20 00:00:00,215,41.51909,0.55314
3.2,70.0,19.8,90.0,1003.6,-1.0,-1.0,-1.0,-1.0,X8,2012-10-20 00:00:00,79,41.37919,2.1054
1.4,338.0,17.6,93.0,993.4,-1.0,-1.0,-1.0,-1.0,X9,2012-10-20 00:00:00,176,41.61265,2.16836
3.9,6.0,5.6,97.0,-1.0,-1.0,-1.0,-1.0,-1.0,ZB,2012-10-20 00:00:00,2451,42.51939,1.36597
6.2,208.0,5.9,99.0,-1.0,-1.0,-1.0,-1.0,-1.0,ZC,2012-10-20 00:00:00,2410,42.42117,2.24565
-1.0,-1.0,7.4,89.0,-1.0,-1.0,-1.0,3.9,86.0,Z1,2012-10-20 00:00:00,2266,42.64691,0.98486
-1.0,-1.0,5.0,98.0,-1.0,-1.0,-1.0,3.8,285.0,Z2,2012-10-20 00:00:00,2535,42.46602,0.88405
-1.0,-1.0,6.9,97.0,-1.0,-1.0,-1.0,1.0,158.0,Z3,2012-10-20 00:00:00,2230,42.46605,1.7785
-1.0,-1.0,5.9,100.0,-1.0,-1.0,-1.0,6.0,253.0,Z5,2012-10-20 00:00:00,2400,42.70029,1.27201
-1.0,-1.0,6.8,96.0,-1.0,-1.0,-1.0,2.7,30.0,Z6,2012-10-20 00:00:00,2228,42.77011,0.73198
4.7,244.0,5.2,98.0,-1.0,-1.0,-1.0,-1.0,-1.0,Z7,2012-10-20 00:00:00,2519,42.53412,1.05476
-1.0,-1.0,6.4,100.0,-1.0,-1.0,-1.0,6.7,144.0,Z8,2012-10-20 00:00:00,2316,42.18254,1.52407
1.9,37.0,7.3,96.0,-1.0,-1.0,-1.0,-1.0,-1.0,Z9,2012-10-20 00:00:00,2143,42.29265,1.71498
0.6,140.0,15.7,94.0,942.3,-1.0,-1.0,-1.0,-1.0,CC,2012-10-20 00:30:00,626,42.07398,2.20862
1.0,59.0,14.1,93.0,918.2,-1.0,-1.0,-1.0,-1.0,CD,2012-10-20 00:30:00,849,42.37083,1.43277
1.0,69.0,17.4,97.0,976.6,-1.0,-1.0,-1.0,-1.0,CE,2012-10-20 00:30:00,316,41.53109,1.80813
0.8,229.0,11.3,100.0,860.3,-1.0,-1.0,-1.0,-1.0,CG,2012-10-20 00:30:00,1405,42.37717,2.41456
0.8,262.0,13.3,95.0,918.3,-1.0,-1.0,-1.0,-1.0,CI,2012-10-20 00:30:00,852,42.25839,2.36429
0.9,6.0,15.3,98.0,950.1,-1.0,-1.0,-1.0,-1.0,CJ,2012-10-20 00:30:00,566.5,42.21624,1.33132
0.8,266.0,16.8,97.0,973.2,-1.0,-1.0,-1.0,-1.0,CL,2012-10-20 00:30:00,349,41.67399,1.76796
6.1,96.0,17.5,74.0,935.5,-1.0,-1.0,-1.0,-1.0,CP,2012-10-20 00:30:00,690,42.13924,1.03893
1.0,351.0,16.8,85.0,945.9,-1.0,-1.0,-1.0,-1.0,CQ,2012-10-20 00:30:00,594,41.99546,1.02569
2.0,48.0,14.3,99.0,916.4,-1.0,-1.0,-1.0,-1.0,CR,2012-10-20 00:30:00,873,42.08032,1.9624
0.9,58.0,14.5,94.0,919.9,-1.0,-1.0,-1.0,-1.0,CT,2012-10-20 00:30:00,823,42.39811,0.74362
0.8,55.0,10.5,94.0,899.1,-1.0,-1.0,-1.0,-1.0,CU,2012-10-20 00:30:00,1002,42.69856,0.79397
1.9,191.0,19.1,69.0,954.2,-1.0,-1.0,-1.0,-1.0,CV,2012-10-20 00:30:00,513.3,42.23939,0.96434
4.9,142.0,18.6,71.0,961.3,-1.0,-1.0,-1.0,-1.0,CW,2012-10-20 00:30:00,446,41.39241,1.09894
1.3,95.0,14.7,100.0,922.1,-1.0,-1.0,-1.0,-1.0,CY,2012-10-20 00:30:00,816,41.87813,2.17873
2.0,45.0,18.6,85.0,981.7,-1.0,-1.0,-1.0,-1.0,C6,2012-10-20 00:30:00,264,41.6566,0.95172
4.2,79.0,18.3,87.0,963.7,-1.0,-1.0,-1.0,-1.0,C7,2012-10-20 00:30:00,427,41.66695,1.16234
3.9,58.0,17.2,83.0,949.4,-1.0,-1.0,-1.0,-1.0,C8,2012-10-20 00:30:00,554,41.67555,1.29609
1.5,227.0,18.3,95.0,984.7,-1.0,-1.0,-1.0,-1.0,C9,2012-10-20 00:30:00,240,40.71825,0.39988
0.7,63.0,18.6,99.0,991.4,-1.0,-1.0,-1.0,-1.0,DB,2012-10-20 00:30:00,179,40.87287,0.71581
0.5,3.0,16.9,97.0,965.3,-1.0,-1.0,-1.0,-1.0,DC,2012-10-20 00:30:00,421.5,42.19144,2.48263
3.1,36.0,19.6,93.0,1008.0,-1.0,-1.0,-1.0,-1.0,DD,2012-10-20 00:30:00,44.5,41.51175,2.38674
0.2,161.0,19.5,100.0,1010.9,-1.0,-1.0,-1.0,-1.0,DF,2012-10-20 00:30:00,28.6,41.97751,3.03543
1.9,246.0,8.1,97.0,803.8,-1.0,-1.0,-1.0,-1.0,DG,2012-10-20 00:30:00,1971.4,42.39848,2.15517
3.2,34.0,17.7,93.0,965.6,-1.0,-1.0,-1.0,-1.0,DI,2012-10-20 00:30:00,415,41.43292,1.62386
0.8,320.0,19.2,100.0,993.6,-1.0,-1.0,-1.0,-1.0,DJ,2012-10-20 00:30:00,176,42.11653,2.78969
2.6,25.0,20.4,81.0,1011.9,-1.0,-1.0,-1.0,-1.0,DK,2012-10-20 00:30:00,2,41.14677,1.41846
1.0,290.0,20.8,92.0,1012.1,-1.0,-1.0,-1.0,-1.0,DL,2012-10-20 00:30:00,0.5,40.70719,0.83449
0.7,258.0,18.0,96.0,996.6,-1.0,-1.0,-1.0,-1.0,DN,2012-10-20 00:30:00,150,41.96095,2.63108
0.3,69.0,19.0,96.0,1012.3,-1.0,-1.0,-1.0,-1.0,DO,2012-10-20 00:30:00,14,41.80857,3.03241
2.3,20.0,12.9,93.0,892.0,-1.0,-1.0,-1.0,-1.0,DP,2012-10-20 00:30:00,1097,42.38605,1.8664
1.4,80.0,19.4,67.0,979.5,-1.0,-1.0,-1.0,-1.0,DQ,2012-10-20 00:30:00,287,41.30728,1.36259
-1.0,-1.0,18.7,79.0,965.7,-1.0,-1.0,-1.0,-1.0,D1,2012-10-20 00:30:00,404,41.28521,0.75383
-1.0,-1.0,16.5,97.0,973.7,-1.0,-1.0,-1.0,-1.0,D2,2012-10-20 00:30:00,343,41.59252,1.915
1.0,224.0,17.6,98.0,983.9,-1.0,-1.0,-1.0,-1.0,D3,2012-10-20 00:30:00,252,41.38197,1.93564
5.2,113.0,20.5,97.0,1011.1,-1.0,-1.0,-1.0,-1.0,D4,2012-10-20 00:30:00,24,42.27065,3.18165
5.8,62.0,18.1,93.0,966.2,-1.0,-1.0,-1.0,-1.0,D5,2012-10-20 00:30:00,411.2,41.41843,2.12388
8.1,171.0,18.8,99.0,991.0,-1.0,-1.0,-1.0,-1.0,D6,2012-10-20 00:30:00,196,42.43515,3.16622
1.9,156.0,20.9,73.0,1006.0,-1.0,-1.0,-1.0,-1.0,D7,2012-10-20 00:30:00,53,41.18499,0.59376
5.7,135.0,16.5,89.0,952.7,-1.0,-1.0,-1.0,-1.0,D8,2012-10-20 00:30:00,515,40.95134,0.30565
2.3,6.0,19.0,92.0,1005.6,-1.0,-1.0,-1.0,-1.0,D9,2012-10-20 00:30:00,59,41.21553,1.52121
3.2,58.0,18.4,89.0,974.7,-1.0,-1.0,-1.0,-1.0,H1,2012-10-20 00:30:00,333,41.58642,1.65306
0.4,101.0,16.8,94.0,988.9,-1.0,-1.0,-1.0,-1.0,R1,2012-10-20 00:30:00,210,41.70637,1.87276
2.1,332.0,18.3,95.0,999.1,-1.0,-1.0,-1.0,-1.0,VQ,2012-10-20 00:30:00,112,41.1713,1.16774
18.2,195.0,6.6,99.0,773.8,-1.0,-1.0,-1.0,-1.0,VS,2012-10-20 00:30:00,2247,42.63835,0.77889
-1.0,-1.0,20.5,92.0,1008.4,-1.0,-1.0,2.9,50.0,WU,2012-10-20 00:30:00,42,41.45215,2.24757
1.4,41.0,19.4,86.0,1010.4,-1.0,-1.0,-1.0,-1.0,WZ,2012-10-20 00:30:00,17,41.20187,1.63346
5.0,94.0,15.0,95.0,924.8,-1.0,-1.0,-1.0,-1.0,XA,2012-10-20 00:30:00,785,41.60257,1.4007
1.9,76.0,18.9,96.0,996.7,-1.0,-1.0,-1.0,-1.0,XC,2012-10-20 00:30:00,147,41.47892,1.97546
4.8,146.0,16.4,81.0,934.6,-1.0,-1.0,-1.0,-1.0,XD,2012-10-20 00:30:00,687,41.32,0.8857
1.6,334.0,20.1,83.0,1011.6,-1.0,-1.0,-1.0,-1.0,XE,2012-10-20 00:30:00,5,41.10393,1.201
1.9,33.0,17.5,95.0,983.4,-1.0,-1.0,-1.0,-1.0,XF,2012-10-20 00:30:00,258,41.56568,2.06952
2.6,49.0,19.3,84.0,999.6,-1.0,-1.0,-1.0,-1.0,XG,2012-10-20 00:30:00,123,41.56734,2.22619
-1.0,-1.0,14.0,100.0,937.2,-1.0,-1.0,-1.0,-1.0,XH,2012-10-20 00:30:00,679,42.40533,1.12993
0.9,3.0,19.6,100.0,1005.6,-1.0,-1.0,-1.0,-1.0,XJ,2012-10-20 00:30:00,72,41.98223,2.80686
7.1,125.0,10.9,98.0,-1.0,-1.0,-1.0,-1.0,-1.0,XK,2012-10-20 00:30:00,1668,41.77362,2.43774
2.7,58.0,20.9,95.0,-1.0,-1.0,-1.0,-1.0,-1.0,XL,2012-10-20 00:30:00,8,41.34045,2.08022
-1.0,-1.0,16.6,99.0,-1.0,-1.0,-1.0,-1.0,-1.0,XO,2012-10-20 00:30:00,499,41.93497,2.23987
-1.0,-1.0,17.9,91.0,-1.0,1.9,150.0,-1.0,-1.0,XP,2012-10-20 00:30:00,349,41.06581,0.43006
0.5,259.0,15.6,93.0,935.5,-1.0,-1.0,-1.0,-1.0,XT,2012-10-20 00:30:00,691,41.98766,1.51165
3.0,65.0,19.8,92.0,1003.7,-1.0,-1.0,-1.0,-1.0,X8,2012-10-20 00:30:00,79,41.37919,2.1054
3.9,323.0,5.4,97.0,-1.0,-1.0,-1.0,-1.0,-1.0,ZB,2012-10-20 00:30:00,2451,42.51939,1.36597
5.0,193.0,5.9,99.0,-1.0,-1.0,-1.0,-1.0,-1.0,ZC,2012-10-20 00:30:00,2410,42.42117,2.24565
-1.0,-1.0,7.5,85.0,-1.0,-1.0,-1.0,3.1,74.0,Z1,2012-10-20 00:30:00,2266,42.64691,0.98486
-1.0,-1.0,4.8,98.0,-1.0,-1.0,-1.0,4.4,309.0,Z2,2012-10-20 00:30:00,2535,42.46602,0.88405
-1.0,-1.0,6.8,97.0,-1.0,-1.0,-1.0,1.4,145.0,Z3,2012-10-20 00:30:00,2230,42.46605,1.7785
-1.0,-1.0,5.8,100.0,-1.0,-1.0,-1.0,5.5,237.0,Z5,2012-10-20 00:30:00,2400,42.70029,1.27201
-1.0,-1.0,6.5,98.0,-1.0,-1.0,-1.0,2.8,4.0,Z6,2012-10-20 00:30:00,2228,42.77011,0.73198
5.7,239.0,5.0,98.0,-1.0,-1.0,-1.0,-1.0,-1.0,Z7,2012-10-20 00:30:00,2519,42.53412,1.05476
-1.0,-1.0,6.4,100.0,-1.0,-1.0,-1.0,7.8,140.0,Z8,2012-10-20 00:30:00,2316,42.18254,1.52407
2.4,340.0,7.3,97.0,-1.0,-1.0,-1.0,-1.0,-1.0,Z9,2012-10-20 00:30:00,2143,42.29265,1.71498
0.8,279.0,15.7,91.0,942.2,-1.0,-1.0,-1.0,-1.0,CC,2012-10-20 01:00:00,626,42.07398,2.20862
1.2,64.0,13.8,94.0,918.1,-1.0,-1.0,-1.0,-1.0,CD,2012-10-20 01:00:00,849,42.37083,1.43277
1.4,79.0,17.2,97.0,976.5,-1.0,-1.0,-1.0,-1.0,CE,2012-10-20 01:00:00,316,41.53109,1.80813
0.9,211.0,11.2,100.0,860.3,-1.0,-1.0,-1.0,-1.0,CG,2012-10-20 01:00:00,1405,42.37717,2.41456
0.3,215.0,13.3,95.0,918.2,-1.0,-1.0,-1.0,-1.0,CI,2012-10-20 01:00:00,852,42.25839,2.36429
1.1,353.0,15.3,98.0,949.8,-1.0,-1.0,-1.0,-1.0,CJ,2012-10-20 01:00:00,566.5,42.21624,1.33132
0.6,144.0,16.5,97.0,973.0,-1.0,-1.0,-1.0,-1.0,CL,2012-10-20 01:00:00,349,41.67399,1.76796
5.5,87.0,17.5,73.0,935.1,-1.0,-1.0,-1.0,-1.0,CP,2012-10-20 01:00:00,690,42.13924,1.03893
1.2,350.0,17.6,78.0,945.4,-1.0,-1.0,-1.0,-1.0,CQ,2012-10-20 01:00:00,594,41.99546,1.02569
1.7,50.0,14.2,100.0,916.3,-1.0,-1.0,-1.0,-1.0,CR,2012-10-20 01:00:00,873,42.08032,1.9624
0.9,335.0,14.1,96.0,919.7,-1.0,-1.0,-1.0,-1.0,CT,2012-10-20 01:00:00,823,42.39811,0.74362
1.0,68.0,10.4,94.0,898.9,-1.0,-1.0,-1.0,-1.0,CU,2012-10-20 01:00:00,1002,42.69856,0.79397
1.6,52.0,18.0,78.0,954.0,-1.0,-1.0,-1.0,-1.0,CV,2012-10-20 01:00:00,513.3,42.23939,0.96434
4.7,137.0,18.7,70.0,961.0,-1.0,-1.0,-1.0,-1.0,CW,2012-10-20 01:00:00,446,41.39241,1.09894
1.7,78.0,14.8,98.0,922.0,-1.0,-1.0,-1.0,-1.0,CY,2012-10-20 01:00:00,816,41.87813,2.17873
1.6,60.0,18.4,87.0,981.8,-1.0,-1.0,-1.0,-1.0,C6,2012-10-20 01:00:00,264,41.6566,0.95172
3.0,83.0,18.1,88.0,963.5,-1.0,-1.0,-1.0,-1.0,C7,2012-10-20 01:00:00,427,41.66695,1.16234
1.7,31.0,16.9,85.0,949.0,-1.0,-1.0,-1.0,-1.0,C8,2012-10-20 01:00:00,554,41.67555,1.29609
0.8,225.0,18.3,96.0,984.9,-1.0,-1.0,-1.0,-1.0,C9,2012-10-20 01:00:00,240,40.71825,0.39988
2.5,238.0,18.3,99.0,991.7,-1.0,-1.0,-1.0,-1.0,DB,2012-10-20 01:00:00,179,40.87287,0.71581
0.2,209.0,16.7,98.0,965.3,-1.0,-1.0,-1.0,-1.0,DC,2012-10-20 01:00:00,421.5,42.19144,2.48263
2.3,48.0,19.8,91.0,1007.8,-1.0,-1.0,-1.0,-1.0,DD,2012-10-20 01:00:00,44.5,41.51175,2.38674
0.4,196.0,19.6,100.0,1010.9,-1.0,-1.0,-1.0,-1.0,DF,2012-10-20 01:00:00,28.6,41.97751,3.03543
2.2,269.0,8.1,97.0,803.7,-1.0,-1.0,-1.0,-1.0,DG,2012-10-20 01:00:00,1971.4,42.39848,2.15517
3.1,30.0,17.7,92.0,965.3,-1.0,-1.0,-1.0,-1.0,DI,2012-10-20 01:00:00,415,41.43292,1.62386
0.8,326.0,19.1,100.0,993.6,-1.0,-1.0,-1.0,-1.0,DJ,2012-10-20 01:00:00,176,42.11653,2.78969
3.7,19.0,20.7,83.0,1011.5,-1.0,-1.0,-1.0,-1.0,DK,2012-10-20 01:00:00,2,41.14677,1.41846
0.5,305.0,20.5,94.0,1012.4,-1.0,-1.0,-1.0,-1.0,DL,2012-10-20 01:00:00,0.5,40.70719,0.83449
1.0,278.0,18.1,94.0,996.5,-1.0,-1.0,-1.0,-1.0,DN,2012-10-20 01:00:00,150,41.96095,2.63108
1.3,75.0,19.5,96.0,1012.4,-1.0,-1.0,-1.0,-1.0,DO,2012-10-20 01:00:00,14,41.80857,3.03241
1.6,74.0,13.3,89.0,891.9,-1.0,-1.0,-1.0,-1.0,DP,2012-10-20 01:00:00,1097,42.38605,1.8664
0.7,181.0,19.3,67.0,979.2,-1.0,-1.0,-1.0,-1.0,DQ,2012-10-20 01:00:00,287,41.30728,1.36259
-1.0,-1.0,18.7,79.0,965.5,-1.0,-1.0,-1.0,-1.0,D1,2012-10-20 01:00:00,404,41.28521,0.75383
-1.0,-1.0,16.4,98.0,973.6,-1.0,-1.0,-1.0,-1.0,D2,2012-10-20 01:00:00,343,41.59252,1.915
1.0,146.0,17.9,98.0,983.8,-1.0,-1.0,-1.0,-1.0,D3,2012-10-20 01:00:00,252,41.38197,1.93564
5.8,113.0,20.6,97.0,1010.9,-1.0,-1.0,-1.0,-1.0,D4,2012-10-20 01:00:00,24,42.27065,3.18165
6.5,62.0,18.2,93.0,965.9,-1.0,-1.0,-1.0,-1.0,D5,2012-10-20 01:00:00,411.2,41.41843,2.12388
8.9,165.0,18.8,99.0,990.8,-1.0,-1.0,-1.0,-1.0,D6,2012-10-20 01:00:00,196,42.43515,3.16622
1.3,120.0,20.0,80.0,1006.0,-1.0,-1.0,-1.0,-1.0,D7,2012-10-20 01:00:00,53,41.18499,0.59376
4.4,138.0,16.3,89.0,952.7,-1.0,-1.0,-1.0,-1.0,D8,2012-10-20 01:00:00,515,40.95134,0.30565
2.4,27.0,19.2,92.0,1005.4,-1.0,-1.0,-1.0,-1.0,D9,2012-10-20 01:00:00,59,41.21553,1.52121
3.4,60.0,18.2,90.0,974.5,-1.0,-1.0,-1.0,-1.0,H1,2012-10-20 01:00:00,333,41.58642,1.65306
0.6,130.0,16.8,94.0,988.7,-1.0,-1.0,-1.0,-1.0,R1,2012-10-20 01:00:00,210,41.70637,1.87276
-1.0,-1.0,19.1,95.0,-1.0,0.7,218.0,-1.0,-1.0,UA,2012-10-20 01:00:00,93,40.9091,0.76943
-1.0,-1.0,19.2,93.0,-1.0,0.6,137.0,-1.0,-1.0,UB,2012-10-20 01:00:00,15,42.05398,3.06195
-1.0,-1.0,19.4,94.0,-1.0,0.0,201.0,-1.0,-1.0,UC,2012-10-20 01:00:00,60,41.97726,2.99705
-1.0,-1.0,20.1,98.0,-1.0,-1.0,-1.0,-1.0,-1.0,UD,2012-10-20 01:00:00,12,42.02895,3.06227
-1.0,-1.0,20.2,96.0,-1.0,-1.0,-1.0,-1.0,-1.0,UE,2012-10-20 01:00:00,4,42.02306,3.15719
-1.0,-1.0,16.6,100.0,-1.0,3.3,69.0,-1.0,-1.0,UF,2012-10-20 01:00:00,573,41.28832,1.90775
-1.0,-1.0,20.8,95.0,-1.0,1.4,15.0,-1.0,-1.0,UG,2012-10-20 01:00:00,3,41.29928,2.03787
-1.0,-1.0,16.1,92.0,-1.0,0.4,12.0,0.5,45.0,UH,2012-10-20 01:00:00,545,41.34171,1.48769
-1.0,-1.0,11.6,99.0,-1.0,0.0,7.0,-1.0,-1.0,UI,2012-10-20 01:00:00,1386,42.26477,1.76218
-1.0,-1.0,15.5,89.0,-1.0,1.7,49.0,2.2,54.0,UJ,2012-10-20 01:00:00,709,41.52879,1.3683
-1.0,-1.0,19.6,87.0,-1.0,1.3,314.0,-1.0,-1.0,UK,2012-10-20 01:00:00,161,41.27861,1.80479
-1.0,-1.0,18.6,76.0,-1.0,0.2,258.0,-1.0,-1.0,UL,2012-10-20 01:00:00,228,41.52911,0.75303
-1.0,-1.0,17.1,83.0,-1.0,1.3,171.0,-1.0,-1.0,UM,2012-10-20 01:00:00,505,41.35991,0.66789
-1.0,-1.0,18.4,100.0,-1.0,0.1,83.0,-1.0,-1.0,UN,2012-10-20 01:00:00,171,41.87449,2.92694
-1.0,-1.0,19.4,95.0,-1.0,-1.0,-1.0,-1.0,-1.0,UO,2012-10-20 01:00:00,97,41.91461,2.82069
1.7,35.0,20.7,83.0,1003.1,-1.0,-1.0,-1.0,-1.0,UP,2012-10-20 01:00:00,81,41.51773,2.37702
-1.0,-1.0,17.1,92.0,-1.0,0.7,27.0,-1.0,-1.0,UQ,2012-10-20 01:00:00,460,41.61991,2.44532
-1.0,-1.0,18.9,97.0,-1.0,0.8,325.0,-1.0,-1.0,US,2012-10-20 01:00:00,24,40.55786,0.52329
1.5,337.0,19.5,94.0,1011.7,-1.0,-1.0,-1.0,-1.0,UU,2012-10-20 01:00:00,3,40.70776,0.6321
-1.0,-1.0,19.7,90.0,1012.1,1.1,309.0,-1.0,-1.0,UW,2012-10-20 01:00:00,0,40.62725,0.65922
-1.0,-1.0,18.1,99.0,-1.0,0.3,344.0,-1.0,-1.0,UX,2012-10-20 01:00:00,210,40.62652,0.37112
-1.0,-1.0,16.8,85.0,-1.0,0.6,73.0,1.3,78.0,UY,2012-10-20 01:00:00,576,41.87912,0.76103
-1.0,-1.0,19.6,99.0,-1.0,0.6,123.0,-1.0,-1.0,U1,2012-10-20 01:00:00,31,42.30648,2.95481
3.9,143.0,20.2,100.0,1013.6,-1.0,-1.0,-1.0,-1.0,U2,2012-10-20 01:00:00,4,42.17716,3.0968
-1.0,-1.0,17.4,92.0,-1.0,0.7,357.0,-1.0,-1.0,U3,2012-10-20 01:00:00,257,41.37491,1.63032
1.5,28.0,17.5,83.0,-1.0,0.8,49.0,-1.0,-1.0,U4,2012-10-20 01:00:00,507,41.83094,1.84699
-1.0,-1.0,13.8,92.0,-1.0,0.9,22.0,-1.0,-1.0,U5,2012-10-20 01:00:00,969,41.31349,0.99611
-1.0,-1.0,19.1,91.0,-1.0,1.1,311.0,-1.0,-1.0,U6,2012-10-20 01:00:00,29,41.08017,1.06661
-1.0,-1.0,19.3,93.0,-1.0,0.3,152.0,-1.0,-1.0,U7,2012-10-20 01:00:00,52,40.85936,0.50525
-1.0,-1.0,19.2,92.0,-1.0,0.2,331.0,-1.0,-1.0,U9,2012-10-20 01:00:00,62,40.76947,0.61635
-1.0,-1.0,18.3,90.0,-1.0,1.4,192.0,-1.0,-1.0,VA,2012-10-20 01:00:00,257,41.19645,0.51161
1.9,195.0,19.4,92.0,-1.0,-1.0,-1.0,-1.0,-1.0,VB,2012-10-20 01:00:00,32,41.06289,0.63517
-1.0,-1.0,19.5,85.0,-1.0,0.5,34.0,-1.0,-1.0,VC,2012-10-20 01:00:00,69,41.24415,0.43266
-1.0,-1.0,17.8,77.0,-1.0,0.8,77.0,-1.0,-1.0,VD,2012-10-20 01:00:00,429,41.68939,1.20381
-1.0,-1.0,18.0,94.0,-1.0,0.3,212.0,-1.0,-1.0,VE,2012-10-20 01:00:00,97,41.48692,0.46058
-1.0,-1.0,18.7,82.0,-1.0,0.2,36.0,-1.0,-1.0,VF,2012-10-20 01:00:00,122,41.56482,0.54999
-1.0,-1.0,17.8,86.0,-1.0,0.7,106.0,-1.0,-1.0,VH,2012-10-20 01:00:00,259,41.65814,0.39301
-1.0,-1.0,18.8,78.0,-1.0,0.4,137.0,-1.0,-1.0,VJ,2012-10-20 01:00:00,161,41.59957,0.6478
2.9,103.0,18.2,84.0,979.0,-1.0,-1.0,-1.0,-1.0,VK,2012-10-20 01:00:00,286,41.68328,0.4487
-1.0,-1.0,18.8,78.0,-1.0,1.3,76.0,-1.0,-1.0,VM,2012-10-20 01:00:00,222,41.7145,0.62839
-1.0,-1.0,19.2,94.0,-1.0,-1.0,-1.0,-1.0,-1.0,VN,2012-10-20 01:00:00,117,41.88244,2.74262
-1.0,-1.0,15.7,82.0,-1.0,1.5,29.0,-1.0,-1.0,VO,2012-10-20 01:00:00,785,42.08745,1.42792
-1.0,-1.0,15.7,92.0,-1.0,1.6,100.0,3.1,99.0,VP,2012-10-20 01:00:00,659,41.80483,1.53853
1.8,359.0,18.3,94.0,998.7,-1.0,-1.0,-1.0,-1.0,VQ,2012-10-20 01:00:00,112,41.1713,1.16774
-1.0,-1.0,18.7,81.0,-1.0,0.8,47.0,-1.0,-1.0,VR,2012-10-20 01:00:00,291,41.68994,1.04401
14.8,190.0,6.4,99.0,774.0,-1.0,-1.0,-1.0,-1.0,VS,2012-10-20 01:00:00,2247,42.63835,0.77889
-1.0,-1.0,18.8,93.0,-1.0,0.2,40.0,-1.0,-1.0,VT,2012-10-20 01:00:00,84,41.48401,2.12745
-1.0,-1.0,15.4,86.0,-1.0,0.5,99.0,-1.0,-1.0,VU,2012-10-20 01:00:00,421,41.63286,1.91718
0.1,10.0,14.2,100.0,-1.0,-1.0,-1.0,-1.0,-1.0,VV,2012-10-20 01:00:00,528,41.68129,2.02647
-1.0,-1.0,16.0,74.0,-1.0,3.0,136.0,-1.0,-1.0,VX,2012-10-20 01:00:00,1030,41.74761,2.30291
-1.0,-1.0,17.9,81.0,-1.0,-1.0,-1.0,-1.0,-1.0,VY,2012-10-20 01:00:00,240,41.25095,1.29863
-1.0,-1.0,19.9,97.0,-1.0,-1.0,-1.0,-1.0,-1.0,VZ,2012-10-20 01:00:00,83,42.38443,3.00736
-1.0,-1.0,19.3,77.0,-1.0,0.9,38.0,-1.0,-1.0,V1,2012-10-20 01:00:00,238,41.78487,0.82939
-1.0,-1.0,16.1,100.0,-1.0,0.1,250.0,-1.0,-1.0,V3,2012-10-20 01:00:00,509,41.95224,2.23271
-1.0,-1.0,14.9,93.0,936.9,-1.0,-1.0,0.6,314.0,V4,2012-10-20 01:00:00,684,42.11477,2.21483
-1.0,-1.0,15.4,89.0,-1.0,1.6,88.0,2.0,74.0,V5,2012-10-20 01:00:00,774,42.03947,2.11993
-1.0,-1.0,18.6,79.0,-1.0,0.8,79.0,-1.0,-1.0,V8,2012-10-20 01:00:00,223,41.67279,0.87741
-1.0,-1.0,16.9,89.0,-1.0,0.8,34.0,-1.0,-1.0,WA,2012-10-20 01:00:00,443,41.87694,1.1541
-1.0,-1.0,18.3,83.0,-1.0,2.1,97.0,-1.0,-1.0,WB,2012-10-20 01:00:00,267,41.76036,0.67022
-1.0,-1.0,18.1,79.0,-1.0,0.8,67.0,-1.0,-1.0,WC,2012-10-20 01:00:00,261,41.63642,0.92446
-1.0,-1.0,17.2,98.0,-1.0,1.9,140.0,-1.0,-1.0,WD,2012-10-20 01:00:00,382,41.08671,0.31884
-1.0,-1.0,17.1,93.0,-1.0,0.1,74.0,-1.0,-1.0,WE,2012-10-20 01:00:00,126,41.5444,2.30014
-1.0,-1.0,19.5,94.0,-1.0,-1.0,-1.0,-1.0,-1.0,WF,2012-10-20 01:00:00,108,41.95425,2.77578
-1.0,-1.0,19.0,75.0,-1.0,1.7,84.0,-1.0,-1.0,WG,2012-10-20 01:00:00,301,41.80104,0.64804
-1.0,-1.0,17.6,88.0,-1.0,1.6,162.0,-1.0,-1.0,WI,2012-10-20 01:00:00,350,41.35741,0.4809
-1.0,-1.0,18.7,100.0,-1.0,0.8,300.0,-1.0,-1.0,WJ,2012-10-20 01:00:00,141,41.1223,0.72182
-1.0,-1.0,19.5,72.0,-1.0,0.8,64.0,-1.0,-1.0,WK,2012-10-20 01:00:00,268,41.81949,0.57768
-1.0,-1.0,18.0,77.0,-1.0,1.5,108.0,-1.0,-1.0,WL,2012-10-20 01:00:00,413,41.57236,1.0882
1.7,3.0,14.0,81.0,-1.0,-1.0,-1.0,-1.0,-1.0,WM,2012-10-20 01:00:00,1167,42.10736,1.8267
-1.0,-1.0,15.4,84.0,-1.0,-1.0,-1.0,3.7,128.0,WN,2012-10-20 01:00:00,916,41.59539,1.83751
-1.0,-1.0,17.5,92.0,-1.0,-1.0,-1.0,-1.0,-1.0,WO,2012-10-20 01:00:00,185,41.27151,1.46717
-1.0,-1.0,17.3,100.0,-1.0,0.6,34.0,-1.0,-1.0,WP,2012-10-20 01:00:00,325,41.48518,1.69337
13.0,173.0,10.2,99.0,840.5,-1.0,-1.0,-1.0,-1.0,WQ,2012-10-20 01:00:00,1572,42.0513,0.72952
-1.0,-1.0,18.7,87.0,-1.0,0.7,110.0,-1.0,-1.0,WR,2012-10-20 01:00:00,300,41.2163,0.79748
1.0,121.0,14.0,91.0,906.8,-1.0,-1.0,-1.0,-1.0,WS,2012-10-20 01:00:00,953,41.84008,2.41877
2.7,356.0,19.7,99.0,1013.4,-1.0,-1.0,-1.0,-1.0,WT,2012-10-20 01:00:00,2,41.64707,2.75658
-1.0,-1.0,20.8,88.0,1008.1,-1.0,-1.0,2.2,42.0,WU,2012-10-20 01:00:00,42,41.45215,2.24757
0.6,346.0,14.3,100.0,926.3,-1.0,-1.0,-1.0,-1.0,WV,2012-10-20 01:00:00,788,42.23414,1.87485
-1.0,-1.0,17.4,93.0,-1.0,-1.0,-1.0,-1.0,-1.0,WW,2012-10-20 01:00:00,278,41.79423,1.9368
-1.0,-1.0,16.0,86.0,-1.0,1.9,106.0,-1.0,-1.0,WX,2012-10-20 01:00:00,668,41.9178,0.88175
-1.0,-1.0,18.4,96.0,-1.0,1.0,51.0,-1.0,-1.0,WY,2012-10-20 01:00:00,164,41.43386,1.79429
1.2,35.0,19.4,87.0,1010.3,-1.0,-1.0,-1.0,-1.0,WZ,2012-10-20 01:00:00,17,41.20187,1.63346
-1.0,-1.0,19.7,94.0,-1.0,-1.0,-1.0,-1.0,-1.0,W1,2012-10-20 01:00:00,2,42.24726,3.09021
-1.0,-1.0,20.1,100.0,-1.0,-1.0,-1.0,-1.0,-1.0,W2,2012-10-20 01:00:00,7,42.18259,3.05783
-1.0,-1.0,20.4,93.0,-1.0,-1.0,-1.0,-1.0,-1.0,W3,2012-10-20 01:00:00,4,42.15006,3.06494
-1.0,-1.0,18.0,94.0,-1.0,2.2,35.0,-1.0,-1.0,W4,2012-10-20 01:00:00,240,41.36619,1.72857
-1.0,-1.0,15.8,99.0,-1.0,0.4,70.0,-1.0,-1.0,W5,2012-10-20 01:00:00,490,42.07683,1.31489
-1.0,-1.0,17.8,92.0,-1.0,0.5,327.0,-1.0,-1.0,W6,2012-10-20 01:00:00,158,41.13738,1.0187
-1.0,-1.0,16.0,89.0,-1.0,-1.0,-1.0,-1.0,-1.0,W8,2012-10-20 01:00:00,438,41.44237,1.15998
-1.0,-1.0,16.2,97.0,-1.0,0.3,236.0,-1.0,-1.0,W9,2012-10-20 01:00:00,461,42.14557,2.45451
4.3,93.0,14.8,94.0,924.5,-1.0,-1.0,-1.0,-1.0,XA,2012-10-20 01:00:00,785,41.60257,1.4007
-1.0,-1.0,16.2,92.0,-1.0,-1.0,-1.0,-1.0,-1.0,XB,2012-10-20 01:00:00,584,41.4779,1.53529
2.2,108.0,19.1,94.0,996.6,-1.0,-1.0,-1.0,-1.0,XC,2012-10-20 01:00:00,147,41.47892,1.97546
2.9,144.0,16.3,80.0,934.2,-1.0,-1.0,-1.0,-1.0,XD,2012-10-20 01:00:00,687,41.32,0.8857
0.7,13.0,19.8,85.0,1011.3,-1.0,-1.0,-1.0,-1.0,XE,2012-10-20 01:00:00,5,41.10393,1.201
0.4,29.0,17.2,95.0,983.3,-1.0,-1.0,-1.0,-1.0,XF,2012-10-20 01:00:00,258,41.56568,2.06952
3.1,44.0,19.3,87.0,999.4,-1.0,-1.0,-1.0,-1.0,XG,2012-10-20 01:00:00,123,41.56734,2.22619
-1.0,-1.0,13.9,100.0,937.0,-1.0,-1.0,-1.0,-1.0,XH,2012-10-20 01:00:00,679,42.40533,1.12993
-1.0,-1.0,18.8,74.0,983.8,0.6,41.0,-1.0,-1.0,XI,2012-10-20 01:00:00,247,41.61817,0.87182
1.0,12.0,19.6,100.0,1005.5,-1.0,-1.0,-1.0,-1.0,XJ,2012-10-20 01:00:00,72,41.98223,2.80686
7.2,133.0,11.0,96.0,-1.0,-1.0,-1.0,-1.0,-1.0,XK,2012-10-20 01:00:00,1668,41.77362,2.43774
3.0,50.0,20.9,95.0,-1.0,-1.0,-1.0,-1.0,-1.0,XL,2012-10-20 01:00:00,8,41.34045,2.08022
-1.0,-1.0,18.8,75.0,-1.0,0.9,69.0,-1.0,-1.0,XM,2012-10-20 01:00:00,235,41.59522,0.73507
-1.0,-1.0,17.6,97.0,-1.0,0.3,228.0,-1.0,-1.0,XN,2012-10-20 01:00:00,89,41.46379,0.42765
-1.0,-1.0,16.4,99.0,-1.0,-1.0,-1.0,-1.0,-1.0,XO,2012-10-20 01:00:00,499,41.93497,2.23987
-1.0,-1.0,17.7,91.0,-1.0,2.1,154.0,-1.0,-1.0,XP,2012-10-20 01:00:00,349,41.06581,0.43006
0.6,129.0,15.3,94.0,935.1,-1.0,-1.0,-1.0,-1.0,XT,2012-10-20 01:00:00,691,41.98766,1.51165
2.6,116.0,18.3,89.0,971.5,-1.0,-1.0,-1.0,-1.0,X1,2012-10-20 01:00:00,359,41.15374,0.81953
-1.0,-1.0,20.8,93.0,-1.0,-1.0,-1.0,-1.0,-1.0,X2,2012-10-20 01:00:00,7,41.38943,2.18847
6.4,90.0,17.6,84.0,969.3,-1.0,-1.0,-1.0,-1.0,X3,2012-10-20 01:00:00,370,41.74281,0.5358
2.4,43.0,20.9,92.0,1008.5,-1.0,-1.0,-1.0,-1.0,X4,2012-10-20 01:00:00,33,41.3839,2.16775
4.9,260.0,12.3,95.0,893.9,-1.0,-1.0,-1.0,-1.0,X5,2012-10-20 01:00:00,1055,40.79705,0.31822
-1.0,-1.0,18.6,78.0,-1.0,1.8,32.0,-1.0,-1.0,X6,2012-10-20 01:00:00,366,41.92173,1.02901
-1.0,-1.0,19.2,72.0,-1.0,0.6,81.0,-1.0,-1.0,X7,2012-10-20 01:00:00,215,41.51909,0.55314
3.3,57.0,19.8,93.0,1003.4,-1.0,-1.0,-1.0,-1.0,X8,2012-10-20 01:00:00,79,41.37919,2.1054
1.3,332.0,17.0,93.0,993.1,-1.0,-1.0,-1.0,-1.0,X9,2012-10-20 01:00:00,176,41.61265,2.16836
5.1,10.0,5.4,97.0,-1.0,-1.0,-1.0,-1.0,-1.0,ZB,2012-10-20 01:00:00,2451,42.51939,1.36597
4.7,115.0,5.9,99.0,-1.0,-1.0,-1.0,-1.0,-1.0,ZC,2012-10-20 01:00:00,2410,42.42117,2.24565
-1.0,-1.0,7.4,84.0,-1.0,-1.0,-1.0,4.6,78.0,Z1,2012-10-20 01:00:00,2266,42.64691,0.98486
-1.0,-1.0,4.8,98.0,-1.0,-1.0,-1.0,3.1,322.0,Z2,2012-10-20 01:00:00,2535,42.46602,0.88405
-1.0,-1.0,6.8,97.0,-1.0,-1.0,-1.0,1.5,154.0,Z3,2012-10-20 01:00:00,2230,42.46605,1.7785
-1.0,-1.0,5.6,100.0,-1.0,-1.0,-1.0,6.1,247.0,Z5,2012-10-20 01:00:00,2400,42.70029,1.27201
-1.0,-1.0,6.3,99.0,-1.0,-1.0,-1.0,2.5,30.0,Z6,2012-10-20 01:00:00,2228,42.77011,0.73198
4.9,245.0,4.9,98.0,-1.0,-1.0,-1.0,-1.0,-1.0,Z7,2012-10-20 01:00:00,2519,42.53412,1.05476
-1.0,-1.0,6.4,100.0,-1.0,-1.0,-1.0,8.3,137.0,Z8,2012-10-20 01:00:00,2316,42.18254,1.52407
2.0,10.0,7.3,97.0,-1.0,-1.0,-1.0,-1.0,-1.0,Z9,2012-10-20 01:00:00,2143,42.29265,1.71498
0.5,164.0,15.6,91.0,942.0,-1.0,-1.0,-1.0,-1.0,CC,2012-10-20 01:30:00,626,42.07398,2.20862
0.5,36.0,13.7,94.0,917.6,-1.0,-1.0,-1.0,-1.0,CD,2012-10-20 01:30:00,849,42.37083,1.43277
1.9,83.0,17.1,98.0,976.0,-1.0,-1.0,-1.0,-1.0,CE,2012-10-20 01:30:00,316,41.53109,1.80813
0.7,232.0,11.1,100.0,860.0,-1.0,-1.0,-1.0,-1.0,CG,2012-10-20 01:30:00,1405,42.37717,2.41456
0.2,4.0,13.2,95.0,918.0,-1.0,-1.0,-1.0,-1.0,CI,2012-10-20 01:30:00,852,42.25839,2.36429
2.4,9.0,15.5,96.0,949.3,-1.0,-1.0,-1.0,-1.0,CJ,2012-10-20 01:30:00,566.5,42.21624,1.33132
0.3,286.0,16.5,98.0,972.6,-1.0,-1.0,-1.0,-1.0,CL,2012-10-20 01:30:00,349,41.67399,1.76796
3.8,115.0,17.8,71.0,934.8,-1.0,-1.0,-1.0,-1.0,CP,2012-10-20 01:30:00,690,42.13924,1.03893
0.6,122.0,16.5,86.0,945.1,-1.0,-1.0,-1.0,-1.0,CQ,2012-10-20 01:30:00,594,41.99546,1.02569
1.6,44.0,14.1,100.0,915.9,-1.0,-1.0,-1.0,-1.0,CR,2012-10-20 01:30:00,873,42.08032,1.9624
0.8,337.0,13.9,98.0,919.5,-1.0,-1.0,-1.0,-1.0,CT,2012-10-20 01:30:00,823,42.39811,0.74362
0.6,49.0,10.4,94.0,898.5,-1.0,-1.0,-1.0,-1.0,CU,2012-10-20 01:30:00,1002,42.69856,0.79397
1.2,27.0,16.5,89.0,953.7,-1.0,-1.0,-1.0,-1.0,CV,2012-10-20 01:30:00,513.3,42.23939,0.96434
4.4,132.0,19.1,68.0,960.7,-1.0,-1.0,-1.0,-1.0,CW,2012-10-20 01:30:00,446,41.39241,1.09894
1.9,75.0,14.9,95.0,921.7,-1.0,-1.0,-1.0,-1.0,CY,2012-10-20 01:30:00,816,41.87813,2.17873
2.1,45.0,18.2,89.0,981.3,-1.0,-1.0,-1.0,-1.0,C6,2012-10-20 01:30:00,264,41.6566,0.95172
2.7,80.0,17.9,89.0,963.2,-1.0,-1.0,-1.0,-1.0,C7,2012-10-20 01:30:00,427,41.66695,1.16234
2.1,48.0,16.9,84.0,948.7,-1.0,-1.0,-1.0,-1.0,C8,2012-10-20 01:30:00,554,41.67555,1.29609
0.8,280.0,18.1,97.0,984.2,-1.0,-1.0,-1.0,-1.0,C9,2012-10-20 01:30:00,240,40.71825,0.39988
1.3,248.0,17.8,100.0,991.1,-1.0,-1.0,-1.0,-1.0,DB,2012-10-20 01:30:00,179,40.87287,0.71581
0.7,209.0,16.5,98.0,965.2,-1.0,-1.0,-1.0,-1.0,DC,2012-10-20 01:30:00,421.5,42.19144,2.48263
3.5,27.0,20.2,89.0,1007.3,-1.0,-1.0,-1.0,-1.0,DD,2012-10-20 01:30:00,44.5,41.51175,2.38674
0.3,171.0,19.5,100.0,1010.6,-1.0,-1.0,-1.0,-1.0,DF,2012-10-20 01:30:00,28.6,41.97751,3.03543
2.6,293.0,8.2,97.0,803.5,-1.0,-1.0,-1.0,-1.0,DG,2012-10-20 01:30:00,1971.4,42.39848,2.15517
3.7,45.0,17.7,91.0,965.1,-1.0,-1.0,-1.0,-1.0,DI,2012-10-20 01:30:00,415,41.43292,1.62386
1.0,351.0,19.1,99.0,993.2,-1.0,-1.0,-1.0,-1.0,DJ,2012-10-20 01:30:00,176,42.11653,2.78969
3.4,19.0,20.5,86.0,1011.1,-1.0,-1.0,-1.0,-1.0,DK,2012-10-20 01:30:00,2,41.14677,1.41846
1.1,15.0,20.2,96.0,1011.4,-1.0,-1.0,-1.0,-1.0,DL,2012-10-20 01:30:00,0.5,40.70719,0.83449
1.2,259.0,18.1,96.0,996.2,-1.0,-1.0,-1.0,-1.0,DN,2012-10-20 01:30:00,150,41.96095,2.63108
1.9,66.0,19.7,96.0,1012.0,-1.0,-1.0,-1.0,-1.0,DO,2012-10-20 01:30:00,14,41.80857,3.03241
1.9,65.0,13.3,89.0,891.5,-1.0,-1.0,-1.0,-1.0,DP,2012-10-20 01:30:00,1097,42.38605,1.8664
1.1,194.0,19.2,69.0,978.8,-1.0,-1.0,-1.0,-1.0,DQ,2012-10-20 01:30:00,287,41.30728,1.36259
-1.0,-1.0,18.2,84.0,965.5,-1.0,-1.0,-1.0,-1.0,D1,2012-10-20 01:30:00,404,41.28521,0.75383
-1.0,-1.0,16.1,98.0,973.1,-1.0,-1.0,-1.0,-1.0,D2,2012-10-20 01:30:00,343,41.59252,1.915
0.7,119.0,18.1,98.0,983.2,-1.0,-1.0,-1.0,-1.0,D3,2012-10-20 01:30:00,252,41.38197,1.93564
4.8,118.0,20.4,97.0,1010.8,-1.0,-1.0,-1.0,-1.0,D4,2012-10-20 01:30:00,24,42.27065,3.18165
7.4,54.0,18.1,93.0,965.4,-1.0,-1.0,-1.0,-1.0,D5,2012-10-20 01:30:00,411.2,41.41843,2.12388
9.1,163.0,18.9,99.0,990.7,-1.0,-1.0,-1.0,-1.0,D6,2012-10-20 01:30:00,196,42.43515,3.16622
1.1,128.0,19.4,86.0,1006.0,-1.0,-1.0,-1.0,-1.0,D7,2012-10-20 01:30:00,53,41.18499,0.59376
5.4,135.0,16.3,90.0,952.3,-1.0,-1.0,-1.0,-1.0,D8,2012-10-20 01:30:00,515,40.95134,0.30565
2.6,23.0,19.5,92.0,1004.8,-1.0,-1.0,-1.0,-1.0,D9,2012-10-20 01:30:00,59,41.21553,1.52121
3.3,57.0,18.1,89.0,974.1,-1.0,-1.0,-1.0,-1.0,H1,2012-10-20 01:30:00,333,41.58642,1.65306
0.3,133.0,16.6,94.0,988.3,-1.0,-1.0,-1.0,-1.0,R1,2012-10-20 01:30:00,210,41.70637,1.87276
0.8,338.0,18.2,95.0,998.6,-1.0,-1.0,-1.0,-1.0,VQ,2012-10-20 01:30:00,112,41.1713,1.16774
13.5,190.0,6.5,99.0,774.0,-1.0,-1.0,-1.0,-1.0,VS,2012-10-20 01:30:00,2247,42.63835,0.77889
-1.0,-1.0,21.2,84.0,1007.6,-1.0,-1.0,3.2,34.0,WU,2012-10-20 01:30:00,42,41.45215,2.24757
2.2,22.0,19.8,86.0,1009.6,-1.0,-1.0,-1.0,-1.0,WZ,2012-10-20 01:30:00,17,41.20187,1.63346
4.6,94.0,14.8,93.0,924.1,-1.0,-1.0,-1.0,-1.0,XA,2012-10-20 01:30:00,785,41.60257,1.4007
2.0,98.0,18.9,95.0,996.1,-1.0,-1.0,-1.0,-1.0,XC,2012-10-20 01:30:00,147,41.47892,1.97546
2.7,158.0,16.8,75.0,934.2,-1.0,-1.0,-1.0,-1.0,XD,2012-10-20 01:30:00,687,41.32,0.8857
1.3,329.0,19.4,89.0,1011.2,-1.0,-1.0,-1.0,-1.0,XE,2012-10-20 01:30:00,5,41.10393,1.201
1.6,23.0,16.7,97.0,983.0,-1.0,-1.0,-1.0,-1.0,XF,2012-10-20 01:30:00,258,41.56568,2.06952
3.4,59.0,19.5,88.0,999.2,-1.0,-1.0,-1.0,-1.0,XG,2012-10-20 01:30:00,123,41.56734,2.22619
-1.0,-1.0,13.9,100.0,936.8,-1.0,-1.0,-1.0,-1.0,XH,2012-10-20 01:30:00,679,42.40533,1.12993
1.3,35.0,19.7,100.0,1005.2,-1.0,-1.0,-1.0,-1.0,XJ,2012-10-20 01:30:00,72,41.98223,2.80686
7.5,119.0,10.9,97.0,-1.0,-1.0,-1.0,-1.0,-1.0,XK,2012-10-20 01:30:00,1668,41.77362,2.43774
2.5,49.0,20.8,93.0,-1.0,-1.0,-1.0,-1.0,-1.0,XL,2012-10-20 01:30:00,8,41.34045,2.08022
-1.0,-1.0,16.2,100.0,-1.0,-1.0,-1.0,-1.0,-1.0,XO,2012-10-20 01:30:00,499,41.93497,2.23987
-1.0,-1.0,17.3,96.0,-1.0,1.7,138.0,-1.0,-1.0,XP,2012-10-20 01:30:00,349,41.06581,0.43006
0.5,273.0,15.4,92.0,934.6,-1.0,-1.0,-1.0,-1.0,XT,2012-10-20 01:30:00,691,41.98766,1.51165
3.2,53.0,19.9,90.0,1002.9,-1.0,-1.0,-1.0,-1.0,X8,2012-10-20 01:30:00,79,41.37919,2.1054
4.5,348.0,5.4,97.0,-1.0,-1.0,-1.0,-1.0,-1.0,ZB,2012-10-20 01:30:00,2451,42.51939,1.36597
3.8,145.0,5.9,99.0,-1.0,-1.0,-1.0,-1.0,-1.0,ZC,2012-10-20 01:30:00,2410,42.42117,2.24565
-1.0,-1.0,6.6,93.0,-1.0,-1.0,-1.0,5.6,79.0,Z1,2012-10-20 01:30:00,2266,42.64691,0.98486
-1.0,-1.0,4.9,98.0,-1.0,-1.0,-1.0,3.6,318.0,Z2,2012-10-20 01:30:00,2535,42.46602,0.88405
-1.0,-1.0,6.8,97.0,-1.0,-1.0,-1.0,1.4,192.0,Z3,2012-10-20 01:30:00,2230,42.46605,1.7785
-1.0,-1.0,5.5,100.0,-1.0,-1.0,-1.0,5.2,243.0,Z5,2012-10-20 01:30:00,2400,42.70029,1.27201
-1.0,-1.0,6.3,99.0,-1.0,-1.0,-1.0,2.7,35.0,Z6,2012-10-20 01:30:00,2228,42.77011,0.73198
5.5,242.0,5.0,98.0,-1.0,-1.0,-1.0,-1.0,-1.0,Z7,2012-10-20 01:30:00,2519,42.53412,1.05476
-1.0,-1.0,6.5,100.0,-1.0,-1.0,-1.0,8.5,135.0,Z8,2012-10-20 01:30:00,2316,42.18254,1.52407
1.8,266.0,7.3,97.0,-1.0,-1.0,-1.0,-1.0,-1.0,Z9,2012-10-20 01:30:00,2143,42.29265,1.71498
0.8,280.0,15.7,90.0,941.6,-1.0,-1.0,-1.0,-1.0,CC,2012-10-20 02:00:00,626,42.07398,2.20862
0.5,332.0,13.7,95.0,917.3,-1.0,-1.0,-1.0,-1.0,CD,2012-10-20 02:00:00,849,42.37083,1.43277
0.9,67.0,17.1,98.0,975.8,-1.0,-1.0,-1.0,-1.0,CE,2012-10-20 02:00:00,316,41.53109,1.80813
0.8,223.0,11.2,100.0,859.9,-1.0,-1.0,-1.0,-1.0,CG,2012-10-20 02:00:00,1405,42.37717,2.41456
0.4,113.0,13.1,95.0,917.9,-1.0,-1.0,-1.0,-1.0,CI,2012-10-20 02:00:00,852,42.25839,2.36429
3.0,25.0,15.9,93.0,949.1,-1.0,-1.0,-1.0,-1.0,CJ,2012-10-20 02:00:00,566.5,42.21624,1.33132
0.9,197.0,16.4,99.0,972.4,-1.0,-1.0,-1.0,-1.0,CL,2012-10-20 02:00:00,349,41.67399,1.76796
3.8,109.0,17.8,70.0,934.5,-1.0,-1.0,-1.0,-1.0,CP,2012-10-20 02:00:00,690,42.13924,1.03893
0.8,136.0,16.3,87.0,944.8,-1.0,-1.0,-1.0,-1.0,CQ,2012-10-20 02:00:00,594,41.99546,1.02569
3.4,52.0,14.2,98.0,915.5,-1.0,-1.0,-1.0,-1.0,CR,2012-10-20 02:00:00,873,42.08032,1.9624
0.7,351.0,13.8,98.0,919.3,-1.0,-1.0,-1.0,-1.0,CT,2012-10-20 02:00:00,823,42.39811,0.74362
0.7,83.0,10.3,94.0,898.1,-1.0,-1.0,-1.0,-1.0,CU,2012-10-20 02:00:00,1002,42.69856,0.79397
2.1,4.0,16.9,85.0,953.4,-1.0,-1.0,-1.0,-1.0,CV,2012-10-20 02:00:00,513.3,42.23939,0.96434
5.1,137.0,18.8,72.0,960.5,-1.0,-1.0,-1.0,-1.0,CW,2012-10-20 02:00:00,446,41.39241,1.09894
1.9,73.0,14.7,95.0,921.4,-1.0,-1.0,-1.0,-1.0,CY,2012-10-20 02:00:00,816,41.87813,2.17873
2.8,64.0,18.4,88.0,981.0,-1.0,-1.0,-1.0,-1.0,C6,2012-10-20 02:00:00,264,41.6566,0.95172
1.4,48.0,17.7,90.0,962.9,-1.0,-1.0,-1.0,-1.0,C7,2012-10-20 02:00:00,427,41.66695,1.16234
2.5,64.0,17.1,82.0,948.5,-1.0,-1.0,-1.0,-1.0,C8,2012-10-20 02:00:00,554,41.67555,1.29609
1.4,287.0,18.0,98.0,983.7,-1.0,-1.0,-1.0,-1.0,C9,2012-10-20 02:00:00,240,40.71825,0.39988
0.9,255.0,17.8,100.0,990.5,-1.0,-1.0,-1.0,-1.0,DB,2012-10-20 02:00:00,179,40.87287,0.71581
0.5,218.0,16.4,97.0,965.1,-1.0,-1.0,-1.0,-1.0,DC,2012-10-20 02:00:00,421.5,42.19144,2.48263
3.3,26.0,20.8,84.0,1007.0,-1.0,-1.0,-1.0,-1.0,DD,2012-10-20 02:00:00,44.5,41.51175,2.38674
0.4,204.0,19.3,100.0,1010.2,-1.0,-1.0,-1.0,-1.0,DF,2012-10-20 02:00:00,28.6,41.97751,3.03543
2.2,318.0,8.1,97.0,803.3,-1.0,-1.0,-1.0,-1.0,DG,2012-10-20 02:00:00,1971.4,42.39848,2.15517
4.0,32.0,17.4,94.0,964.6,-1.0,-1.0,-1.0,-1.0,DI,2012-10-20 02:00:00,415,41.43292,1.62386
1.0,332.0,19.1,100.0,993.2,-1.0,-1.0,-1.0,-1.0,DJ,2012-10-20 02:00:00,176,42.11653,2.78969
2.0,338.0,20.6,84.0,1010.8,-1.0,-1.0,-1.0,-1.0,DK,2012-10-20 02:00:00,2,41.14677,1.41846
1.0,21.0,20.1,97.0,1011.0,-1.0,-1.0,-1.0,-1.0,DL,2012-10-20 02:00:00,0.5,40.70719,0.83449
1.3,265.0,18.1,96.0,996.0,-1.0,-1.0,-1.0,-1.0,DN,2012-10-20 02:00:00,150,41.96095,2.63108
1.6,70.0,19.9,96.0,1011.7,-1.0,-1.0,-1.0,-1.0,DO,2012-10-20 02:00:00,14,41.80857,3.03241
2.1,61.0,13.2,88.0,891.2,-1.0,-1.0,-1.0,-1.0,DP,2012-10-20 02:00:00,1097,42.38605,1.8664
0.9,259.0,18.7,72.0,978.7,-1.0,-1.0,-1.0,-1.0,DQ,2012-10-20 02:00:00,287,41.30728,1.36259
-1.0,-1.0,17.1,93.0,965.4,-1.0,-1.0,-1.0,-1.0,D1,2012-10-20 02:00:00,404,41.28521,0.75383
-1.0,-1.0,16.0,98.0,972.8,-1.0,-1.0,-1.0,-1.0,D2,2012-10-20 02:00:00,343,41.59252,1.915
0.6,346.0,18.1,98.0,982.7,-1.0,-1.0,-1.0,-1.0,D3,2012-10-20 02:00:00,252,41.38197,1.93564
5.3,116.0,20.5,97.0,1010.5,-1.0,-1.0,-1.0,-1.0,D4,2012-10-20 02:00:00,24,42.27065,3.18165
6.8,49.0,18.0,93.0,964.9,-1.0,-1.0,-1.0,-1.0,D5,2012-10-20 02:00:00,411.2,41.41843,2.12388
8.6,159.0,18.8,99.0,990.6,-1.0,-1.0,-1.0,-1.0,D6,2012-10-20 02:00:00,196,42.43515,3.16622
1.1,106.0,18.9,88.0,1005.8,-1.0,-1.0,-1.0,-1.0,D7,2012-10-20 02:00:00,53,41.18499,0.59376
4.3,138.0,16.5,85.0,952.0,-1.0,-1.0,-1.0,-1.0,D8,2012-10-20 02:00:00,515,40.95134,0.30565
3.2,17.0,19.9,88.0,1004.6,-1.0,-1.0,-1.0,-1.0,D9,2012-10-20 02:00:00,59,41.21553,1.52121
3.8,59.0,18.0,90.0,973.9,-1.0,-1.0,-1.0,-1.0,H1,2012-10-20 02:00:00,333,41.58642,1.65306
0.5,124.0,16.5,94.0,988.0,-1.0,-1.0,-1.0,-1.0,R1,2012-10-20 02:00:00,210,41.70637,1.87276
-1.0,-1.0,18.6,96.0,-1.0,0.6,345.0,-1.0,-1.0,UA,2012-10-20 02:00:00,93,40.9091,0.76943
-1.0,-1.0,19.4,93.0,-1.0,0.8,133.0,-1.0,-1.0,UB,2012-10-20 02:00:00,15,42.05398,3.06195
-1.0,-1.0,19.3,94.0,-1.0,0.2,341.0,-1.0,-1.0,UC,2012-10-20 02:00:00,60,41.97726,2.99705
-1.0,-1.0,20.2,98.0,-1.0,-1.0,-1.0,-1.0,-1.0,UD,2012-10-20 02:00:00,12,42.02895,3.06227
-1.0,-1.0,20.0,96.0,-1.0,-1.0,-1.0,-1.0,-1.0,UE,2012-10-20 02:00:00,4,42.02306,3.15719
-1.0,-1.0,16.7,100.0,-1.0,3.2,71.0,-1.0,-1.0,UF,2012-10-20 02:00:00,573,41.28832,1.90775
-1.0,-1.0,20.3,94.0,-1.0,1.1,22.0,-1.0,-1.0,UG,2012-10-20 02:00:00,3,41.29928,2.03787
-1.0,-1.0,16.4,93.0,-1.0,0.6,26.0,0.6,42.0,UH,2012-10-20 02:00:00,545,41.34171,1.48769
-1.0,-1.0,11.5,99.0,-1.0,0.1,255.0,-1.0,-1.0,UI,2012-10-20 02:00:00,1386,42.26477,1.76218
-1.0,-1.0,15.3,89.0,-1.0,1.8,80.0,2.6,87.0,UJ,2012-10-20 02:00:00,709,41.52879,1.3683
-1.0,-1.0,20.0,85.0,-1.0,1.1,286.0,-1.0,-1.0,UK,2012-10-20 02:00:00,161,41.27861,1.80479
-1.0,-1.0,17.7,83.0,-1.0,0.3,209.0,-1.0,-1.0,UL,2012-10-20 02:00:00,228,41.52911,0.75303
-1.0,-1.0,16.4,93.0,-1.0,1.3,163.0,-1.0,-1.0,UM,2012-10-20 02:00:00,505,41.35991,0.66789
-1.0,-1.0,19.5,100.0,-1.0,0.3,67.0,-1.0,-1.0,UN,2012-10-20 02:00:00,171,41.87449,2.92694
-1.0,-1.0,19.4,96.0,-1.0,-1.0,-1.0,-1.0,-1.0,UO,2012-10-20 02:00:00,97,41.91461,2.82069
2.0,47.0,21.4,75.0,1002.5,-1.0,-1.0,-1.0,-1.0,UP,2012-10-20 02:00:00,81,41.51773,2.37702
-1.0,-1.0,17.3,93.0,-1.0,1.1,42.0,-1.0,-1.0,UQ,2012-10-20 02:00:00,460,41.61991,2.44532
-1.0,-1.0,18.8,97.0,-1.0,0.8,351.0,-1.0,-1.0,US,2012-10-20 02:00:00,24,40.55786,0.52329
1.8,348.0,19.2,96.0,1010.7,-1.0,-1.0,-1.0,-1.0,UU,2012-10-20 02:00:00,3,40.70776,0.6321
-1.0,-1.0,19.2,92.0,1011.0,2.4,355.0,-1.0,-1.0,UW,2012-10-20 02:00:00,0,40.62725,0.65922
-1.0,-1.0,17.9,100.0,-1.0,0.4,345.0,-1.0,-1.0,UX,2012-10-20 02:00:00,210,40.62652,0.37112
-1.0,-1.0,16.9,84.0,-1.0,0.7,76.0,1.6,83.0,UY,2012-10-20 02:00:00,576,41.87912,0.76103
-1.0,-1.0,19.8,99.0,-1.0,0.3,140.0,-1.0,-1.0,U1,2012-10-20 02:00:00,31,42.30648,2.95481
3.3,138.0,20.1,100.0,1013.2,-1.0,-1.0,-1.0,-1.0,U2,2012-10-20 02:00:00,4,42.17716,3.0968
-1.0,-1.0,17.8,92.0,-1.0,1.1,341.0,-1.0,-1.0,U3,2012-10-20 02:00:00,257,41.37491,1.63032
1.8,30.0,17.2,83.0,-1.0,0.9,48.0,-1.0,-1.0,U4,2012-10-20 02:00:00,507,41.83094,1.84699
-1.0,-1.0,13.8,91.0,-1.0,0.8,28.0,-1.0,-1.0,U5,2012-10-20 02:00:00,969,41.31349,0.99611
-1.0,-1.0,19.0,91.0,-1.0,0.9,325.0,-1.0,-1.0,U6,2012-10-20 02:00:00,29,41.08017,1.06661
-1.0,-1.0,19.1,94.0,-1.0,0.2,31.0,-1.0,-1.0,U7,2012-10-20 02:00:00,52,40.85936,0.50525
-1.0,-1.0,18.9,93.0,-1.0,0.6,345.0,-1.0,-1.0,U9,2012-10-20 02:00:00,62,40.76947,0.61635
-1.0,-1.0,17.7,91.0,-1.0,1.6,203.0,-1.0,-1.0,VA,2012-10-20 02:00:00,257,41.19645,0.51161
1.0,302.0,18.7,94.0,-1.0,-1.0,-1.0,-1.0,-1.0,VB,2012-10-20 02:00:00,32,41.06289,0.63517
-1.0,-1.0,18.5,90.0,-1.0,1.0,340.0,-1.0,-1.0,VC,2012-10-20 02:00:00,69,41.24415,0.43266
-1.0,-1.0,17.5,77.0,-1.0,0.5,96.0,-1.0,-1.0,VD,2012-10-20 02:00:00,429,41.68939,1.20381
-1.0,-1.0,17.9,94.0,-1.0,0.5,344.0,-1.0,-1.0,VE,2012-10-20 02:00:00,97,41.48692,0.46058
-1.0,-1.0,18.0,87.0,-1.0,0.1,238.0,-1.0,-1.0,VF,2012-10-20 02:00:00,122,41.56482,0.54999
-1.0,-1.0,17.2,90.0,-1.0,0.2,147.0,-1.0,-1.0,VH,2012-10-20 02:00:00,259,41.65814,0.39301
-1.0,-1.0,18.0,85.0,-1.0,0.2,202.0,-1.0,-1.0,VJ,2012-10-20 02:00:00,161,41.59957,0.6478
1.8,122.0,17.5,89.0,978.9,-1.0,-1.0,-1.0,-1.0,VK,2012-10-20 02:00:00,286,41.68328,0.4487
-1.0,-1.0,18.3,81.0,-1.0,0.3,119.0,-1.0,-1.0,VM,2012-10-20 02:00:00,222,41.7145,0.62839
-1.0,-1.0,19.5,94.0,-1.0,-1.0,-1.0,-1.0,-1.0,VN,2012-10-20 02:00:00,117,41.88244,2.74262
-1.0,-1.0,17.0,71.0,-1.0,2.1,49.0,-1.0,-1.0,VO,2012-10-20 02:00:00,785,42.08745,1.42792
-1.0,-1.0,15.4,92.0,-1.0,1.7,96.0,3.2,93.0,VP,2012-10-20 02:00:00,659,41.80483,1.53853
1.2,337.0,17.9,98.0,998.2,-1.0,-1.0,-1.0,-1.0,VQ,2012-10-20 02:00:00,112,41.1713,1.16774
-1.0,-1.0,18.3,82.0,-1.0,0.5,45.0,-1.0,-1.0,VR,2012-10-20 02:00:00,291,41.68994,1.04401
16.7,192.0,6.5,99.0,773.2,-1.0,-1.0,-1.0,-1.0,VS,2012-10-20 02:00:00,2247,42.63835,0.77889
-1.0,-1.0,18.5,93.0,-1.0,0.2,161.0,-1.0,-1.0,VT,2012-10-20 02:00:00,84,41.48401,2.12745
-1.0,-1.0,15.5,86.0,-1.0,0.6,230.0,-1.0,-1.0,VU,2012-10-20 02:00:00,421,41.63286,1.91718
0.4,30.0,13.7,100.0,-1.0,-1.0,-1.0,-1.0,-1.0,VV,2012-10-20 02:00:00,528,41.68129,2.02647
-1.0,-1.0,15.3,84.0,-1.0,2.8,137.0,-1.0,-1.0,VX,2012-10-20 02:00:00,1030,41.74761,2.30291
-1.0,-1.0,17.5,85.0,-1.0,-1.0,-1.0,-1.0,-1.0,VY,2012-10-20 02:00:00,240,41.25095,1.29863
-1.0,-1.0,19.9,97.0,-1.0,-1.0,-1.0,-1.0,-1.0,VZ,2012-10-20 02:00:00,83,42.38443,3.00736
-1.0,-1.0,19.1,77.0,-1.0,0.6,91.0,-1.0,-1.0,V1,2012-10-20 02:00:00,238,41.78487,0.82939
-1.0,-1.0,15.6,100.0,-1.0,0.6,340.0,-1.0,-1.0,V3,2012-10-20 02:00:00,509,41.95224,2.23271
-1.0,-1.0,15.1,92.0,936.4,-1.0,-1.0,0.7,333.0,V4,2012-10-20 02:00:00,684,42.11477,2.21483
-1.0,-1.0,15.9,84.0,-1.0,2.4,72.0,3.0,69.0,V5,2012-10-20 02:00:00,774,42.03947,2.11993
-1.0,-1.0,18.5,79.0,-1.0,0.5,88.0,-1.0,-1.0,V8,2012-10-20 02:00:00,223,41.67279,0.87741
-1.0,-1.0,16.8,88.0,-1.0,0.8,30.0,-1.0,-1.0,WA,2012-10-20 02:00:00,443,41.87694,1.1541
-1.0,-1.0,18.1,85.0,-1.0,1.4,136.0,-1.0,-1.0,WB,2012-10-20 02:00:00,267,41.76036,0.67022
-1.0,-1.0,17.8,81.0,-1.0,0.7,76.0,-1.0,-1.0,WC,2012-10-20 02:00:00,261,41.63642,0.92446
-1.0,-1.0,16.9,99.0,-1.0,1.6,138.0,-1.0,-1.0,WD,2012-10-20 02:00:00,382,41.08671,0.31884
-1.0,-1.0,16.8,93.0,-1.0,0.3,69.0,-1.0,-1.0,WE,2012-10-20 02:00:00,126,41.5444,2.30014
-1.0,-1.0,19.5,94.0,-1.0,-1.0,-1.0,-1.0,-1.0,WF,2012-10-20 02:00:00,108,41.95425,2.77578
-1.0,-1.0,18.0,82.0,-1.0,0.7,143.0,-1.0,-1.0,WG,2012-10-20 02:00:00,301,41.80104,0.64804
-1.0,-1.0,16.9,93.0,-1.0,1.8,147.0,-1.0,-1.0,WI,2012-10-20 02:00:00,350,41.35741,0.4809
-1.0,-1.0,18.4,100.0,-1.0,0.6,37.0,-1.0,-1.0,WJ,2012-10-20 02:00:00,141,41.1223,0.72182
-1.0,-1.0,18.5,79.0,-1.0,0.3,102.0,-1.0,-1.0,WK,2012-10-20 02:00:00,268,41.81949,0.57768
-1.0,-1.0,17.6,82.0,-1.0,1.1,114.0,-1.0,-1.0,WL,2012-10-20 02:00:00,413,41.57236,1.0882
1.9,84.0,14.6,76.0,-1.0,-1.0,-1.0,-1.0,-1.0,WM,2012-10-20 02:00:00,1167,42.10736,1.8267
-1.0,-1.0,15.2,89.0,-1.0,-1.0,-1.0,3.9,110.0,WN,2012-10-20 02:00:00,916,41.59539,1.83751
-1.0,-1.0,18.9,86.0,-1.0,-1.0,-1.0,-1.0,-1.0,WO,2012-10-20 02:00:00,185,41.27151,1.46717
-1.0,-1.0,17.3,99.0,-1.0,0.8,14.0,-1.0,-1.0,WP,2012-10-20 02:00:00,325,41.48518,1.69337
10.9,162.0,10.2,99.0,840.5,-1.0,-1.0,-1.0,-1.0,WQ,2012-10-20 02:00:00,1572,42.0513,0.72952
-1.0,-1.0,17.7,94.0,-1.0,0.3,79.0,-1.0,-1.0,WR,2012-10-20 02:00:00,300,41.2163,0.79748
1.7,121.0,14.5,95.0,906.3,-1.0,-1.0,-1.0,-1.0,WS,2012-10-20 02:00:00,953,41.84008,2.41877
3.7,342.0,19.9,99.0,1012.8,-1.0,-1.0,-1.0,-1.0,WT,2012-10-20 02:00:00,2,41.64707,2.75658
-1.0,-1.0,21.4,83.0,1007.0,-1.0,-1.0,2.8,48.0,WU,2012-10-20 02:00:00,42,41.45215,2.24757
0.5,342.0,14.3,99.0,925.8,-1.0,-1.0,-1.0,-1.0,WV,2012-10-20 02:00:00,788,42.23414,1.87485
-1.0,-1.0,17.0,92.0,-1.0,-1.0,-1.0,-1.0,-1.0,WW,2012-10-20 02:00:00,278,41.79423,1.9368
-1.0,-1.0,16.3,82.0,-1.0,2.0,104.0,-1.0,-1.0,WX,2012-10-20 02:00:00,668,41.9178,0.88175
-1.0,-1.0,18.7,95.0,-1.0,1.0,68.0,-1.0,-1.0,WY,2012-10-20 02:00:00,164,41.43386,1.79429
2.5,29.0,20.5,84.0,1009.2,-1.0,-1.0,-1.0,-1.0,WZ,2012-10-20 02:00:00,17,41.20187,1.63346
-1.0,-1.0,19.7,94.0,-1.0,-1.0,-1.0,-1.0,-1.0,W1,2012-10-20 02:00:00,2,42.24726,3.09021
-1.0,-1.0,20.2,100.0,-1.0,-1.0,-1.0,-1.0,-1.0,W2,2012-10-20 02:00:00,7,42.18259,3.05783
-1.0,-1.0,20.5,93.0,-1.0,-1.0,-1.0,-1.0,-1.0,W3,2012-10-20 02:00:00,4,42.15006,3.06494
-1.0,-1.0,18.1,93.0,-1.0,2.2,17.0,-1.0,-1.0,W4,2012-10-20 02:00:00,240,41.36619,1.72857
-1.0,-1.0,15.9,98.0,-1.0,0.6,94.0,-1.0,-1.0,W5,2012-10-20 02:00:00,490,42.07683,1.31489
-1.0,-1.0,17.7,92.0,-1.0,0.6,340.0,-1.0,-1.0,W6,2012-10-20 02:00:00,158,41.13738,1.0187
-1.0,-1.0,16.0,91.0,-1.0,-1.0,-1.0,-1.0,-1.0,W8,2012-10-20 02:00:00,438,41.44237,1.15998
-1.0,-1.0,16.1,97.0,-1.0,0.3,211.0,-1.0,-1.0,W9,2012-10-20 02:00:00,461,42.14557,2.45451
4.0,96.0,14.7,93.0,924.0,-1.0,-1.0,-1.0,-1.0,XA,2012-10-20 02:00:00,785,41.60257,1.4007
-1.0,-1.0,16.0,92.0,-1.0,-1.0,-1.0,-1.0,-1.0,XB,2012-10-20 02:00:00,584,41.4779,1.53529
2.5,58.0,18.7,94.0,995.6,-1.0,-1.0,-1.0,-1.0,XC,2012-10-20 02:00:00,147,41.47892,1.97546
2.8,142.0,16.8,76.0,934.0,-1.0,-1.0,-1.0,-1.0,XD,2012-10-20 02:00:00,687,41.32,0.8857
0.8,356.0,19.1,91.0,1010.9,-1.0,-1.0,-1.0,-1.0,XE,2012-10-20 02:00:00,5,41.10393,1.201
3.2,28.0,17.4,95.0,982.5,-1.0,-1.0,-1.0,-1.0,XF,2012-10-20 02:00:00,258,41.56568,2.06952
3.9,52.0,19.6,88.0,998.6,-1.0,-1.0,-1.0,-1.0,XG,2012-10-20 02:00:00,123,41.56734,2.22619
-1.0,-1.0,14.0,100.0,936.4,-1.0,-1.0,-1.0,-1.0,XH,2012-10-20 02:00:00,679,42.40533,1.12993
-1.0,-1.0,18.6,77.0,983.5,0.6,68.0,-1.0,-1.0,XI,2012-10-20 02:00:00,247,41.61817,0.87182
1.1,4.0,19.6,100.0,1005.0,-1.0,-1.0,-1.0,-1.0,XJ,2012-10-20 02:00:00,72,41.98223,2.80686
7.9,118.0,10.7,100.0,-1.0,-1.0,-1.0,-1.0,-1.0,XK,2012-10-20 02:00:00,1668,41.77362,2.43774
2.1,10.0,20.6,92.0,-1.0,-1.0,-1.0,-1.0,-1.0,XL,2012-10-20 02:00:00,8,41.34045,2.08022
-1.0,-1.0,18.3,80.0,-1.0,0.7,73.0,-1.0,-1.0,XM,2012-10-20 02:00:00,235,41.59522,0.73507
-1.0,-1.0,17.6,98.0,-1.0,0.2,22.0,-1.0,-1.0,XN,2012-10-20 02:00:00,89,41.46379,0.42765
-1.0,-1.0,16.0,100.0,-1.0,-1.0,-1.0,-1.0,-1.0,XO,2012-10-20 02:00:00,499,41.93497,2.23987
-1.0,-1.0,17.2,97.0,-1.0,1.4,134.0,-1.0,-1.0,XP,2012-10-20 02:00:00,349,41.06581,0.43006
0.6,264.0,15.3,92.0,934.3,-1.0,-1.0,-1.0,-1.0,XT,2012-10-20 02:00:00,691,41.98766,1.51165
1.0,25.0,17.6,94.0,971.3,-1.0,-1.0,-1.0,-1.0,X1,2012-10-20 02:00:00,359,41.15374,0.81953
-1.0,-1.0,21.0,89.0,-1.0,-1.0,-1.0,-1.0,-1.0,X2,2012-10-20 02:00:00,7,41.38943,2.18847
4.4,101.0,17.2,87.0,969.3,-1.0,-1.0,-1.0,-1.0,X3,2012-10-20 02:00:00,370,41.74281,0.5358
2.4,58.0,21.3,86.0,1007.7,-1.0,-1.0,-1.0,-1.0,X4,2012-10-20 02:00:00,33,41.3839,2.16775
3.5,290.0,12.2,95.0,893.4,-1.0,-1.0,-1.0,-1.0,X5,2012-10-20 02:00:00,1055,40.79705,0.31822
-1.0,-1.0,18.4,76.0,-1.0,0.8,91.0,-1.0,-1.0,X6,2012-10-20 02:00:00,366,41.92173,1.02901
-1.0,-1.0,18.5,78.0,-1.0,0.3,59.0,-1.0,-1.0,X7,2012-10-20 02:00:00,215,41.51909,0.55314
2.5,64.0,20.0,87.0,1002.3,-1.0,-1.0,-1.0,-1.0,X8,2012-10-20 02:00:00,79,41.37919,2.1054
2.4,332.0,16.6,94.0,992.5,-1.0,-1.0,-1.0,-1.0,X9,2012-10-20 02:00:00,176,41.61265,2.16836
4.4,338.0,5.4,97.0,-1.0,-1.0,-1.0,-1.0,-1.0,ZB,2012-10-20 02:00:00,2451,42.51939,1.36597
3.9,130.0,5.8,99.0,-1.0,-1.0,-1.0,-1.0,-1.0,ZC,2012-10-20 02:00:00,2410,42.42117,2.24565
-1.0,-1.0,7.2,89.0,-1.0,-1.0,-1.0,4.1,87.0,Z1,2012-10-20 02:00:00,2266,42.64691,0.98486
-1.0,-1.0,4.8,98.0,-1.0,-1.0,-1.0,3.0,353.0,Z2,2012-10-20 02:00:00,2535,42.46602,0.88405
-1.0,-1.0,6.8,97.0,-1.0,-1.0,-1.0,1.5,199.0,Z3,2012-10-20 02:00:00,2230,42.46605,1.7785
-1.0,-1.0,5.7,100.0,-1.0,-1.0,-1.0,5.4,238.0,Z5,2012-10-20 02:00:00,2400,42.70029,1.27201
-1.0,-1.0,6.5,99.0,-1.0,-1.0,-1.0,3.5,23.0,Z6,2012-10-20 02:00:00,2228,42.77011,0.73198
5.1,249.0,5.0,98.0,-1.0,-1.0,-1.0,-1.0,-1.0,Z7,2012-10-20 02:00:00,2519,42.53412,1.05476
-1.0,-1.0,6.5,100.0,-1.0,-1.0,-1.0,9.7,125.0,Z8,2012-10-20 02:00:00,2316,42.18254,1.52407
2.3,85.0,7.4,97.0,-1.0,-1.0,-1.0,-1.0,-1.0,Z9,2012-10-20 02:00:00,2143,42.29265,1.71498
0.7,229.0,15.6,90.0,941.6,-1.0,-1.0,-1.0,-1.0,CC,2012-10-20 02:30:00,626,42.07398,2.20862
0.9,48.0,13.6,95.0,917.2,-1.0,-1.0,-1.0,-1.0,CD,2012-10-20 02:30:00,849,42.37083,1.43277
0.7,86.0,17.0,98.0,975.4,-1.0,-1.0,-1.0,-1.0,CE,2012-10-20 02:30:00,316,41.53109,1.80813
0.5,263.0,11.2,100.0,859.8,-1.0,-1.0,-1.0,-1.0,CG,2012-10-20 02:30:00,1405,42.37717,2.41456
0.4,129.0,13.2,95.0,917.7,-1.0,-1.0,-1.0,-1.0,CI,2012-10-20 02:30:00,852,42.25839,2.36429
2.5,9.0,15.8,93.0,948.9,-1.0,-1.0,-1.0,-1.0,CJ,2012-10-20 02:30:00,566.5,42.21624,1.33132
0.4,248.0,16.4,99.0,972.1,-1.0,-1.0,-1.0,-1.0,CL,2012-10-20 02:30:00,349,41.67399,1.76796
3.8,109.0,18.0,69.0,934.3,-1.0,-1.0,-1.0,-1.0,CP,2012-10-20 02:30:00,690,42.13924,1.03893
1.1,338.0,17.7,75.0,944.6,-1.0,-1.0,-1.0,-1.0,CQ,2012-10-20 02:30:00,594,41.99546,1.02569
4.3,55.0,14.8,91.0,915.4,-1.0,-1.0,-1.0,-1.0,CR,2012-10-20 02:30:00,873,42.08032,1.9624
0.7,0.0,13.7,99.0,919.3,-1.0,-1.0,-1.0,-1.0,CT,2012-10-20 02:30:00,823,42.39811,0.74362
0.7,44.0,10.2,94.0,897.7,-1.0,-1.0,-1.0,-1.0,CU,2012-10-20 02:30:00,1002,42.69856,0.79397
3.3,17.0,16.6,87.0,953.3,-1.0,-1.0,-1.0,-1.0,CV,2012-10-20 02:30:00,513.3,42.23939,0.96434
4.2,140.0,19.3,69.0,960.4,-1.0,-1.0,-1.0,-1.0,CW,2012-10-20 02:30:00,446,41.39241,1.09894
1.7,66.0,14.3,98.0,921.3,-1.0,-1.0,-1.0,-1.0,CY,2012-10-20 02:30:00,816,41.87813,2.17873
2.1,59.0,18.4,87.0,981.1,-1.0,-1.0,-1.0,-1.0,C6,2012-10-20 02:30:00,264,41.6566,0.95172
1.1,339.0,17.1,96.0,963.0,-1.0,-1.0,-1.0,-1.0,C7,2012-10-20 02:30:00,427,41.66695,1.16234
2.4,96.0,17.2,81.0,948.3,-1.0,-1.0,-1.0,-1.0,C8,2012-10-20 02:30:00,554,41.67555,1.29609
1.5,299.0,17.9,97.0,983.4,-1.0,-1.0,-1.0,-1.0,C9,2012-10-20 02:30:00,240,40.71825,0.39988
0.5,14.0,17.8,100.0,990.3,-1.0,-1.0,-1.0,-1.0,DB,2012-10-20 02:30:00,179,40.87287,0.71581
0.3,237.0,16.3,97.0,965.0,-1.0,-1.0,-1.0,-1.0,DC,2012-10-20 02:30:00,421.5,42.19144,2.48263
3.1,56.0,20.3,85.0,1006.9,-1.0,-1.0,-1.0,-1.0,DD,2012-10-20 02:30:00,44.5,41.51175,2.38674
0.5,202.0,19.4,100.0,1010.0,-1.0,-1.0,-1.0,-1.0,DF,2012-10-20 02:30:00,28.6,41.97751,3.03543
2.3,288.0,8.1,98.0,803.2,-1.0,-1.0,-1.0,-1.0,DG,2012-10-20 02:30:00,1971.4,42.39848,2.15517
3.7,43.0,17.4,94.0,964.6,-1.0,-1.0,-1.0,-1.0,DI,2012-10-20 02:30:00,415,41.43292,1.62386
1.3,334.0,19.1,100.0,992.9,-1.0,-1.0,-1.0,-1.0,DJ,2012-10-20 02:30:00,176,42.11653,2.78969
1.5,316.0,20.9,82.0,1010.7,-1.0,-1.0,-1.0,-1.0,DK,2012-10-20 02:30:00,2,41.14677,1.41846
1.6,3.0,20.1,97.0,1010.5,-1.0,-1.0,-1.0,-1.0,DL,2012-10-20 02:30:00,0.5,40.70719,0.83449
1.3,258.0,18.2,95.0,995.7,-1.0,-1.0,-1.0,-1.0,DN,2012-10-20 02:30:00,150,41.96095,2.63108
2.3,91.0,20.1,96.0,1011.4,-1.0,-1.0,-1.0,-1.0,DO,2012-10-20 02:30:00,14,41.80857,3.03241
2.2,34.0,13.1,89.0,891.1,-1.0,-1.0,-1.0,-1.0,DP,2012-10-20 02:30:00,1097,42.38605,1.8664
1.5,303.0,18.3,75.0,978.6,-1.0,-1.0,-1.0,-1.0,DQ,2012-10-20 02:30:00,287,41.30728,1.36259
-1.0,-1.0,16.8,97.0,965.3,-1.0,-1.0,-1.0,-1.0,D1,2012-10-20 02:30:00,404,41.28521,0.75383
-1.0,-1.0,16.0,98.0,972.5,-1.0,-1.0,-1.0,-1.0,D2,2012-10-20 02:30:00,343,41.59252,1.915
0.5,151.0,18.0,98.0,982.5,-1.0,-1.0,-1.0,-1.0,D3,2012-10-20 02:30:00,252,41.38197,1.93564
5.1,115.0,20.7,97.0,1010.4,-1.0,-1.0,-1.0,-1.0,D4,2012-10-20 02:30:00,24,42.27065,3.18165
6.8,52.0,17.5,93.0,964.8,-1.0,-1.0,-1.0,-1.0,D5,2012-10-20 02:30:00,411.2,41.41843,2.12388
8.6,156.0,18.7,99.0,990.5,-1.0,-1.0,-1.0,-1.0,D6,2012-10-20 02:30:00,196,42.43515,3.16622
1.3,55.0,18.7,91.0,1005.5,-1.0,-1.0,-1.0,-1.0,D7,2012-10-20 02:30:00,53,41.18499,0.59376
3.6,134.0,16.5,88.0,951.8,-1.0,-1.0,-1.0,-1.0,D8,2012-10-20 02:30:00,515,40.95134,0.30565
3.4,21.0,19.8,90.0,1004.3,-1.0,-1.0,-1.0,-1.0,D9,2012-10-20 02:30:00,59,41.21553,1.52121
3.6,55.0,18.1,88.0,973.6,-1.0,-1.0,-1.0,-1.0,H1,2012-10-20 02:30:00,333,41.58642,1.65306
0.8,22.0,16.5,94.0,987.9,-1.0,-1.0,-1.0,-1.0,R1,2012-10-20 02:30:00,210,41.70637,1.87276
1.0,301.0,17.8,100.0,998.1,-1.0,-1.0,-1.0,-1.0,VQ,2012-10-20 02:30:00,112,41.1713,1.16774
13.5,182.0,6.5,99.0,773.4,-1.0,-1.0,-1.0,-1.0,VS,2012-10-20 02:30:00,2247,42.63835,0.77889
-1.0,-1.0,21.5,80.0,1007.0,-1.0,-1.0,2.7,53.0,WU,2012-10-20 02:30:00,42,41.45215,2.24757
2.8,15.0,20.7,83.0,1009.0,-1.0,-1.0,-1.0,-1.0,WZ,2012-10-20 02:30:00,17,41.20187,1.63346
4.4,96.0,14.6,94.0,923.9,-1.0,-1.0,-1.0,-1.0,XA,2012-10-20 02:30:00,785,41.60257,1.4007
2.5,91.0,18.5,94.0,995.3,-1.0,-1.0,-1.0,-1.0,XC,2012-10-20 02:30:00,147,41.47892,1.97546
3.0,146.0,16.1,82.0,934.1,-1.0,-1.0,-1.0,-1.0,XD,2012-10-20 02:30:00,687,41.32,0.8857
1.5,331.0,19.1,92.0,1010.6,-1.0,-1.0,-1.0,-1.0,XE,2012-10-20 02:30:00,5,41.10393,1.201
2.7,30.0,17.5,92.0,982.2,-1.0,-1.0,-1.0,-1.0,XF,2012-10-20 02:30:00,258,41.56568,2.06952
2.9,57.0,19.6,86.0,998.4,-1.0,-1.0,-1.0,-1.0,XG,2012-10-20 02:30:00,123,41.56734,2.22619
-1.0,-1.0,13.9,100.0,936.4,-1.0,-1.0,-1.0,-1.0,XH,2012-10-20 02:30:00,679,42.40533,1.12993
1.2,25.0,19.6,100.0,1004.8,-1.0,-1.0,-1.0,-1.0,XJ,2012-10-20 02:30:00,72,41.98223,2.80686
8.0,128.0,11.0,90.0,-1.0,-1.0,-1.0,-1.0,-1.0,XK,2012-10-20 02:30:00,1668,41.77362,2.43774
1.6,26.0,20.0,93.0,-1.0,-1.0,-1.0,-1.0,-1.0,XL,2012-10-20 02:30:00,8,41.34045,2.08022
-1.0,-1.0,15.7,100.0,-1.0,-1.0,-1.0,-1.0,-1.0,XO,2012-10-20 02:30:00,499,41.93497,2.23987
-1.0,-1.0,17.3,95.0,-1.0,1.7,143.0,-1.0,-1.0,XP,2012-10-20 02:30:00,349,41.06581,0.43006
0.7,248.0,15.1,93.0,934.2,-1.0,-1.0,-1.0,-1.0,XT,2012-10-20 02:30:00,691,41.98766,1.51165
2.5,72.0,20.0,86.0,1002.3,-1.0,-1.0,-1.0,-1.0,X8,2012-10-20 02:30:00,79,41.37919,2.1054
4.8,274.0,5.4,97.0,-1.0,-1.0,-1.0,-1.0,-1.0,ZB,2012-10-20 02:30:00,2451,42.51939,1.36597
4.8,104.0,5.8,99.0,-1.0,-1.0,-1.0,-1.0,-1.0,ZC,2012-10-20 02:30:00,2410,42.42117,2.24565
-1.0,-1.0,7.5,86.0,-1.0,-1.0,-1.0,6.1,79.0,Z1,2012-10-20 02:30:00,2266,42.64691,0.98486
-1.0,-1.0,4.9,98.0,-1.0,-1.0,-1.0,4.3,10.0,Z2,2012-10-20 02:30:00,2535,42.46602,0.88405
-1.0,-1.0,6.7,97.0,-1.0,-1.0,-1.0,1.6,211.0,Z3,2012-10-20 02:30:00,2230,42.46605,1.7785
-1.0,-1.0,5.7,100.0,-1.0,-1.0,-1.0,3.1,199.0,Z5,2012-10-20 02:30:00,2400,42.70029,1.27201
-1.0,-1.0,6.5,99.0,-1.0,-1.0,-1.0,2.4,23.0,Z6,2012-10-20 02:30:00,2228,42.77011,0.73198
5.1,252.0,5.1,98.0,-1.0,-1.0,-1.0,-1.0,-1.0,Z7,2012-10-20 02:30:00,2519,42.53412,1.05476
-1.0,-1.0,6.5,100.0,-1.0,-1.0,-1.0,8.7,130.0,Z8,2012-10-20 02:30:00,2316,42.18254,1.52407
5.5,100.0,7.3,97.0,-1.0,-1.0,-1.0,-1.0,-1.0,Z9,2012-10-20 02:30:00,2143,42.29265,1.71498
0.7,205.0,15.1,93.0,941.6,-1.0,-1.0,-1.0,-1.0,CC,2012-10-20 03:00:00,626,42.07398,2.20862
0.5,338.0,13.6,95.0,917.1,-1.0,-1.0,-1.0,-1.0,CD,2012-10-20 03:00:00,849,42.37083,1.43277
1.1,103.0,17.2,97.0,975.4,-1.0,-1.0,-1.0,-1.0,CE,2012-10-20 03:00:00,316,41.53109,1.80813
0.7,244.0,11.4,100.0,859.7,-1.0,-1.0,-1.0,-1.0,CG,2012-10-20 03:00:00,1405,42.37717,2.41456
0.4,72.0,13.2,95.0,917.6,-1.0,-1.0,-1.0,-1.0,CI,2012-10-20 03:00:00,852,42.25839,2.36429
2.0,356.0,15.6,94.0,948.8,-1.0,-1.0,-1.0,-1.0,CJ,2012-10-20 03:00:00,566.5,42.21624,1.33132
0.8,195.0,16.3,99.0,972.1,-1.0,-1.0,-1.0,-1.0,CL,2012-10-20 03:00:00,349,41.67399,1.76796
2.2,175.0,17.6,72.0,934.3,-1.0,-1.0,-1.0,-1.0,CP,2012-10-20 03:00:00,690,42.13924,1.03893
0.9,183.0,16.6,84.0,944.6,-1.0,-1.0,-1.0,-1.0,CQ,2012-10-20 03:00:00,594,41.99546,1.02569
4.4,55.0,14.8,91.0,915.3,-1.0,-1.0,-1.0,-1.0,CR,2012-10-20 03:00:00,873,42.08032,1.9624
0.3,45.0,13.5,99.0,919.1,-1.0,-1.0,-1.0,-1.0,CT,2012-10-20 03:00:00,823,42.39811,0.74362
1.0,53.0,10.1,94.0,897.6,-1.0,-1.0,-1.0,-1.0,CU,2012-10-20 03:00:00,1002,42.69856,0.79397
3.4,16.0,16.7,86.0,953.2,-1.0,-1.0,-1.0,-1.0,CV,2012-10-20 03:00:00,513.3,42.23939,0.96434
2.4,79.0,18.2,76.0,960.5,-1.0,-1.0,-1.0,-1.0,CW,2012-10-20 03:00:00,446,41.39241,1.09894
1.8,64.0,14.0,99.0,921.3,-1.0,-1.0,-1.0,-1.0,CY,2012-10-20 03:00:00,816,41.87813,2.17873
1.5,74.0,18.1,89.0,981.3,-1.0,-1.0,-1.0,-1.0,C6,2012-10-20 03:00:00,264,41.6566,0.95172
1.5,85.0,17.6,89.0,963.0,-1.0,-1.0,-1.0,-1.0,C7,2012-10-20 03:00:00,427,41.66695,1.16234
2.8,81.0,17.0,82.0,948.4,-1.0,-1.0,-1.0,-1.0,C8,2012-10-20 03:00:00,554,41.67555,1.29609
1.5,317.0,17.8,97.0,983.0,-1.0,-1.0,-1.0,-1.0,C9,2012-10-20 03:00:00,240,40.71825,0.39988
2.9,49.0,17.6,100.0,989.8,-1.0,-1.0,-1.0,-1.0,DB,2012-10-20 03:00:00,179,40.87287,0.71581
0.5,162.0,16.4,98.0,964.8,-1.0,-1.0,-1.0,-1.0,DC,2012-10-20 03:00:00,421.5,42.19144,2.48263
2.9,45.0,19.9,88.0,1007.0,-1.0,-1.0,-1.0,-1.0,DD,2012-10-20 03:00:00,44.5,41.51175,2.38674
0.4,238.0,19.5,100.0,1009.9,-1.0,-1.0,-1.0,-1.0,DF,2012-10-20 03:00:00,28.6,41.97751,3.03543
2.8,304.0,8.2,97.0,803.2,-1.0,-1.0,-1.0,-1.0,DG,2012-10-20 03:00:00,1971.4,42.39848,2.15517
4.5,37.0,17.4,91.0,964.4,-1.0,-1.0,-1.0,-1.0,DI,2012-10-20 03:00:00,415,41.43292,1.62386
0.7,348.0,19.0,100.0,992.9,-1.0,-1.0,-1.0,-1.0,DJ,2012-10-20 03:00:00,176,42.11653,2.78969
1.1,287.0,20.8,83.0,1010.7,-1.0,-1.0,-1.0,-1.0,DK,2012-10-20 03:00:00,2,41.14677,1.41846
2.1,15.0,20.1,96.0,1009.9,-1.0,-1.0,-1.0,-1.0,DL,2012-10-20 03:00:00,0.5,40.70719,0.83449
0.4,269.0,18.2,94.0,995.8,-1.0,-1.0,-1.0,-1.0,DN,2012-10-20 03:00:00,150,41.96095,2.63108
2.5,87.0,20.1,95.0,1011.4,-1.0,-1.0,-1.0,-1.0,DO,2012-10-20 03:00:00,14,41.80857,3.03241
1.8,325.0,12.9,91.0,891.0,-1.0,-1.0,-1.0,-1.0,DP,2012-10-20 03:00:00,1097,42.38605,1.8664
1.7,7.0,18.2,78.0,978.5,-1.0,-1.0,-1.0,-1.0,DQ,2012-10-20 03:00:00,287,41.30728,1.36259
-1.0,-1.0,16.6,97.0,964.9,-1.0,-1.0,-1.0,-1.0,D1,2012-10-20 03:00:00,404,41.28521,0.75383
-1.0,-1.0,16.2,98.0,972.5,-1.0,-1.0,-1.0,-1.0,D2,2012-10-20 03:00:00,343,41.59252,1.915
0.2,127.0,17.9,98.0,982.7,-1.0,-1.0,-1.0,-1.0,D3,2012-10-20 03:00:00,252,41.38197,1.93564
4.1,114.0,20.6,96.0,1010.3,-1.0,-1.0,-1.0,-1.0,D4,2012-10-20 03:00:00,24,42.27065,3.18165
6.9,62.0,17.6,93.0,964.8,-1.0,-1.0,-1.0,-1.0,D5,2012-10-20 03:00:00,411.2,41.41843,2.12388
8.0,167.0,18.6,99.0,990.5,-1.0,-1.0,-1.0,-1.0,D6,2012-10-20 03:00:00,196,42.43515,3.16622
0.5,75.0,18.6,93.0,1005.3,-1.0,-1.0,-1.0,-1.0,D7,2012-10-20 03:00:00,53,41.18499,0.59376
2.4,131.0,16.4,90.0,951.7,-1.0,-1.0,-1.0,-1.0,D8,2012-10-20 03:00:00,515,40.95134,0.30565
3.1,29.0,19.8,89.0,1004.4,-1.0,-1.0,-1.0,-1.0,D9,2012-10-20 03:00:00,59,41.21553,1.52121
2.3,74.0,17.8,90.0,973.7,-1.0,-1.0,-1.0,-1.0,H1,2012-10-20 03:00:00,333,41.58642,1.65306
0.3,46.0,16.6,94.0,987.8,-1.0,-1.0,-1.0,-1.0,R1,2012-10-20 03:00:00,210,41.70637,1.87276
-1.0,-1.0,18.7,96.0,-1.0,0.7,354.0,-1.0,-1.0,UA,2012-10-20 03:00:00,93,40.9091,0.76943
-1.0,-1.0,19.4,93.0,-1.0,2.2,116.0,-1.0,-1.0,UB,2012-10-20 03:00:00,15,42.05398,3.06195
-1.0,-1.0,19.3,94.0,-1.0,0.4,16.0,-1.0,-1.0,UC,2012-10-20 03:00:00,60,41.97726,2.99705
-1.0,-1.0,20.3,98.0,-1.0,-1.0,-1.0,-1.0,-1.0,UD,2012-10-20 03:00:00,12,42.02895,3.06227
-1.0,-1.0,20.0,96.0,-1.0,-1.0,-1.0,-1.0,-1.0,UE,2012-10-20 03:00:00,4,42.02306,3.15719
-1.0,-1.0,16.7,100.0,-1.0,3.1,73.0,-1.0,-1.0,UF,2012-10-20 03:00:00,573,41.28832,1.90775
-1.0,-1.0,20.9,93.0,-1.0,1.7,52.0,-1.0,-1.0,UG,2012-10-20 03:00:00,3,41.29928,2.03787
-1.0,-1.0,16.3,93.0,-1.0,0.6,12.0,0.5,35.0,UH,2012-10-20 03:00:00,545,41.34171,1.48769
-1.0,-1.0,11.3,99.0,-1.0,0.2,267.0,-1.0,-1.0,UI,2012-10-20 03:00:00,1386,42.26477,1.76218
-1.0,-1.0,15.1,91.0,-1.0,1.7,50.0,2.2,50.0,UJ,2012-10-20 03:00:00,709,41.52879,1.3683
-1.0,-1.0,20.2,82.0,-1.0,1.3,314.0,-1.0,-1.0,UK,2012-10-20 03:00:00,161,41.27861,1.80479
-1.0,-1.0,17.0,91.0,-1.0,0.3,113.0,-1.0,-1.0,UL,2012-10-20 03:00:00,228,41.52911,0.75303
-1.0,-1.0,16.1,94.0,-1.0,1.1,84.0,-1.0,-1.0,UM,2012-10-20 03:00:00,505,41.35991,0.66789
-1.0,-1.0,19.7,100.0,-1.0,0.3,83.0,-1.0,-1.0,UN,2012-10-20 03:00:00,171,41.87449,2.92694
-1.0,-1.0,19.2,96.0,-1.0,-1.0,-1.0,-1.0,-1.0,UO,2012-10-20 03:00:00,97,41.91461,2.82069
2.0,42.0,20.8,79.0,1002.5,-1.0,-1.0,-1.0,-1.0,UP,2012-10-20 03:00:00,81,41.51773,2.37702
-1.0,-1.0,17.2,93.0,-1.0,1.3,57.0,-1.0,-1.0,UQ,2012-10-20 03:00:00,460,41.61991,2.44532
-1.0,-1.0,18.6,97.0,-1.0,0.7,302.0,-1.0,-1.0,US,2012-10-20 03:00:00,24,40.55786,0.52329
2.3,296.0,19.1,96.0,1010.1,-1.0,-1.0,-1.0,-1.0,UU,2012-10-20 03:00:00,3,40.70776,0.6321
-1.0,-1.0,18.7,93.0,1010.5,2.2,328.0,-1.0,-1.0,UW,2012-10-20 03:00:00,0,40.62725,0.65922
-1.0,-1.0,17.8,100.0,-1.0,0.2,72.0,-1.0,-1.0,UX,2012-10-20 03:00:00,210,40.62652,0.37112
-1.0,-1.0,17.0,83.0,-1.0,0.7,99.0,1.7,109.0,UY,2012-10-20 03:00:00,576,41.87912,0.76103
-1.0,-1.0,19.7,100.0,-1.0,0.8,121.0,-1.0,-1.0,U1,2012-10-20 03:00:00,31,42.30648,2.95481
2.6,144.0,19.8,100.0,1013.1,-1.0,-1.0,-1.0,-1.0,U2,2012-10-20 03:00:00,4,42.17716,3.0968
-1.0,-1.0,17.8,91.0,-1.0,0.8,319.0,-1.0,-1.0,U3,2012-10-20 03:00:00,257,41.37491,1.63032
1.9,27.0,17.4,80.0,-1.0,1.1,47.0,-1.0,-1.0,U4,2012-10-20 03:00:00,507,41.83094,1.84699
-1.0,-1.0,13.9,92.0,-1.0,0.6,58.0,-1.0,-1.0,U5,2012-10-20 03:00:00,969,41.31349,0.99611
-1.0,-1.0,18.7,92.0,-1.0,1.0,332.0,-1.0,-1.0,U6,2012-10-20 03:00:00,29,41.08017,1.06661
-1.0,-1.0,18.9,94.0,-1.0,0.7,1.0,-1.0,-1.0,U7,2012-10-20 03:00:00,52,40.85936,0.50525
-1.0,-1.0,18.7,93.0,-1.0,0.5,310.0,-1.0,-1.0,U9,2012-10-20 03:00:00,62,40.76947,0.61635
-1.0,-1.0,17.4,93.0,-1.0,0.4,238.0,-1.0,-1.0,VA,2012-10-20 03:00:00,257,41.19645,0.51161
1.2,13.0,18.6,95.0,-1.0,-1.0,-1.0,-1.0,-1.0,VB,2012-10-20 03:00:00,32,41.06289,0.63517
-1.0,-1.0,18.5,92.0,-1.0,0.5,98.0,-1.0,-1.0,VC,2012-10-20 03:00:00,69,41.24415,0.43266
-1.0,-1.0,17.1,79.0,-1.0,0.2,148.0,-1.0,-1.0,VD,2012-10-20 03:00:00,429,41.68939,1.20381
-1.0,-1.0,17.8,95.0,-1.0,0.5,31.0,-1.0,-1.0,VE,2012-10-20 03:00:00,97,41.48692,0.46058
-1.0,-1.0,17.5,92.0,-1.0,0.1,48.0,-1.0,-1.0,VF,2012-10-20 03:00:00,122,41.56482,0.54999
-1.0,-1.0,17.0,93.0,-1.0,0.6,83.0,-1.0,-1.0,VH,2012-10-20 03:00:00,259,41.65814,0.39301
-1.0,-1.0,17.6,89.0,-1.0,0.4,34.0,-1.0,-1.0,VJ,2012-10-20 03:00:00,161,41.59957,0.6478
2.1,90.0,17.1,93.0,978.6,-1.0,-1.0,-1.0,-1.0,VK,2012-10-20 03:00:00,286,41.68328,0.4487
-1.0,-1.0,17.7,85.0,-1.0,0.0,71.0,-1.0,-1.0,VM,2012-10-20 03:00:00,222,41.7145,0.62839
-1.0,-1.0,19.3,94.0,-1.0,-1.0,-1.0,-1.0,-1.0,VN,2012-10-20 03:00:00,117,41.88244,2.74262
-1.0,-1.0,17.6,67.0,-1.0,1.7,65.0,-1.0,-1.0,VO,2012-10-20 03:00:00,785,42.08745,1.42792
-1.0,-1.0,15.5,90.0,-1.0,2.0,94.0,3.7,93.0,VP,2012-10-20 03:00:00,659,41.80483,1.53853
2.4,346.0,17.6,100.0,997.6,-1.0,-1.0,-1.0,-1.0,VQ,2012-10-20 03:00:00,112,41.1713,1.16774
-1.0,-1.0,17.8,86.0,-1.0,0.1,84.0,-1.0,-1.0,VR,2012-10-20 03:00:00,291,41.68994,1.04401
8.2,177.0,6.6,99.0,773.8,-1.0,-1.0,-1.0,-1.0,VS,2012-10-20 03:00:00,2247,42.63835,0.77889
-1.0,-1.0,18.2,93.0,-1.0,0.4,107.0,-1.0,-1.0,VT,2012-10-20 03:00:00,84,41.48401,2.12745
-1.0,-1.0,15.0,90.0,-1.0,0.4,293.0,-1.0,-1.0,VU,2012-10-20 03:00:00,421,41.63286,1.91718
0.6,29.0,13.8,100.0,-1.0,-1.0,-1.0,-1.0,-1.0,VV,2012-10-20 03:00:00,528,41.68129,2.02647
-1.0,-1.0,15.1,81.0,-1.0,3.3,106.0,-1.0,-1.0,VX,2012-10-20 03:00:00,1030,41.74761,2.30291
-1.0,-1.0,17.3,86.0,-1.0,-1.0,-1.0,-1.0,-1.0,VY,2012-10-20 03:00:00,240,41.25095,1.29863
-1.0,-1.0,20.3,97.0,-1.0,-1.0,-1.0,-1.0,-1.0,VZ,2012-10-20 03:00:00,83,42.38443,3.00736
-1.0,-1.0,18.4,82.0,-1.0,0.3,68.0,-1.0,-1.0,V1,2012-10-20 03:00:00,238,41.78487,0.82939
-1.0,-1.0,16.2,95.0,-1.0,0.6,335.0,-1.0,-1.0,V3,2012-10-20 03:00:00,509,41.95224,2.23271
-1.0,-1.0,15.2,90.0,936.4,-1.0,-1.0,0.7,3.0,V4,2012-10-20 03:00:00,684,42.11477,2.21483
-1.0,-1.0,15.9,84.0,-1.0,2.9,74.0,3.5,73.0,V5,2012-10-20 03:00:00,774,42.03947,2.11993
-1.0,-1.0,17.7,84.0,-1.0,0.1,84.0,-1.0,-1.0,V8,2012-10-20 03:00:00,223,41.67279,0.87741
-1.0,-1.0,16.7,86.0,-1.0,0.5,39.0,-1.0,-1.0,WA,2012-10-20 03:00:00,443,41.87694,1.1541
-1.0,-1.0,17.5,89.0,-1.0,0.8,110.0,-1.0,-1.0,WB,2012-10-20 03:00:00,267,41.76036,0.67022
-1.0,-1.0,17.1,86.0,-1.0,0.5,71.0,-1.0,-1.0,WC,2012-10-20 03:00:00,261,41.63642,0.92446
-1.0,-1.0,16.8,100.0,-1.0,0.5,127.0,-1.0,-1.0,WD,2012-10-20 03:00:00,382,41.08671,0.31884
-1.0,-1.0,16.1,93.0,-1.0,0.0,333.0,-1.0,-1.0,WE,2012-10-20 03:00:00,126,41.5444,2.30014
-1.0,-1.0,19.2,94.0,-1.0,-1.0,-1.0,-1.0,-1.0,WF,2012-10-20 03:00:00,108,41.95425,2.77578
-1.0,-1.0,17.3,89.0,-1.0,0.5,57.0,-1.0,-1.0,WG,2012-10-20 03:00:00,301,41.80104,0.64804
-1.0,-1.0,16.7,94.0,-1.0,0.9,157.0,-1.0,-1.0,WI,2012-10-20 03:00:00,350,41.35741,0.4809
-1.0,-1.0,18.1,100.0,-1.0,0.8,63.0,-1.0,-1.0,WJ,2012-10-20 03:00:00,141,41.1223,0.72182
-1.0,-1.0,17.2,89.0,-1.0,0.1,320.0,-1.0,-1.0,WK,2012-10-20 03:00:00,268,41.81949,0.57768
-1.0,-1.0,18.2,80.0,-1.0,1.8,110.0,-1.0,-1.0,WL,2012-10-20 03:00:00,413,41.57236,1.0882
2.6,57.0,14.3,79.0,-1.0,-1.0,-1.0,-1.0,-1.0,WM,2012-10-20 03:00:00,1167,42.10736,1.8267
-1.0,-1.0,15.2,91.0,-1.0,-1.0,-1.0,3.1,112.0,WN,2012-10-20 03:00:00,916,41.59539,1.83751
-1.0,-1.0,19.2,84.0,-1.0,-1.0,-1.0,-1.0,-1.0,WO,2012-10-20 03:00:00,185,41.27151,1.46717
-1.0,-1.0,17.2,98.0,-1.0,0.3,359.0,-1.0,-1.0,WP,2012-10-20 03:00:00,325,41.48518,1.69337
10.0,168.0,10.4,99.0,840.6,-1.0,-1.0,-1.0,-1.0,WQ,2012-10-20 03:00:00,1572,42.0513,0.72952
-1.0,-1.0,17.0,98.0,-1.0,0.2,333.0,-1.0,-1.0,WR,2012-10-20 03:00:00,300,41.2163,0.79748
1.7,120.0,14.7,95.0,906.2,-1.0,-1.0,-1.0,-1.0,WS,2012-10-20 03:00:00,953,41.84008,2.41877
3.9,348.0,20.2,98.0,1012.7,-1.0,-1.0,-1.0,-1.0,WT,2012-10-20 03:00:00,2,41.64707,2.75658
-1.0,-1.0,20.9,86.0,1007.1,-1.0,-1.0,4.3,51.0,WU,2012-10-20 03:00:00,42,41.45215,2.24757
0.6,323.0,14.1,99.0,925.7,-1.0,-1.0,-1.0,-1.0,WV,2012-10-20 03:00:00,788,42.23414,1.87485
-1.0,-1.0,17.5,90.0,-1.0,-1.0,-1.0,-1.0,-1.0,WW,2012-10-20 03:00:00,278,41.79423,1.9368
-1.0,-1.0,16.3,82.0,-1.0,1.8,108.0,-1.0,-1.0,WX,2012-10-20 03:00:00,668,41.9178,0.88175
-1.0,-1.0,18.6,94.0,-1.0,1.2,63.0,-1.0,-1.0,WY,2012-10-20 03:00:00,164,41.43386,1.79429
2.5,16.0,20.6,84.0,1009.1,-1.0,-1.0,-1.0,-1.0,WZ,2012-10-20 03:00:00,17,41.20187,1.63346
-1.0,-1.0,19.8,94.0,-1.0,-1.0,-1.0,-1.0,-1.0,W1,2012-10-20 03:00:00,2,42.24726,3.09021
-1.0,-1.0,20.0,100.0,-1.0,-1.0,-1.0,-1.0,-1.0,W2,2012-10-20 03:00:00,7,42.18259,3.05783
-1.0,-1.0,20.5,92.0,-1.0,-1.0,-1.0,-1.0,-1.0,W3,2012-10-20 03:00:00,4,42.15006,3.06494
-1.0,-1.0,17.9,93.0,-1.0,2.5,27.0,-1.0,-1.0,W4,2012-10-20 03:00:00,240,41.36619,1.72857
-1.0,-1.0,16.0,96.0,-1.0,0.8,124.0,-1.0,-1.0,W5,2012-10-20 03:00:00,490,42.07683,1.31489
-1.0,-1.0,17.5,92.0,-1.0,0.6,344.0,-1.0,-1.0,W6,2012-10-20 03:00:00,158,41.13738,1.0187
-1.0,-1.0,16.7,88.0,-1.0,-1.0,-1.0,-1.0,-1.0,W8,2012-10-20 03:00:00,438,41.44237,1.15998
-1.0,-1.0,16.0,97.0,-1.0,0.3,229.0,-1.0,-1.0,W9,2012-10-20 03:00:00,461,42.14557,2.45451
3.7,92.0,14.7,93.0,924.0,-1.0,-1.0,-1.0,-1.0,XA,2012-10-20 03:00:00,785,41.60257,1.4007
-1.0,-1.0,16.0,93.0,-1.0,-1.0,-1.0,-1.0,-1.0,XB,2012-10-20 03:00:00,584,41.4779,1.53529
2.3,114.0,18.6,94.0,995.4,-1.0,-1.0,-1.0,-1.0,XC,2012-10-20 03:00:00,147,41.47892,1.97546
1.5,91.0,15.7,84.0,933.9,-1.0,-1.0,-1.0,-1.0,XD,2012-10-20 03:00:00,687,41.32,0.8857
1.8,348.0,19.3,89.0,1010.2,-1.0,-1.0,-1.0,-1.0,XE,2012-10-20 03:00:00,5,41.10393,1.201
3.0,48.0,18.2,89.0,982.2,-1.0,-1.0,-1.0,-1.0,XF,2012-10-20 03:00:00,258,41.56568,2.06952
2.7,65.0,19.7,84.0,998.4,-1.0,-1.0,-1.0,-1.0,XG,2012-10-20 03:00:00,123,41.56734,2.22619
-1.0,-1.0,13.9,100.0,936.2,-1.0,-1.0,-1.0,-1.0,XH,2012-10-20 03:00:00,679,42.40533,1.12993
-1.0,-1.0,17.9,84.0,983.4,0.3,102.0,-1.0,-1.0,XI,2012-10-20 03:00:00,247,41.61817,0.87182
0.8,357.0,19.5,100.0,1004.7,-1.0,-1.0,-1.0,-1.0,XJ,2012-10-20 03:00:00,72,41.98223,2.80686
6.0,110.0,10.3,95.0,-1.0,-1.0,-1.0,-1.0,-1.0,XK,2012-10-20 03:00:00,1668,41.77362,2.43774
4.3,72.0,20.9,91.0,-1.0,-1.0,-1.0,-1.0,-1.0,XL,2012-10-20 03:00:00,8,41.34045,2.08022
-1.0,-1.0,17.3,88.0,-1.0,0.3,39.0,-1.0,-1.0,XM,2012-10-20 03:00:00,235,41.59522,0.73507
-1.0,-1.0,17.5,98.0,-1.0,0.6,40.0,-1.0,-1.0,XN,2012-10-20 03:00:00,89,41.46379,0.42765
-1.0,-1.0,15.5,100.0,-1.0,-1.0,-1.0,-1.0,-1.0,XO,2012-10-20 03:00:00,499,41.93497,2.23987
-1.0,-1.0,17.0,96.0,-1.0,1.2,81.0,-1.0,-1.0,XP,2012-10-20 03:00:00,349,41.06581,0.43006
0.5,161.0,15.0,93.0,934.2,-1.0,-1.0,-1.0,-1.0,XT,2012-10-20 03:00:00,691,41.98766,1.51165
1.7,15.0,16.7,98.0,970.5,-1.0,-1.0,-1.0,-1.0,X1,2012-10-20 03:00:00,359,41.15374,0.81953
-1.0,-1.0,21.2,90.0,-1.0,-1.0,-1.0,-1.0,-1.0,X2,2012-10-20 03:00:00,7,41.38943,2.18847
4.4,92.0,17.1,87.0,969.0,-1.0,-1.0,-1.0,-1.0,X3,2012-10-20 03:00:00,370,41.74281,0.5358
3.7,67.0,21.2,89.0,1007.9,-1.0,-1.0,-1.0,-1.0,X4,2012-10-20 03:00:00,33,41.3839,2.16775
1.6,346.0,11.9,95.0,893.3,-1.0,-1.0,-1.0,-1.0,X5,2012-10-20 03:00:00,1055,40.79705,0.31822
-1.0,-1.0,17.4,83.0,-1.0,0.6,118.0,-1.0,-1.0,X6,2012-10-20 03:00:00,366,41.92173,1.02901
-1.0,-1.0,17.8,83.0,-1.0,1.1,61.0,-1.0,-1.0,X7,2012-10-20 03:00:00,215,41.51909,0.55314
3.7,75.0,20.1,86.0,1002.4,-1.0,-1.0,-1.0,-1.0,X8,2012-10-20 03:00:00,79,41.37919,2.1054
1.3,46.0,18.0,87.0,992.3,-1.0,-1.0,-1.0,-1.0,X9,2012-10-20 03:00:00,176,41.61265,2.16836
5.2,301.0,5.6,97.0,-1.0,-1.0,-1.0,-1.0,-1.0,ZB,2012-10-20 03:00:00,2451,42.51939,1.36597
6.4,90.0,5.7,99.0,-1.0,-1.0,-1.0,-1.0,-1.0,ZC,2012-10-20 03:00:00,2410,42.42117,2.24565
-1.0,-1.0,7.6,86.0,-1.0,-1.0,-1.0,5.8,93.0,Z1,2012-10-20 03:00:00,2266,42.64691,0.98486
-1.0,-1.0,4.9,98.0,-1.0,-1.0,-1.0,4.5,4.0,Z2,2012-10-20 03:00:00,2535,42.46602,0.88405
-1.0,-1.0,6.7,97.0,-1.0,-1.0,-1.0,1.7,199.0,Z3,2012-10-20 03:00:00,2230,42.46605,1.7785
-1.0,-1.0,5.7,100.0,-1.0,-1.0,-1.0,3.2,174.0,Z5,2012-10-20 03:00:00,2400,42.70029,1.27201
-1.0,-1.0,6.8,99.0,-1.0,-1.0,-1.0,3.1,16.0,Z6,2012-10-20 03:00:00,2228,42.77011,0.73198
5.1,246.0,5.2,98.0,-1.0,-1.0,-1.0,-1.0,-1.0,Z7,2012-10-20 03:00:00,2519,42.53412,1.05476
-1.0,-1.0,6.6,100.0,-1.0,-1.0,-1.0,8.3,131.0,Z8,2012-10-20 03:00:00,2316,42.18254,1.52407
8.1,99.0,7.4,97.0,-1.0,-1.0,-1.0,-1.0,-1.0,Z9,2012-10-20 03:00:00,2143,42.29265,1.71498
0.7,221.0,15.1,94.0,941.7,-1.0,-1.0,-1.0,-1.0,CC,2012-10-20 03:30:00,626,42.07398,2.20862
0.6,355.0,13.6,95.0,917.0,-1.0,-1.0,-1.0,-1.0,CD,2012-10-20 03:30:00,849,42.37083,1.43277
1.6,105.0,17.3,96.0,975.6,-1.0,-1.0,-1.0,-1.0,CE,2012-10-20 03:30:00,316,41.53109,1.80813
1.0,217.0,11.5,99.0,859.7,-1.0,-1.0,-1.0,-1.0,CG,2012-10-20 03:30:00,1405,42.37717,2.41456
0.5,76.0,13.3,94.0,917.7,-1.0,-1.0,-1.0,-1.0,CI,2012-10-20 03:30:00,852,42.25839,2.36429
2.5,10.0,15.5,95.0,948.8,-1.0,-1.0,-1.0,-1.0,CJ,2012-10-20 03:30:00,566.5,42.21624,1.33132
0.3,218.0,16.4,99.0,972.2,-1.0,-1.0,-1.0,-1.0,CL,2012-10-20 03:30:00,349,41.67399,1.76796
1.7,188.0,17.3,74.0,934.5,-1.0,-1.0,-1.0,-1.0,CP,2012-10-20 03:30:00,690,42.13924,1.03893
0.5,340.0,16.0,88.0,944.7,-1.0,-1.0,-1.0,-1.0,CQ,2012-10-20 03:30:00,594,41.99546,1.02569
4.6,59.0,15.0,89.0,915.3,-1.0,-1.0,-1.0,-1.0,CR,2012-10-20 03:30:00,873,42.08032,1.9624
0.3,346.0,13.5,100.0,919.1,-1.0,-1.0,-1.0,-1.0,CT,2012-10-20 03:30:00,823,42.39811,0.74362
1.3,38.0,10.0,94.0,897.8,-1.0,-1.0,-1.0,-1.0,CU,2012-10-20 03:30:00,1002,42.69856,0.79397
1.0,23.0,16.7,86.0,953.2,-1.0,-1.0,-1.0,-1.0,CV,2012-10-20 03:30:00,513.3,42.23939,0.96434
1.6,65.0,16.6,85.0,960.1,-1.0,-1.0,-1.0,-1.0,CW,2012-10-20 03:30:00,446,41.39241,1.09894
2.0,70.0,13.9,100.0,921.3,-1.0,-1.0,-1.0,-1.0,CY,2012-10-20 03:30:00,816,41.87813,2.17873
2.3,66.0,17.7,92.0,981.0,-1.0,-1.0,-1.0,-1.0,C6,2012-10-20 03:30:00,264,41.6566,0.95172
1.3,68.0,17.5,91.0,962.8,-1.0,-1.0,-1.0,-1.0,C7,2012-10-20 03:30:00,427,41.66695,1.16234
2.8,86.0,17.2,80.0,948.4,-1.0,-1.0,-1.0,-1.0,C8,2012-10-20 03:30:00,554,41.67555,1.29609
1.3,313.0,17.7,97.0,983.1,-1.0,-1.0,-1.0,-1.0,C9,2012-10-20 03:30:00,240,40.71825,0.39988
2.5,359.0,17.8,100.0,989.4,-1.0,-1.0,-1.0,-1.0,DB,2012-10-20 03:30:00,179,40.87287,0.71581
0.7,221.0,16.3,97.0,964.8,-1.0,-1.0,-1.0,-1.0,DC,2012-10-20 03:30:00,421.5,42.19144,2.48263
3.3,35.0,20.0,86.0,1007.0,-1.0,-1.0,-1.0,-1.0,DD,2012-10-20 03:30:00,44.5,41.51175,2.38674
1.1,113.0,20.3,100.0,1009.9,-1.0,-1.0,-1.0,-1.0,DF,2012-10-20 03:30:00,28.6,41.97751,3.03543
2.2,299.0,8.2,97.0,803.2,-1.0,-1.0,-1.0,-1.0,DG,2012-10-20 03:30:00,1971.4,42.39848,2.15517
3.4,49.0,17.6,91.0,964.7,-1.0,-1.0,-1.0,-1.0,DI,2012-10-20 03:30:00,415,41.43292,1.62386
1.4,294.0,19.0,99.0,993.0,-1.0,-1.0,-1.0,-1.0,DJ,2012-10-20 03:30:00,176,42.11653,2.78969
3.2,32.0,20.9,83.0,1010.5,-1.0,-1.0,-1.0,-1.0,DK,2012-10-20 03:30:00,2,41.14677,1.41846
2.0,358.0,20.3,96.0,1009.9,-1.0,-1.0,-1.0,-1.0,DL,2012-10-20 03:30:00,0.5,40.70719,0.83449
0.9,255.0,18.1,94.0,995.9,-1.0,-1.0,-1.0,-1.0,DN,2012-10-20 03:30:00,150,41.96095,2.63108
2.7,80.0,19.9,95.0,1011.4,-1.0,-1.0,-1.0,-1.0,DO,2012-10-20 03:30:00,14,41.80857,3.03241
1.1,250.0,13.0,89.0,891.0,-1.0,-1.0,-1.0,-1.0,DP,2012-10-20 03:30:00,1097,42.38605,1.8664
1.3,351.0,18.3,78.0,978.4,-1.0,-1.0,-1.0,-1.0,DQ,2012-10-20 03:30:00,287,41.30728,1.36259
-1.0,-1.0,16.5,97.0,964.5,-1.0,-1.0,-1.0,-1.0,D1,2012-10-20 03:30:00,404,41.28521,0.75383
-1.0,-1.0,16.2,98.0,972.6,-1.0,-1.0,-1.0,-1.0,D2,2012-10-20 03:30:00,343,41.59252,1.915
0.4,25.0,17.9,98.0,982.8,-1.0,-1.0,-1.0,-1.0,D3,2012-10-20 03:30:00,252,41.38197,1.93564
3.4,112.0,20.3,96.0,1010.3,-1.0,-1.0,-1.0,-1.0,D4,2012-10-20 03:30:00,24,42.27065,3.18165
7.4,61.0,17.9,93.0,964.9,-1.0,-1.0,-1.0,-1.0,D5,2012-10-20 03:30:00,411.2,41.41843,2.12388
8.5,163.0,18.7,99.0,990.5,-1.0,-1.0,-1.0,-1.0,D6,2012-10-20 03:30:00,196,42.43515,3.16622
0.5,276.0,18.5,94.0,1004.9,-1.0,-1.0,-1.0,-1.0,D7,2012-10-20 03:30:00,53,41.18499,0.59376
2.1,44.0,16.4,90.0,951.6,-1.0,-1.0,-1.0,-1.0,D8,2012-10-20 03:30:00,515,40.95134,0.30565
2.9,41.0,19.8,89.0,1004.6,-1.0,-1.0,-1.0,-1.0,D9,2012-10-20 03:30:00,59,41.21553,1.52121
1.8,69.0,17.7,90.0,973.8,-1.0,-1.0,-1.0,-1.0,H1,2012-10-20 03:30:00,333,41.58642,1.65306
0.9,126.0,16.5,94.0,987.8,-1.0,-1.0,-1.0,-1.0,R1,2012-10-20 03:30:00,210,41.70637,1.87276
2.8,25.0,17.8,100.0,997.4,-1.0,-1.0,-1.0,-1.0,VQ,2012-10-20 03:30:00,112,41.1713,1.16774
7.7,174.0,6.6,99.0,773.8,-1.0,-1.0,-1.0,-1.0,VS,2012-10-20 03:30:00,2247,42.63835,0.77889
-1.0,-1.0,20.9,85.0,1007.2,-1.0,-1.0,2.9,45.0,WU,2012-10-20 03:30:00,42,41.45215,2.24757
1.9,23.0,20.5,84.0,1009.3,-1.0,-1.0,-1.0,-1.0,WZ,2012-10-20 03:30:00,17,41.20187,1.63346
3.2,103.0,14.7,93.0,924.1,-1.0,-1.0,-1.0,-1.0,XA,2012-10-20 03:30:00,785,41.60257,1.4007
1.1,190.0,18.4,95.0,995.7,-1.0,-1.0,-1.0,-1.0,XC,2012-10-20 03:30:00,147,41.47892,1.97546
1.9,79.0,15.5,84.0,933.4,-1.0,-1.0,-1.0,-1.0,XD,2012-10-20 03:30:00,687,41.32,0.8857
2.1,41.0,19.0,90.0,1010.0,-1.0,-1.0,-1.0,-1.0,XE,2012-10-20 03:30:00,5,41.10393,1.201
2.8,65.0,18.4,89.0,982.4,-1.0,-1.0,-1.0,-1.0,XF,2012-10-20 03:30:00,258,41.56568,2.06952
3.5,63.0,19.8,84.0,998.6,-1.0,-1.0,-1.0,-1.0,XG,2012-10-20 03:30:00,123,41.56734,2.22619
-1.0,-1.0,13.7,100.0,936.1,-1.0,-1.0,-1.0,-1.0,XH,2012-10-20 03:30:00,679,42.40533,1.12993
0.5,313.0,19.5,100.0,1004.8,-1.0,-1.0,-1.0,-1.0,XJ,2012-10-20 03:30:00,72,41.98223,2.80686
6.6,101.0,10.3,97.0,-1.0,-1.0,-1.0,-1.0,-1.0,XK,2012-10-20 03:30:00,1668,41.77362,2.43774
4.9,69.0,21.1,92.0,-1.0,-1.0,-1.0,-1.0,-1.0,XL,2012-10-20 03:30:00,8,41.34045,2.08022
-1.0,-1.0,15.5,100.0,-1.0,-1.0,-1.0,-1.0,-1.0,XO,2012-10-20 03:30:00,499,41.93497,2.23987
-1.0,-1.0,16.7,97.0,-1.0,0.7,69.0,-1.0,-1.0,XP,2012-10-20 03:30:00,349,41.06581,0.43006
0.6,238.0,15.1,92.0,934.2,-1.0,-1.0,-1.0,-1.0,XT,2012-10-20 03:30:00,691,41.98766,1.51165
4.2,69.0,20.1,89.0,1002.4,-1.0,-1.0,-1.0,-1.0,X8,2012-10-20 03:30:00,79,41.37919,2.1054
4.9,0.0,5.6,97.0,-1.0,-1.0,-1.0,-1.0,-1.0,ZB,2012-10-20 03:30:00,2451,42.51939,1.36597
4.1,118.0,5.6,99.0,-1.0,-1.0,-1.0,-1.0,-1.0,ZC,2012-10-20 03:30:00,2410,42.42117,2.24565
-1.0,-1.0,7.6,89.0,-1.0,-1.0,-1.0,6.0,81.0,Z1,2012-10-20 03:30:00,2266,42.64691,0.98486
-1.0,-1.0,5.0,98.0,-1.0,-1.0,-1.0,3.2,343.0,Z2,2012-10-20 03:30:00,2535,42.46602,0.88405
-1.0,-1.0,6.7,97.0,-1.0,-1.0,-1.0,2.1,209.0,Z3,2012-10-20 03:30:00,2230,42.46605,1.7785
-1.0,-1.0,5.8,100.0,-1.0,-1.0,-1.0,3.9,178.0,Z5,2012-10-20 03:30:00,2400,42.70029,1.27201
-1.0,-1.0,7.3,96.0,-1.0,-1.0,-1.0,4.4,60.0,Z6,2012-10-20 03:30:00,2228,42.77011,0.73198
5.2,251.0,5.3,98.0,-1.0,-1.0,-1.0,-1.0,-1.0,Z7,2012-10-20 03:30:00,2519,42.53412,1.05476
-1.0,-1.0,6.5,100.0,-1.0,-1.0,-1.0,8.8,128.0,Z8,2012-10-20 03:30:00,2316,42.18254,1.52407
9.0,101.0,7.4,97.0,-1.0,-1.0,-1.0,-1.0,-1.0,Z9,2012-10-20 03:30:00,2143,42.29265,1.71498
0.8,238.0,15.0,94.0,941.7,-1.0,-1.0,-1.0,-1.0,CC,2012-10-20 04:00:00,626,42.07398,2.20862
0.6,275.0,13.6,95.0,917.0,-1.0,-1.0,-1.0,-1.0,CD,2012-10-20 04:00:00,849,42.37083,1.43277
1.9,89.0,17.3,96.0,975.7,-1.0,-1.0,-1.0,-1.0,CE,2012-10-20 04:00:00,316,41.53109,1.80813
1.5,190.0,11.5,100.0,859.8,-1.0,-1.0,-1.0,-1.0,CG,2012-10-20 04:00:00,1405,42.37717,2.41456
0.7,108.0,13.4,93.0,917.8,-1.0,-1.0,-1.0,-1.0,CI,2012-10-20 04:00:00,852,42.25839,2.36429
1.7,3.0,15.4,96.0,948.8,-1.0,-1.0,-1.0,-1.0,CJ,2012-10-20 04:00:00,566.5,42.21624,1.33132
0.6,162.0,16.1,99.0,972.2,-1.0,-1.0,-1.0,-1.0,CL,2012-10-20 04:00:00,349,41.67399,1.76796
2.3,193.0,16.9,77.0,934.6,-1.0,-1.0,-1.0,-1.0,CP,2012-10-20 04:00:00,690,42.13924,1.03893
1.1,7.0,15.6,92.0,944.8,-1.0,-1.0,-1.0,-1.0,CQ,2012-10-20 04:00:00,594,41.99546,1.02569
4.3,58.0,15.0,89.0,915.4,-1.0,-1.0,-1.0,-1.0,CR,2012-10-20 04:00:00,873,42.08032,1.9624
0.6,20.0,13.4,100.0,919.2,-1.0,-1.0,-1.0,-1.0,CT,2012-10-20 04:00:00,823,42.39811,0.74362
0.7,46.0,10.1,94.0,898.2,-1.0,-1.0,-1.0,-1.0,CU,2012-10-20 04:00:00,1002,42.69856,0.79397
0.6,26.0,16.4,88.0,953.3,-1.0,-1.0,-1.0,-1.0,CV,2012-10-20 04:00:00,513.3,42.23939,0.96434
1.6,81.0,16.5,85.0,960.1,-1.0,-1.0,-1.0,-1.0,CW,2012-10-20 04:00:00,446,41.39241,1.09894
2.4,67.0,14.2,100.0,921.3,-1.0,-1.0,-1.0,-1.0,CY,2012-10-20 04:00:00,816,41.87813,2.17873
2.4,54.0,17.6,92.0,980.7,-1.0,-1.0,-1.0,-1.0,C6,2012-10-20 04:00:00,264,41.6566,0.95172
2.7,47.0,17.2,93.0,962.6,-1.0,-1.0,-1.0,-1.0,C7,2012-10-20 04:00:00,427,41.66695,1.16234
2.4,89.0,17.2,80.0,948.2,-1.0,-1.0,-1.0,-1.0,C8,2012-10-20 04:00:00,554,41.67555,1.29609
1.7,260.0,17.7,98.0,983.3,-1.0,-1.0,-1.0,-1.0,C9,2012-10-20 04:00:00,240,40.71825,0.39988
2.4,356.0,17.9,100.0,989.7,-1.0,-1.0,-1.0,-1.0,DB,2012-10-20 04:00:00,179,40.87287,0.71581
0.1,243.0,16.0,98.0,965.1,-1.0,-1.0,-1.0,-1.0,DC,2012-10-20 04:00:00,421.5,42.19144,2.48263
3.5,43.0,20.5,84.0,1007.1,-1.0,-1.0,-1.0,-1.0,DD,2012-10-20 04:00:00,44.5,41.51175,2.38674
1.5,123.0,20.5,100.0,1010.0,-1.0,-1.0,-1.0,-1.0,DF,2012-10-20 04:00:00,28.6,41.97751,3.03543
1.9,286.0,8.3,97.0,803.3,-1.0,-1.0,-1.0,-1.0,DG,2012-10-20 04:00:00,1971.4,42.39848,2.15517
3.3,48.0,17.5,92.0,964.6,-1.0,-1.0,-1.0,-1.0,DI,2012-10-20 04:00:00,415,41.43292,1.62386
1.3,340.0,19.0,97.0,993.0,-1.0,-1.0,-1.0,-1.0,DJ,2012-10-20 04:00:00,176,42.11653,2.78969
4.9,25.0,20.9,83.0,1010.4,-1.0,-1.0,-1.0,-1.0,DK,2012-10-20 04:00:00,2,41.14677,1.41846
1.3,351.0,20.5,95.0,1010.2,-1.0,-1.0,-1.0,-1.0,DL,2012-10-20 04:00:00,0.5,40.70719,0.83449
0.8,272.0,18.1,93.0,995.9,-1.0,-1.0,-1.0,-1.0,DN,2012-10-20 04:00:00,150,41.96095,2.63108
2.6,73.0,19.8,95.0,1011.5,-1.0,-1.0,-1.0,-1.0,DO,2012-10-20 04:00:00,14,41.80857,3.03241
1.5,333.0,12.7,91.0,891.0,-1.0,-1.0,-1.0,-1.0,DP,2012-10-20 04:00:00,1097,42.38605,1.8664
3.0,63.0,19.5,71.0,978.1,-1.0,-1.0,-1.0,-1.0,DQ,2012-10-20 04:00:00,287,41.30728,1.36259
-1.0,-1.0,16.3,97.0,964.4,-1.0,-1.0,-1.0,-1.0,D1,2012-10-20 04:00:00,404,41.28521,0.75383
-1.0,-1.0,15.9,98.0,972.6,-1.0,-1.0,-1.0,-1.0,D2,2012-10-20 04:00:00,343,41.59252,1.915
0.6,235.0,18.0,98.0,982.8,-1.0,-1.0,-1.0,-1.0,D3,2012-10-20 04:00:00,252,41.38197,1.93564
3.5,106.0,20.3,96.0,1010.4,-1.0,-1.0,-1.0,-1.0,D4,2012-10-20 04:00:00,24,42.27065,3.18165
7.1,58.0,17.8,94.0,965.0,-1.0,-1.0,-1.0,-1.0,D5,2012-10-20 04:00:00,411.2,41.41843,2.12388
7.9,171.0,18.5,99.0,990.7,-1.0,-1.0,-1.0,-1.0,D6,2012-10-20 04:00:00,196,42.43515,3.16622
0.7,81.0,18.3,95.0,1004.6,-1.0,-1.0,-1.0,-1.0,D7,2012-10-20 04:00:00,53,41.18499,0.59376
1.9,350.0,15.8,96.0,951.7,-1.0,-1.0,-1.0,-1.0,D8,2012-10-20 04:00:00,515,40.95134,0.30565
2.7,43.0,19.6,88.0,1004.4,-1.0,-1.0,-1.0,-1.0,D9,2012-10-20 04:00:00,59,41.21553,1.52121
1.1,237.0,17.1,95.0,973.8,-1.0,-1.0,-1.0,-1.0,H1,2012-10-20 04:00:00,333,41.58642,1.65306
0.5,135.0,16.4,94.0,987.8,-1.0,-1.0,-1.0,-1.0,R1,2012-10-20 04:00:00,210,41.70637,1.87276
-1.0,-1.0,18.8,96.0,-1.0,1.0,277.0,-1.0,-1.0,UA,2012-10-20 04:00:00,93,40.9091,0.76943
-1.0,-1.0,19.3,92.0,-1.0,2.3,116.0,-1.0,-1.0,UB,2012-10-20 04:00:00,15,42.05398,3.06195
-1.0,-1.0,19.5,94.0,-1.0,0.4,51.0,-1.0,-1.0,UC,2012-10-20 04:00:00,60,41.97726,2.99705
-1.0,-1.0,20.4,97.0,-1.0,-1.0,-1.0,-1.0,-1.0,UD,2012-10-20 04:00:00,12,42.02895,3.06227
-1.0,-1.0,19.9,96.0,-1.0,-1.0,-1.0,-1.0,-1.0,UE,2012-10-20 04:00:00,4,42.02306,3.15719
-1.0,-1.0,16.9,100.0,-1.0,3.1,75.0,-1.0,-1.0,UF,2012-10-20 04:00:00,573,41.28832,1.90775
-1.0,-1.0,21.3,92.0,-1.0,1.7,50.0,-1.0,-1.0,UG,2012-10-20 04:00:00,3,41.29928,2.03787
-1.0,-1.0,16.5,93.0,-1.0,1.2,37.0,1.2,45.0,UH,2012-10-20 04:00:00,545,41.34171,1.48769
-1.0,-1.0,11.4,99.0,-1.0,0.3,263.0,-1.0,-1.0,UI,2012-10-20 04:00:00,1386,42.26477,1.76218
-1.0,-1.0,15.2,90.0,-1.0,2.7,60.0,3.4,65.0,UJ,2012-10-20 04:00:00,709,41.52879,1.3683
-1.0,-1.0,20.3,84.0,-1.0,1.4,325.0,-1.0,-1.0,UK,2012-10-20 04:00:00,161,41.27861,1.80479
-1.0,-1.0,16.6,94.0,-1.0,0.1,186.0,-1.0,-1.0,UL,2012-10-20 04:00:00,228,41.52911,0.75303
-1.0,-1.0,15.8,95.0,-1.0,1.5,48.0,-1.0,-1.0,UM,2012-10-20 04:00:00,505,41.35991,0.66789
-1.0,-1.0,20.0,98.0,-1.0,0.9,91.0,-1.0,-1.0,UN,2012-10-20 04:00:00,171,41.87449,2.92694
-1.0,-1.0,19.3,96.0,-1.0,-1.0,-1.0,-1.0,-1.0,UO,2012-10-20 04:00:00,97,41.91461,2.82069
1.8,51.0,21.2,79.0,1002.8,-1.0,-1.0,-1.0,-1.0,UP,2012-10-20 04:00:00,81,41.51773,2.37702
-1.0,-1.0,17.3,93.0,-1.0,1.1,58.0,-1.0,-1.0,UQ,2012-10-20 04:00:00,460,41.61991,2.44532
-1.0,-1.0,18.6,98.0,-1.0,0.6,317.0,-1.0,-1.0,US,2012-10-20 04:00:00,24,40.55786,0.52329
2.5,286.0,19.1,95.0,1010.5,-1.0,-1.0,-1.0,-1.0,UU,2012-10-20 04:00:00,3,40.70776,0.6321
-1.0,-1.0,18.9,90.0,1010.9,2.1,339.0,-1.0,-1.0,UW,2012-10-20 04:00:00,0,40.62725,0.65922
-1.0,-1.0,17.8,100.0,-1.0,0.1,21.0,-1.0,-1.0,UX,2012-10-20 04:00:00,210,40.62652,0.37112
-1.0,-1.0,16.0,90.0,-1.0,0.6,70.0,1.3,72.0,UY,2012-10-20 04:00:00,576,41.87912,0.76103
-1.0,-1.0,19.6,100.0,-1.0,0.9,115.0,-1.0,-1.0,U1,2012-10-20 04:00:00,31,42.30648,2.95481
3.4,124.0,19.8,100.0,1013.2,-1.0,-1.0,-1.0,-1.0,U2,2012-10-20 04:00:00,4,42.17716,3.0968
-1.0,-1.0,17.8,91.0,-1.0,0.9,354.0,-1.0,-1.0,U3,2012-10-20 04:00:00,257,41.37491,1.63032
1.9,24.0,17.6,79.0,-1.0,1.1,43.0,-1.0,-1.0,U4,2012-10-20 04:00:00,507,41.83094,1.84699
-1.0,-1.0,13.9,93.0,-1.0,0.9,69.0,-1.0,-1.0,U5,2012-10-20 04:00:00,969,41.31349,0.99611
-1.0,-1.0,19.0,89.0,-1.0,1.3,21.0,-1.0,-1.0,U6,2012-10-20 04:00:00,29,41.08017,1.06661
-1.0,-1.0,18.8,95.0,-1.0,0.3,33.0,-1.0,-1.0,U7,2012-10-20 04:00:00,52,40.85936,0.50525
-1.0,-1.0,18.7,93.0,-1.0,0.2,293.0,-1.0,-1.0,U9,2012-10-20 04:00:00,62,40.76947,0.61635
-1.0,-1.0,17.4,95.0,-1.0,0.7,266.0,-1.0,-1.0,VA,2012-10-20 04:00:00,257,41.19645,0.51161
1.3,207.0,18.4,96.0,-1.0,-1.0,-1.0,-1.0,-1.0,VB,2012-10-20 04:00:00,32,41.06289,0.63517
-1.0,-1.0,18.2,93.0,-1.0,0.9,271.0,-1.0,-1.0,VC,2012-10-20 04:00:00,69,41.24415,0.43266
-1.0,-1.0,17.2,78.0,-1.0,0.7,66.0,-1.0,-1.0,VD,2012-10-20 04:00:00,429,41.68939,1.20381
-1.0,-1.0,17.5,95.0,-1.0,0.1,195.0,-1.0,-1.0,VE,2012-10-20 04:00:00,97,41.48692,0.46058
-1.0,-1.0,17.4,94.0,-1.0,0.1,56.0,-1.0,-1.0,VF,2012-10-20 04:00:00,122,41.56482,0.54999
-1.0,-1.0,16.9,94.0,-1.0,0.8,41.0,-1.0,-1.0,VH,2012-10-20 04:00:00,259,41.65814,0.39301
-1.0,-1.0,17.7,87.0,-1.0,1.2,24.0,-1.0,-1.0,VJ,2012-10-20 04:00:00,161,41.59957,0.6478
2.6,73.0,17.4,91.0,978.2,-1.0,-1.0,-1.0,-1.0,VK,2012-10-20 04:00:00,286,41.68328,0.4487
-1.0,-1.0,17.7,85.0,-1.0,0.3,51.0,-1.0,-1.0,VM,2012-10-20 04:00:00,222,41.7145,0.62839
-1.0,-1.0,18.7,94.0,-1.0,-1.0,-1.0,-1.0,-1.0,VN,2012-10-20 04:00:00,117,41.88244,2.74262
-1.0,-1.0,17.5,69.0,-1.0,1.6,78.0,-1.0,-1.0,VO,2012-10-20 04:00:00,785,42.08745,1.42792
-1.0,-1.0,15.6,88.0,-1.0,2.5,90.0,4.4,90.0,VP,2012-10-20 04:00:00,659,41.80483,1.53853
3.1,17.0,17.9,98.0,997.5,-1.0,-1.0,-1.0,-1.0,VQ,2012-10-20 04:00:00,112,41.1713,1.16774
-1.0,-1.0,17.1,88.0,-1.0,0.2,26.0,-1.0,-1.0,VR,2012-10-20 04:00:00,291,41.68994,1.04401
18.4,193.0,6.6,99.0,-1.0,-1.0,-1.0,-1.0,-1.0,VS,2012-10-20 04:00:00,2247,42.63835,0.77889
-1.0,-1.0,18.0,94.0,-1.0,0.3,132.0,-1.0,-1.0,VT,2012-10-20 04:00:00,84,41.48401,2.12745
-1.0,-1.0,14.7,90.0,-1.0,0.3,321.0,-1.0,-1.0,VU,2012-10-20 04:00:00,421,41.63286,1.91718
0.7,27.0,14.6,100.0,-1.0,-1.0,-1.0,-1.0,-1.0,VV,2012-10-20 04:00:00,528,41.68129,2.02647
-1.0,-1.0,15.2,80.0,-1.0,3.5,104.0,-1.0,-1.0,VX,2012-10-20 04:00:00,1030,41.74761,2.30291
-1.0,-1.0,18.5,81.0,-1.0,-1.0,-1.0,-1.0,-1.0,VY,2012-10-20 04:00:00,240,41.25095,1.29863
-1.0,-1.0,20.3,96.0,-1.0,-1.0,-1.0,-1.0,-1.0,VZ,2012-10-20 04:00:00,83,42.38443,3.00736
-1.0,-1.0,17.7,86.0,-1.0,1.1,18.0,-1.0,-1.0,V1,2012-10-20 04:00:00,238,41.78487,0.82939
-1.0,-1.0,16.7,91.0,-1.0,1.4,354.0,-1.0,-1.0,V3,2012-10-20 04:00:00,509,41.95224,2.23271
-1.0,-1.0,15.1,90.0,936.5,-1.0,-1.0,0.6,333.0,V4,2012-10-20 04:00:00,684,42.11477,2.21483
-1.0,-1.0,16.0,86.0,-1.0,3.8,78.0,4.3,76.0,V5,2012-10-20 04:00:00,774,42.03947,2.11993
-1.0,-1.0,16.7,88.0,-1.0,0.1,73.0,-1.0,-1.0,V8,2012-10-20 04:00:00,223,41.67279,0.87741
-1.0,-1.0,16.6,86.0,-1.0,0.7,33.0,-1.0,-1.0,WA,2012-10-20 04:00:00,443,41.87694,1.1541
-1.0,-1.0,17.0,92.0,-1.0,1.3,49.0,-1.0,-1.0,WB,2012-10-20 04:00:00,267,41.76036,0.67022
-1.0,-1.0,16.8,86.0,-1.0,0.7,79.0,-1.0,-1.0,WC,2012-10-20 04:00:00,261,41.63642,0.92446
-1.0,-1.0,16.4,100.0,-1.0,0.5,278.0,-1.0,-1.0,WD,2012-10-20 04:00:00,382,41.08671,0.31884
-1.0,-1.0,17.3,93.0,-1.0,0.8,91.0,-1.0,-1.0,WE,2012-10-20 04:00:00,126,41.5444,2.30014
-1.0,-1.0,19.1,93.0,-1.0,-1.0,-1.0,-1.0,-1.0,WF,2012-10-20 04:00:00,108,41.95425,2.77578
-1.0,-1.0,17.7,84.0,-1.0,2.0,58.0,-1.0,-1.0,WG,2012-10-20 04:00:00,301,41.80104,0.64804
-1.0,-1.0,16.5,94.0,-1.0,1.0,352.0,-1.0,-1.0,WI,2012-10-20 04:00:00,350,41.35741,0.4809
-1.0,-1.0,17.8,100.0,-1.0,1.2,4.0,-1.0,-1.0,WJ,2012-10-20 04:00:00,141,41.1223,0.72182
-1.0,-1.0,16.9,91.0,-1.0,0.3,14.0,-1.0,-1.0,WK,2012-10-20 04:00:00,268,41.81949,0.57768
-1.0,-1.0,17.7,82.0,-1.0,1.8,74.0,-1.0,-1.0,WL,2012-10-20 04:00:00,413,41.57236,1.0882
2.7,74.0,14.2,83.0,-1.0,-1.0,-1.0,-1.0,-1.0,WM,2012-10-20 04:00:00,1167,42.10736,1.8267
-1.0,-1.0,15.0,93.0,-1.0,-1.0,-1.0,4.3,114.0,WN,2012-10-20 04:00:00,916,41.59539,1.83751
-1.0,-1.0,19.6,81.0,-1.0,-1.0,-1.0,-1.0,-1.0,WO,2012-10-20 04:00:00,185,41.27151,1.46717
-1.0,-1.0,17.4,97.0,-1.0,0.7,58.0,-1.0,-1.0,WP,2012-10-20 04:00:00,325,41.48518,1.69337
10.5,154.0,10.5,99.0,840.7,-1.0,-1.0,-1.0,-1.0,WQ,2012-10-20 04:00:00,1572,42.0513,0.72952
-1.0,-1.0,16.7,97.0,-1.0,0.3,29.0,-1.0,-1.0,WR,2012-10-20 04:00:00,300,41.2163,0.79748
2.6,110.0,14.7,96.0,906.3,-1.0,-1.0,-1.0,-1.0,WS,2012-10-20 04:00:00,953,41.84008,2.41877
2.4,62.0,21.0,99.0,1013.0,-1.0,-1.0,-1.0,-1.0,WT,2012-10-20 04:00:00,2,41.64707,2.75658
-1.0,-1.0,21.4,81.0,1007.2,-1.0,-1.0,4.3,53.0,WU,2012-10-20 04:00:00,42,41.45215,2.24757
0.2,359.0,13.9,100.0,925.7,-1.0,-1.0,-1.0,-1.0,WV,2012-10-20 04:00:00,788,42.23414,1.87485
-1.0,-1.0,17.4,89.0,-1.0,-1.0,-1.0,-1.0,-1.0,WW,2012-10-20 04:00:00,278,41.79423,1.9368
-1.0,-1.0,16.3,81.0,-1.0,2.2,93.0,-1.0,-1.0,WX,2012-10-20 04:00:00,668,41.9178,0.88175
-1.0,-1.0,18.9,92.0,-1.0,1.5,64.0,-1.0,-1.0,WY,2012-10-20 04:00:00,164,41.43386,1.79429
2.1,34.0,20.6,84.0,1009.2,-1.0,-1.0,-1.0,-1.0,WZ,2012-10-20 04:00:00,17,41.20187,1.63346
-1.0,-1.0,19.7,93.0,-1.0,-1.0,-1.0,-1.0,-1.0,W1,2012-10-20 04:00:00,2,42.24726,3.09021
-1.0,-1.0,19.8,100.0,-1.0,-1.0,-1.0,-1.0,-1.0,W2,2012-10-20 04:00:00,7,42.18259,3.05783
-1.0,-1.0,20.3,92.0,-1.0,-1.0,-1.0,-1.0,-1.0,W3,2012-10-20 04:00:00,4,42.15006,3.06494
-1.0,-1.0,18.1,93.0,-1.0,2.3,29.0,-1.0,-1.0,W4,2012-10-20 04:00:00,240,41.36619,1.72857
-1.0,-1.0,15.9,97.0,-1.0,0.6,75.0,-1.0,-1.0,W5,2012-10-20 04:00:00,490,42.07683,1.31489
-1.0,-1.0,17.7,92.0,-1.0,0.5,21.0,-1.0,-1.0,W6,2012-10-20 04:00:00,158,41.13738,1.0187
-1.0,-1.0,17.6,85.0,-1.0,-1.0,-1.0,-1.0,-1.0,W8,2012-10-20 04:00:00,438,41.44237,1.15998
-1.0,-1.0,15.9,97.0,-1.0,0.2,286.0,-1.0,-1.0,W9,2012-10-20 04:00:00,461,42.14557,2.45451
4.1,95.0,14.7,93.0,923.8,-1.0,-1.0,-1.0,-1.0,XA,2012-10-20 04:00:00,785,41.60257,1.4007
-1.0,-1.0,16.3,91.0,-1.0,-1.0,-1.0,-1.0,-1.0,XB,2012-10-20 04:00:00,584,41.4779,1.53529
0.5,84.0,18.4,95.0,995.6,-1.0,-1.0,-1.0,-1.0,XC,2012-10-20 04:00:00,147,41.47892,1.97546
1.8,68.0,15.6,84.0,933.5,-1.0,-1.0,-1.0,-1.0,XD,2012-10-20 04:00:00,687,41.32,0.8857
1.7,31.0,19.2,87.0,1010.1,-1.0,-1.0,-1.0,-1.0,XE,2012-10-20 04:00:00,5,41.10393,1.201
3.0,63.0,18.2,92.0,982.4,-1.0,-1.0,-1.0,-1.0,XF,2012-10-20 04:00:00,258,41.56568,2.06952
3.7,59.0,19.8,83.0,998.5,-1.0,-1.0,-1.0,-1.0,XG,2012-10-20 04:00:00,123,41.56734,2.22619
-1.0,-1.0,13.6,100.0,936.1,-1.0,-1.0,-1.0,-1.0,XH,2012-10-20 04:00:00,679,42.40533,1.12993
-1.0,-1.0,17.7,85.0,983.0,0.9,85.0,-1.0,-1.0,XI,2012-10-20 04:00:00,247,41.61817,0.87182
0.6,343.0,19.3,100.0,1004.8,-1.0,-1.0,-1.0,-1.0,XJ,2012-10-20 04:00:00,72,41.98223,2.80686
7.3,94.0,10.2,100.0,-1.0,-1.0,-1.0,-1.0,-1.0,XK,2012-10-20 04:00:00,1668,41.77362,2.43774
4.6,68.0,21.2,91.0,-1.0,-1.0,-1.0,-1.0,-1.0,XL,2012-10-20 04:00:00,8,41.34045,2.08022
-1.0,-1.0,16.8,91.0,-1.0,0.8,25.0,-1.0,-1.0,XM,2012-10-20 04:00:00,235,41.59522,0.73507
-1.0,-1.0,17.3,98.0,-1.0,0.2,127.0,-1.0,-1.0,XN,2012-10-20 04:00:00,89,41.46379,0.42765
-1.0,-1.0,15.7,99.0,-1.0,-1.0,-1.0,-1.0,-1.0,XO,2012-10-20 04:00:00,499,41.93497,2.23987
-1.0,-1.0,16.6,98.0,-1.0,0.3,239.0,-1.0,-1.0,XP,2012-10-20 04:00:00,349,41.06581,0.43006
0.8,206.0,15.8,86.0,934.4,-1.0,-1.0,-1.0,-1.0,XT,2012-10-20 04:00:00,691,41.98766,1.51165
3.6,86.0,17.9,91.0,970.1,-1.0,-1.0,-1.0,-1.0,X1,2012-10-20 04:00:00,359,41.15374,0.81953
-1.0,-1.0,21.4,87.0,-1.0,-1.0,-1.0,-1.0,-1.0,X2,2012-10-20 04:00:00,7,41.38943,2.18847
4.8,76.0,17.0,87.0,968.7,-1.0,-1.0,-1.0,-1.0,X3,2012-10-20 04:00:00,370,41.74281,0.5358
3.3,65.0,21.4,85.0,1007.9,-1.0,-1.0,-1.0,-1.0,X4,2012-10-20 04:00:00,33,41.3839,2.16775
1.7,321.0,12.0,95.0,893.6,-1.0,-1.0,-1.0,-1.0,X5,2012-10-20 04:00:00,1055,40.79705,0.31822
-1.0,-1.0,18.0,79.0,-1.0,1.5,31.0,-1.0,-1.0,X6,2012-10-20 04:00:00,366,41.92173,1.02901
-1.0,-1.0,17.4,88.0,-1.0,1.8,57.0,-1.0,-1.0,X7,2012-10-20 04:00:00,215,41.51909,0.55314
3.5,70.0,20.2,87.0,1002.5,-1.0,-1.0,-1.0,-1.0,X8,2012-10-20 04:00:00,79,41.37919,2.1054
1.0,330.0,17.5,90.0,992.4,-1.0,-1.0,-1.0,-1.0,X9,2012-10-20 04:00:00,176,41.61265,2.16836
5.0,298.0,5.7,97.0,-1.0,-1.0,-1.0,-1.0,-1.0,ZB,2012-10-20 04:00:00,2451,42.51939,1.36597
4.2,171.0,5.4,99.0,-1.0,-1.0,-1.0,-1.0,-1.0,ZC,2012-10-20 04:00:00,2410,42.42117,2.24565
-1.0,-1.0,7.1,94.0,-1.0,-1.0,-1.0,3.8,91.0,Z1,2012-10-20 04:00:00,2266,42.64691,0.98486
-1.0,-1.0,5.1,98.0,-1.0,-1.0,-1.0,2.9,328.0,Z2,2012-10-20 04:00:00,2535,42.46602,0.88405
-1.0,-1.0,6.7,97.0,-1.0,-1.0,-1.0,1.0,128.0,Z3,2012-10-20 04:00:00,2230,42.46605,1.7785
-1.0,-1.0,5.9,100.0,-1.0,-1.0,-1.0,2.7,189.0,Z5,2012-10-20 04:00:00,2400,42.70029,1.27201
-1.0,-1.0,7.5,93.0,-1.0,-1.0,-1.0,4.2,62.0,Z6,2012-10-20 04:00:00,2228,42.77011,0.73198
4.7,245.0,5.3,98.0,-1.0,-1.0,-1.0,-1.0,-1.0,Z7,2012-10-20 04:00:00,2519,42.53412,1.05476
-1.0,-1.0,6.5,100.0,-1.0,-1.0,-1.0,10.3,125.0,Z8,2012-10-20 04:00:00,2316,42.18254,1.52407
8.9,101.0,7.4,97.0,-1.0,-1.0,-1.0,-1.0,-1.0,Z9,2012-10-20 04:00:00,2143,42.29265,1.71498
0.6,237.0,15.0,94.0,941.7,-1.0,-1.0,-1.0,-1.0,CC,2012-10-20 04:30:00,626,42.07398,2.20862
0.7,76.0,13.6,95.0,917.0,-1.0,-1.0,-1.0,-1.0,CD,2012-10-20 04:30:00,849,42.37083,1.43277
2.0,84.0,17.3,97.0,975.6,-1.0,-1.0,-1.0,-1.0,CE,2012-10-20 04:30:00,316,41.53109,1.80813
1.7,213.0,11.6,100.0,859.9,-1.0,-1.0,-1.0,-1.0,CG,2012-10-20 04:30:00,1405,42.37717,2.41456
0.6,63.0,13.4,93.0,917.9,-1.0,-1.0,-1.0,-1.0,CI,2012-10-20 04:30:00,852,42.25839,2.36429
1.7,350.0,15.3,96.0,948.9,-1.0,-1.0,-1.0,-1.0,CJ,2012-10-20 04:30:00,566.5,42.21624,1.33132
0.5,158.0,16.0,99.0,972.1,-1.0,-1.0,-1.0,-1.0,CL,2012-10-20 04:30:00,349,41.67399,1.76796
3.3,127.0,17.2,76.0,934.6,-1.0,-1.0,-1.0,-1.0,CP,2012-10-20 04:30:00,690,42.13924,1.03893
0.8,10.0,16.0,87.0,944.5,-1.0,-1.0,-1.0,-1.0,CQ,2012-10-20 04:30:00,594,41.99546,1.02569
4.2,64.0,15.1,89.0,915.5,-1.0,-1.0,-1.0,-1.0,CR,2012-10-20 04:30:00,873,42.08032,1.9624
0.4,328.0,13.4,100.0,919.3,-1.0,-1.0,-1.0,-1.0,CT,2012-10-20 04:30:00,823,42.39811,0.74362
1.0,56.0,10.1,94.0,898.4,-1.0,-1.0,-1.0,-1.0,CU,2012-10-20 04:30:00,1002,42.69856,0.79397
1.5,10.0,16.2,90.0,953.3,-1.0,-1.0,-1.0,-1.0,CV,2012-10-20 04:30:00,513.3,42.23939,0.96434
1.1,314.0,16.2,85.0,960.1,-1.0,-1.0,-1.0,-1.0,CW,2012-10-20 04:30:00,446,41.39241,1.09894
2.2,58.0,14.5,100.0,921.3,-1.0,-1.0,-1.0,-1.0,CY,2012-10-20 04:30:00,816,41.87813,2.17873
2.2,39.0,16.9,94.0,980.7,-1.0,-1.0,-1.0,-1.0,C6,2012-10-20 04:30:00,264,41.6566,0.95172
3.2,71.0,17.4,91.0,962.4,-1.0,-1.0,-1.0,-1.0,C7,2012-10-20 04:30:00,427,41.66695,1.16234
2.3,68.0,17.2,81.0,948.2,-1.0,-1.0,-1.0,-1.0,C8,2012-10-20 04:30:00,554,41.67555,1.29609
1.5,282.0,17.8,97.0,983.5,-1.0,-1.0,-1.0,-1.0,C9,2012-10-20 04:30:00,240,40.71825,0.39988
1.3,327.0,18.2,100.0,990.2,-1.0,-1.0,-1.0,-1.0,DB,2012-10-20 04:30:00,179,40.87287,0.71581
0.3,207.0,15.8,98.0,965.0,-1.0,-1.0,-1.0,-1.0,DC,2012-10-20 04:30:00,421.5,42.19144,2.48263
3.9,51.0,20.7,86.0,1007.2,-1.0,-1.0,-1.0,-1.0,DD,2012-10-20 04:30:00,44.5,41.51175,2.38674
1.6,121.0,20.5,99.0,1010.1,-1.0,-1.0,-1.0,-1.0,DF,2012-10-20 04:30:00,28.6,41.97751,3.03543
2.0,298.0,8.3,97.0,803.4,-1.0,-1.0,-1.0,-1.0,DG,2012-10-20 04:30:00,1971.4,42.39848,2.15517
4.0,55.0,17.5,94.0,964.6,-1.0,-1.0,-1.0,-1.0,DI,2012-10-20 04:30:00,415,41.43292,1.62386
1.6,321.0,18.9,97.0,993.0,-1.0,-1.0,-1.0,-1.0,DJ,2012-10-20 04:30:00,176,42.11653,2.78969
5.9,23.0,20.9,83.0,1010.4,-1.0,-1.0,-1.0,-1.0,DK,2012-10-20 04:30:00,2,41.14677,1.41846
1.5,337.0,20.6,93.0,1010.7,-1.0,-1.0,-1.0,-1.0,DL,2012-10-20 04:30:00,0.5,40.70719,0.83449
0.8,242.0,18.2,93.0,995.9,-1.0,-1.0,-1.0,-1.0,DN,2012-10-20 04:30:00,150,41.96095,2.63108
2.4,82.0,19.8,95.0,1011.6,-1.0,-1.0,-1.0,-1.0,DO,2012-10-20 04:30:00,14,41.80857,3.03241
1.2,48.0,12.8,91.0,891.1,-1.0,-1.0,-1.0,-1.0,DP,2012-10-20 04:30:00,1097,42.38605,1.8664
4.1,59.0,19.2,74.0,978.0,-1.0,-1.0,-1.0,-1.0,DQ,2012-10-20 04:30:00,287,41.30728,1.36259
-1.0,-1.0,16.6,94.0,964.4,-1.0,-1.0,-1.0,-1.0,D1,2012-10-20 04:30:00,404,41.28521,0.75383
-1.0,-1.0,15.9,99.0,972.6,-1.0,-1.0,-1.0,-1.0,D2,2012-10-20 04:30:00,343,41.59252,1.915
0.6,146.0,18.2,98.0,982.8,-1.0,-1.0,-1.0,-1.0,D3,2012-10-20 04:30:00,252,41.38197,1.93564
2.8,108.0,20.1,96.0,1010.5,-1.0,-1.0,-1.0,-1.0,D4,2012-10-20 04:30:00,24,42.27065,3.18165
7.0,62.0,17.9,94.0,965.0,-1.0,-1.0,-1.0,-1.0,D5,2012-10-20 04:30:00,411.2,41.41843,2.12388
7.2,170.0,18.5,99.0,990.7,-1.0,-1.0,-1.0,-1.0,D6,2012-10-20 04:30:00,196,42.43515,3.16622
0.5,237.0,18.3,95.0,1005.1,-1.0,-1.0,-1.0,-1.0,D7,2012-10-20 04:30:00,53,41.18499,0.59376
1.1,7.0,15.9,97.0,952.0,-1.0,-1.0,-1.0,-1.0,D8,2012-10-20 04:30:00,515,40.95134,0.30565
2.7,36.0,19.3,90.0,1004.5,-1.0,-1.0,-1.0,-1.0,D9,2012-10-20 04:30:00,59,41.21553,1.52121
2.8,65.0,17.6,90.0,973.6,-1.0,-1.0,-1.0,-1.0,H1,2012-10-20 04:30:00,333,41.58642,1.65306
0.2,342.0,16.4,94.0,987.9,-1.0,-1.0,-1.0,-1.0,R1,2012-10-20 04:30:00,210,41.70637,1.87276
3.0,28.0,18.5,93.0,997.4,-1.0,-1.0,-1.0,-1.0,VQ,2012-10-20 04:30:00,112,41.1713,1.16774
18.8,197.0,6.6,99.0,-1.0,-1.0,-1.0,-1.0,-1.0,VS,2012-10-20 04:30:00,2247,42.63835,0.77889
-1.0,-1.0,21.5,81.0,1007.4,-1.0,-1.0,5.2,56.0,WU,2012-10-20 04:30:00,42,41.45215,2.24757
1.7,39.0,20.2,87.0,1009.3,-1.0,-1.0,-1.0,-1.0,WZ,2012-10-20 04:30:00,17,41.20187,1.63346
4.1,90.0,14.9,91.0,923.9,-1.0,-1.0,-1.0,-1.0,XA,2012-10-20 04:30:00,785,41.60257,1.4007
1.0,195.0,18.5,95.0,995.7,-1.0,-1.0,-1.0,-1.0,XC,2012-10-20 04:30:00,147,41.47892,1.97546
1.0,65.0,15.5,83.0,933.5,-1.0,-1.0,-1.0,-1.0,XD,2012-10-20 04:30:00,687,41.32,0.8857
2.5,42.0,19.7,85.0,1010.0,-1.0,-1.0,-1.0,-1.0,XE,2012-10-20 04:30:00,5,41.10393,1.201
3.5,71.0,18.5,91.0,982.4,-1.0,-1.0,-1.0,-1.0,XF,2012-10-20 04:30:00,258,41.56568,2.06952
3.5,81.0,19.9,84.0,998.6,-1.0,-1.0,-1.0,-1.0,XG,2012-10-20 04:30:00,123,41.56734,2.22619
-1.0,-1.0,13.7,100.0,936.1,-1.0,-1.0,-1.0,-1.0,XH,2012-10-20 04:30:00,679,42.40533,1.12993
0.8,301.0,19.4,100.0,1004.9,-1.0,-1.0,-1.0,-1.0,XJ,2012-10-20 04:30:00,72,41.98223,2.80686
8.9,87.0,10.5,100.0,-1.0,-1.0,-1.0,-1.0,-1.0,XK,2012-10-20 04:30:00,1668,41.77362,2.43774
5.0,70.0,21.4,89.0,-1.0,-1.0,-1.0,-1.0,-1.0,XL,2012-10-20 04:30:00,8,41.34045,2.08022
-1.0,-1.0,15.9,97.0,-1.0,-1.0,-1.0,-1.0,-1.0,XO,2012-10-20 04:30:00,499,41.93497,2.23987
-1.0,-1.0,16.6,98.0,-1.0,0.1,74.0,-1.0,-1.0,XP,2012-10-20 04:30:00,349,41.06581,0.43006
1.2,107.0,16.3,83.0,934.3,-1.0,-1.0,-1.0,-1.0,XT,2012-10-20 04:30:00,691,41.98766,1.51165
4.2,70.0,20.4,84.0,1002.5,-1.0,-1.0,-1.0,-1.0,X8,2012-10-20 04:30:00,79,41.37919,2.1054
5.8,204.0,5.7,97.0,-1.0,-1.0,-1.0,-1.0,-1.0,ZB,2012-10-20 04:30:00,2451,42.51939,1.36597
3.3,222.0,5.4,99.0,-1.0,-1.0,-1.0,-1.0,-1.0,ZC,2012-10-20 04:30:00,2410,42.42117,2.24565
-1.0,-1.0,7.1,94.0,-1.0,-1.0,-1.0,4.4,78.0,Z1,2012-10-20 04:30:00,2266,42.64691,0.98486
-1.0,-1.0,5.1,98.0,-1.0,-1.0,-1.0,2.8,335.0,Z2,2012-10-20 04:30:00,2535,42.46602,0.88405
-1.0,-1.0,6.6,97.0,-1.0,-1.0,-1.0,1.2,152.0,Z3,2012-10-20 04:30:00,2230,42.46605,1.7785
-1.0,-1.0,6.0,100.0,-1.0,-1.0,-1.0,3.0,168.0,Z5,2012-10-20 04:30:00,2400,42.70029,1.27201
-1.0,-1.0,7.4,94.0,-1.0,-1.0,-1.0,3.7,63.0,Z6,2012-10-20 04:30:00,2228,42.77011,0.73198
4.6,246.0,5.4,98.0,-1.0,-1.0,-1.0,-1.0,-1.0,Z7,2012-10-20 04:30:00,2519,42.53412,1.05476
-1.0,-1.0,6.6,100.0,-1.0,-1.0,-1.0,11.3,125.0,Z8,2012-10-20 04:30:00,2316,42.18254,1.52407
9.9,102.0,7.4,97.0,-1.0,-1.0,-1.0,-1.0,-1.0,Z9,2012-10-20 04:30:00,2143,42.29265,1.71498
0.7,227.0,14.9,94.0,941.8,-1.0,-1.0,-1.0,-1.0,CC,2012-10-20 05:00:00,626,42.07398,2.20862
0.2,319.0,13.5,95.0,917.0,-1.0,-1.0,-1.0,-1.0,CD,2012-10-20 05:00:00,849,42.37083,1.43277
2.8,89.0,17.6,97.0,976.0,-1.0,-1.0,-1.0,-1.0,CE,2012-10-20 05:00:00,316,41.53109,1.80813
1.1,223.0,11.5,100.0,859.9,-1.0,-1.0,-1.0,-1.0,CG,2012-10-20 05:00:00,1405,42.37717,2.41456
0.6,47.0,13.5,92.0,917.9,-1.0,-1.0,-1.0,-1.0,CI,2012-10-20 05:00:00,852,42.25839,2.36429
0.8,321.0,15.1,97.0,949.0,-1.0,-1.0,-1.0,-1.0,CJ,2012-10-20 05:00:00,566.5,42.21624,1.33132
0.7,143.0,16.0,99.0,972.4,-1.0,-1.0,-1.0,-1.0,CL,2012-10-20 05:00:00,349,41.67399,1.76796
6.2,91.0,18.2,70.0,934.5,-1.0,-1.0,-1.0,-1.0,CP,2012-10-20 05:00:00,690,42.13924,1.03893
3.1,343.0,18.2,72.0,944.5,-1.0,-1.0,-1.0,-1.0,CQ,2012-10-20 05:00:00,594,41.99546,1.02569
4.4,62.0,15.3,89.0,915.5,-1.0,-1.0,-1.0,-1.0,CR,2012-10-20 05:00:00,873,42.08032,1.9624
0.4,342.0,13.4,100.0,919.4,-1.0,-1.0,-1.0,-1.0,CT,2012-10-20 05:00:00,823,42.39811,0.74362
0.7,50.0,10.0,94.0,898.7,-1.0,-1.0,-1.0,-1.0,CU,2012-10-20 05:00:00,1002,42.69856,0.79397
1.7,7.0,16.4,88.0,953.4,-1.0,-1.0,-1.0,-1.0,CV,2012-10-20 05:00:00,513.3,42.23939,0.96434
0.5,192.0,15.2,89.0,960.4,-1.0,-1.0,-1.0,-1.0,CW,2012-10-20 05:00:00,446,41.39241,1.09894
2.2,52.0,14.5,100.0,921.3,-1.0,-1.0,-1.0,-1.0,CY,2012-10-20 05:00:00,816,41.87813,2.17873
1.9,30.0,16.9,95.0,980.9,-1.0,-1.0,-1.0,-1.0,C6,2012-10-20 05:00:00,264,41.6566,0.95172
2.8,80.0,17.5,91.0,962.6,-1.0,-1.0,-1.0,-1.0,C7,2012-10-20 05:00:00,427,41.66695,1.16234
2.6,70.0,17.2,81.0,948.2,-1.0,-1.0,-1.0,-1.0,C8,2012-10-20 05:00:00,554,41.67555,1.29609
1.5,279.0,17.8,97.0,983.5,-1.0,-1.0,-1.0,-1.0,C9,2012-10-20 05:00:00,240,40.71825,0.39988
2.0,65.0,18.3,99.0,990.3,-1.0,-1.0,-1.0,-1.0,DB,2012-10-20 05:00:00,179,40.87287,0.71581
0.3,259.0,15.9,98.0,965.2,-1.0,-1.0,-1.0,-1.0,DC,2012-10-20 05:00:00,421.5,42.19144,2.48263
4.1,51.0,20.9,90.0,1007.3,-1.0,-1.0,-1.0,-1.0,DD,2012-10-20 05:00:00,44.5,41.51175,2.38674
1.4,118.0,20.5,98.0,1010.3,-1.0,-1.0,-1.0,-1.0,DF,2012-10-20 05:00:00,28.6,41.97751,3.03543
1.9,321.0,8.4,96.0,803.4,-1.0,-1.0,-1.0,-1.0,DG,2012-10-20 05:00:00,1971.4,42.39848,2.15517
4.5,56.0,17.5,94.0,964.8,-1.0,-1.0,-1.0,-1.0,DI,2012-10-20 05:00:00,415,41.43292,1.62386
1.5,345.0,18.8,96.0,993.1,-1.0,-1.0,-1.0,-1.0,DJ,2012-10-20 05:00:00,176,42.11653,2.78969
5.6,24.0,20.6,86.0,1010.6,-1.0,-1.0,-1.0,-1.0,DK,2012-10-20 05:00:00,2,41.14677,1.41846
0.9,278.0,20.5,94.0,1010.6,-1.0,-1.0,-1.0,-1.0,DL,2012-10-20 05:00:00,0.5,40.70719,0.83449
0.9,252.0,18.1,94.0,995.9,-1.0,-1.0,-1.0,-1.0,DN,2012-10-20 05:00:00,150,41.96095,2.63108
2.2,86.0,19.7,95.0,1011.8,-1.0,-1.0,-1.0,-1.0,DO,2012-10-20 05:00:00,14,41.80857,3.03241
1.0,349.0,12.8,90.0,891.1,-1.0,-1.0,-1.0,-1.0,DP,2012-10-20 05:00:00,1097,42.38605,1.8664
4.2,67.0,19.2,75.0,978.3,-1.0,-1.0,-1.0,-1.0,DQ,2012-10-20 05:00:00,287,41.30728,1.36259
-1.0,-1.0,16.7,93.0,964.6,-1.0,-1.0,-1.0,-1.0,D1,2012-10-20 05:00:00,404,41.28521,0.75383
-1.0,-1.0,16.9,97.0,972.8,-1.0,-1.0,-1.0,-1.0,D2,2012-10-20 05:00:00,343,41.59252,1.915
0.8,46.0,18.5,98.0,983.0,-1.0,-1.0,-1.0,-1.0,D3,2012-10-20 05:00:00,252,41.38197,1.93564
2.9,101.0,20.1,96.0,1010.7,-1.0,-1.0,-1.0,-1.0,D4,2012-10-20 05:00:00,24,42.27065,3.18165
6.9,65.0,18.1,94.0,965.1,-1.0,-1.0,-1.0,-1.0,D5,2012-10-20 05:00:00,411.2,41.41843,2.12388
6.7,176.0,18.4,99.0,991.0,-1.0,-1.0,-1.0,-1.0,D6,2012-10-20 05:00:00,196,42.43515,3.16622
0.4,145.0,18.3,95.0,1005.5,-1.0,-1.0,-1.0,-1.0,D7,2012-10-20 05:00:00,53,41.18499,0.59376
1.2,15.0,15.8,97.0,952.0,-1.0,-1.0,-1.0,-1.0,D8,2012-10-20 05:00:00,515,40.95134,0.30565
2.6,34.0,19.5,90.0,1004.6,-1.0,-1.0,-1.0,-1.0,D9,2012-10-20 05:00:00,59,41.21553,1.52121
2.6,50.0,18.1,86.0,974.0,-1.0,-1.0,-1.0,-1.0,H1,2012-10-20 05:00:00,333,41.58642,1.65306
0.6,155.0,16.3,94.0,988.1,-1.0,-1.0,-1.0,-1.0,R1,2012-10-20 05:00:00,210,41.70637,1.87276
-1.0,-1.0,19.5,94.0,-1.0,1.9,40.0,-1.0,-1.0,UA,2012-10-20 05:00:00,93,40.9091,0.76943
-1.0,-1.0,19.3,91.0,-1.0,2.4,118.0,-1.0,-1.0,UB,2012-10-20 05:00:00,15,42.05398,3.06195
-1.0,-1.0,19.5,94.0,-1.0,0.5,56.0,-1.0,-1.0,UC,2012-10-20 05:00:00,60,41.97726,2.99705
-1.0,-1.0,20.4,96.0,-1.0,-1.0,-1.0,-1.0,-1.0,UD,2012-10-20 05:00:00,12,42.02895,3.06227
-1.0,-1.0,19.9,95.0,-1.0,-1.0,-1.0,-1.0,-1.0,UE,2012-10-20 05:00:00,4,42.02306,3.15719
-1.0,-1.0,17.1,100.0,-1.0,3.2,74.0,-1.0,-1.0,UF,2012-10-20 05:00:00,573,41.28832,1.90775
-1.0,-1.0,21.5,92.0,-1.0,1.6,48.0,-1.0,-1.0,UG,2012-10-20 05:00:00,3,41.29928,2.03787
-1.0,-1.0,16.7,94.0,-1.0,1.4,40.0,1.6,49.0,UH,2012-10-20 05:00:00,545,41.34171,1.48769
-1.0,-1.0,11.5,99.0,-1.0,0.1,262.0,-1.0,-1.0,UI,2012-10-20 05:00:00,1386,42.26477,1.76218
-1.0,-1.0,15.8,90.0,-1.0,3.6,80.0,5.0,88.0,UJ,2012-10-20 05:00:00,709,41.52879,1.3683
-1.0,-1.0,20.4,83.0,-1.0,1.0,321.0,-1.0,-1.0,UK,2012-10-20 05:00:00,161,41.27861,1.80479
-1.0,-1.0,16.3,95.0,-1.0,0.2,104.0,-1.0,-1.0,UL,2012-10-20 05:00:00,228,41.52911,0.75303
-1.0,-1.0,15.6,94.0,-1.0,0.6,29.0,-1.0,-1.0,UM,2012-10-20 05:00:00,505,41.35991,0.66789
-1.0,-1.0,19.9,98.0,-1.0,0.9,81.0,-1.0,-1.0,UN,2012-10-20 05:00:00,171,41.87449,2.92694
-1.0,-1.0,19.2,96.0,-1.0,-1.0,-1.0,-1.0,-1.0,UO,2012-10-20 05:00:00,97,41.91461,2.82069
1.2,75.0,21.0,88.0,1002.9,-1.0,-1.0,-1.0,-1.0,UP,2012-10-20 05:00:00,81,41.51773,2.37702
-1.0,-1.0,17.9,93.0,-1.0,1.3,60.0,-1.0,-1.0,UQ,2012-10-20 05:00:00,460,41.61991,2.44532
-1.0,-1.0,18.8,98.0,-1.0,0.5,292.0,-1.0,-1.0,US,2012-10-20 05:00:00,24,40.55786,0.52329
2.2,301.0,19.0,95.0,1010.4,-1.0,-1.0,-1.0,-1.0,UU,2012-10-20 05:00:00,3,40.70776,0.6321
-1.0,-1.0,18.9,90.0,1010.8,2.3,335.0,-1.0,-1.0,UW,2012-10-20 05:00:00,0,40.62725,0.65922
-1.0,-1.0,17.8,100.0,-1.0,0.3,13.0,-1.0,-1.0,UX,2012-10-20 05:00:00,210,40.62652,0.37112
-1.0,-1.0,16.4,87.0,-1.0,1.1,80.0,2.7,88.0,UY,2012-10-20 05:00:00,576,41.87912,0.76103
-1.0,-1.0,19.5,99.0,-1.0,1.1,103.0,-1.0,-1.0,U1,2012-10-20 05:00:00,31,42.30648,2.95481
2.7,119.0,19.8,100.0,1013.4,-1.0,-1.0,-1.0,-1.0,U2,2012-10-20 05:00:00,4,42.17716,3.0968
-1.0,-1.0,17.9,91.0,-1.0,1.2,357.0,-1.0,-1.0,U3,2012-10-20 05:00:00,257,41.37491,1.63032
1.4,53.0,17.8,81.0,-1.0,0.9,65.0,-1.0,-1.0,U4,2012-10-20 05:00:00,507,41.83094,1.84699
-1.0,-1.0,14.1,93.0,-1.0,1.0,109.0,-1.0,-1.0,U5,2012-10-20 05:00:00,969,41.31349,0.99611
-1.0,-1.0,19.7,86.0,-1.0,0.9,39.0,-1.0,-1.0,U6,2012-10-20 05:00:00,29,41.08017,1.06661
-1.0,-1.0,18.8,95.0,-1.0,0.6,331.0,-1.0,-1.0,U7,2012-10-20 05:00:00,52,40.85936,0.50525
-1.0,-1.0,18.8,94.0,-1.0,0.5,346.0,-1.0,-1.0,U9,2012-10-20 05:00:00,62,40.76947,0.61635
-1.0,-1.0,17.4,95.0,-1.0,0.5,297.0,-1.0,-1.0,VA,2012-10-20 05:00:00,257,41.19645,0.51161
0.5,190.0,18.5,97.0,-1.0,-1.0,-1.0,-1.0,-1.0,VB,2012-10-20 05:00:00,32,41.06289,0.63517
-1.0,-1.0,17.5,93.0,-1.0,2.0,259.0,-1.0,-1.0,VC,2012-10-20 05:00:00,69,41.24415,0.43266
-1.0,-1.0,17.5,76.0,-1.0,0.8,68.0,-1.0,-1.0,VD,2012-10-20 05:00:00,429,41.68939,1.20381
-1.0,-1.0,17.4,95.0,-1.0,0.5,212.0,-1.0,-1.0,VE,2012-10-20 05:00:00,97,41.48692,0.46058
-1.0,-1.0,17.2,95.0,-1.0,0.1,252.0,-1.0,-1.0,VF,2012-10-20 05:00:00,122,41.56482,0.54999
-1.0,-1.0,17.0,93.0,-1.0,0.4,36.0,-1.0,-1.0,VH,2012-10-20 05:00:00,259,41.65814,0.39301
-1.0,-1.0,18.1,83.0,-1.0,1.4,71.0,-1.0,-1.0,VJ,2012-10-20 05:00:00,161,41.59957,0.6478
1.6,86.0,17.3,90.0,978.4,-1.0,-1.0,-1.0,-1.0,VK,2012-10-20 05:00:00,286,41.68328,0.4487
-1.0,-1.0,17.7,84.0,-1.0,0.4,38.0,-1.0,-1.0,VM,2012-10-20 05:00:00,222,41.7145,0.62839
-1.0,-1.0,18.9,94.0,-1.0,-1.0,-1.0,-1.0,-1.0,VN,2012-10-20 05:00:00,117,41.88244,2.74262
-1.0,-1.0,17.4,72.0,-1.0,1.6,59.0,-1.0,-1.0,VO,2012-10-20 05:00:00,785,42.08745,1.42792
-1.0,-1.0,15.3,90.0,-1.0,2.7,86.0,4.5,87.0,VP,2012-10-20 05:00:00,659,41.80483,1.53853
3.1,34.0,18.8,91.0,997.8,-1.0,-1.0,-1.0,-1.0,VQ,2012-10-20 05:00:00,112,41.1713,1.16774
-1.0,-1.0,16.5,91.0,-1.0,0.2,357.0,-1.0,-1.0,VR,2012-10-20 05:00:00,291,41.68994,1.04401
15.0,188.0,6.7,99.0,773.4,-1.0,-1.0,-1.0,-1.0,VS,2012-10-20 05:00:00,2247,42.63835,0.77889
-1.0,-1.0,18.4,94.0,-1.0,0.4,92.0,-1.0,-1.0,VT,2012-10-20 05:00:00,84,41.48401,2.12745
-1.0,-1.0,14.6,90.0,-1.0,0.7,277.0,-1.0,-1.0,VU,2012-10-20 05:00:00,421,41.63286,1.91718
0.6,47.0,15.4,100.0,-1.0,-1.0,-1.0,-1.0,-1.0,VV,2012-10-20 05:00:00,528,41.68129,2.02647
-1.0,-1.0,15.1,86.0,-1.0,1.5,162.0,-1.0,-1.0,VX,2012-10-20 05:00:00,1030,41.74761,2.30291
-1.0,-1.0,19.1,81.0,-1.0,-1.0,-1.0,-1.0,-1.0,VY,2012-10-20 05:00:00,240,41.25095,1.29863
-1.0,-1.0,20.0,96.0,-1.0,-1.0,-1.0,-1.0,-1.0,VZ,2012-10-20 05:00:00,83,42.38443,3.00736
-1.0,-1.0,17.7,84.0,-1.0,0.2,105.0,-1.0,-1.0,V1,2012-10-20 05:00:00,238,41.78487,0.82939
-1.0,-1.0,16.4,92.0,-1.0,1.5,350.0,-1.0,-1.0,V3,2012-10-20 05:00:00,509,41.95224,2.23271
-1.0,-1.0,14.8,91.0,936.6,-1.0,-1.0,0.5,331.0,V4,2012-10-20 05:00:00,684,42.11477,2.21483
-1.0,-1.0,16.1,86.0,-1.0,3.4,76.0,3.8,73.0,V5,2012-10-20 05:00:00,774,42.03947,2.11993
-1.0,-1.0,16.4,90.0,-1.0,0.2,73.0,-1.0,-1.0,V8,2012-10-20 05:00:00,223,41.67279,0.87741
-1.0,-1.0,17.3,81.0,-1.0,1.2,56.0,-1.0,-1.0,WA,2012-10-20 05:00:00,443,41.87694,1.1541
-1.0,-1.0,17.2,89.0,-1.0,1.3,59.0,-1.0,-1.0,WB,2012-10-20 05:00:00,267,41.76036,0.67022
-1.0,-1.0,16.6,87.0,-1.0,1.1,58.0,-1.0,-1.0,WC,2012-10-20 05:00:00,261,41.63642,0.92446
-1.0,-1.0,15.1,100.0,-1.0,0.6,311.0,-1.0,-1.0,WD,2012-10-20 05:00:00,382,41.08671,0.31884
-1.0,-1.0,19.7,88.0,-1.0,1.6,84.0,-1.0,-1.0,WE,2012-10-20 05:00:00,126,41.5444,2.30014
-1.0,-1.0,19.1,93.0,-1.0,-1.0,-1.0,-1.0,-1.0,WF,2012-10-20 05:00:00,108,41.95425,2.77578
-1.0,-1.0,18.1,80.0,-1.0,1.6,65.0,-1.0,-1.0,WG,2012-10-20 05:00:00,301,41.80104,0.64804
-1.0,-1.0,16.3,95.0,-1.0,0.4,282.0,-1.0,-1.0,WI,2012-10-20 05:00:00,350,41.35741,0.4809
-1.0,-1.0,17.7,100.0,-1.0,0.7,317.0,-1.0,-1.0,WJ,2012-10-20 05:00:00,141,41.1223,0.72182
-1.0,-1.0,17.2,89.0,-1.0,0.2,294.0,-1.0,-1.0,WK,2012-10-20 05:00:00,268,41.81949,0.57768
-1.0,-1.0,18.2,82.0,-1.0,2.8,103.0,-1.0,-1.0,WL,2012-10-20 05:00:00,413,41.57236,1.0882
2.9,72.0,13.8,86.0,-1.0,-1.0,-1.0,-1.0,-1.0,WM,2012-10-20 05:00:00,1167,42.10736,1.8267
-1.0,-1.0,14.9,97.0,-1.0,-1.0,-1.0,5.0,112.0,WN,2012-10-20 05:00:00,916,41.59539,1.83751
-1.0,-1.0,19.6,83.0,-1.0,-1.0,-1.0,-1.0,-1.0,WO,2012-10-20 05:00:00,185,41.27151,1.46717
-1.0,-1.0,17.9,97.0,-1.0,1.9,63.0,-1.0,-1.0,WP,2012-10-20 05:00:00,325,41.48518,1.69337
12.0,152.0,10.2,99.0,840.7,-1.0,-1.0,-1.0,-1.0,WQ,2012-10-20 05:00:00,1572,42.0513,0.72952
-1.0,-1.0,16.9,97.0,-1.0,0.5,35.0,-1.0,-1.0,WR,2012-10-20 05:00:00,300,41.2163,0.79748
2.4,112.0,14.8,96.0,906.2,-1.0,-1.0,-1.0,-1.0,WS,2012-10-20 05:00:00,953,41.84008,2.41877
3.4,75.0,21.1,99.0,1013.0,-1.0,-1.0,-1.0,-1.0,WT,2012-10-20 05:00:00,2,41.64707,2.75658
-1.0,-1.0,21.5,85.0,1007.5,-1.0,-1.0,4.5,51.0,WU,2012-10-20 05:00:00,42,41.45215,2.24757
0.5,356.0,13.9,100.0,926.0,-1.0,-1.0,-1.0,-1.0,WV,2012-10-20 05:00:00,788,42.23414,1.87485
-1.0,-1.0,17.6,89.0,-1.0,-1.0,-1.0,-1.0,-1.0,WW,2012-10-20 05:00:00,278,41.79423,1.9368
-1.0,-1.0,16.9,77.0,-1.0,2.9,98.0,-1.0,-1.0,WX,2012-10-20 05:00:00,668,41.9178,0.88175
-1.0,-1.0,19.1,91.0,-1.0,1.6,58.0,-1.0,-1.0,WY,2012-10-20 05:00:00,164,41.43386,1.79429
1.9,40.0,20.2,87.0,1009.5,-1.0,-1.0,-1.0,-1.0,WZ,2012-10-20 05:00:00,17,41.20187,1.63346
-1.0,-1.0,19.6,93.0,-1.0,-1.0,-1.0,-1.0,-1.0,W1,2012-10-20 05:00:00,2,42.24726,3.09021
-1.0,-1.0,19.8,99.0,-1.0,-1.0,-1.0,-1.0,-1.0,W2,2012-10-20 05:00:00,7,42.18259,3.05783
-1.0,-1.0,20.1,92.0,-1.0,-1.0,-1.0,-1.0,-1.0,W3,2012-10-20 05:00:00,4,42.15006,3.06494
-1.0,-1.0,18.4,91.0,-1.0,2.8,25.0,-1.0,-1.0,W4,2012-10-20 05:00:00,240,41.36619,1.72857
-1.0,-1.0,15.9,97.0,-1.0,0.8,123.0,-1.0,-1.0,W5,2012-10-20 05:00:00,490,42.07683,1.31489
-1.0,-1.0,18.3,89.0,-1.0,0.4,55.0,-1.0,-1.0,W6,2012-10-20 05:00:00,158,41.13738,1.0187
-1.0,-1.0,17.1,88.0,-1.0,-1.0,-1.0,-1.0,-1.0,W8,2012-10-20 05:00:00,438,41.44237,1.15998
-1.0,-1.0,15.9,98.0,-1.0,0.4,51.0,-1.0,-1.0,W9,2012-10-20 05:00:00,461,42.14557,2.45451
4.1,96.0,14.7,93.0,923.8,-1.0,-1.0,-1.0,-1.0,XA,2012-10-20 05:00:00,785,41.60257,1.4007
-1.0,-1.0,16.5,94.0,-1.0,-1.0,-1.0,-1.0,-1.0,XB,2012-10-20 05:00:00,584,41.4779,1.53529
1.0,240.0,18.7,95.0,995.8,-1.0,-1.0,-1.0,-1.0,XC,2012-10-20 05:00:00,147,41.47892,1.97546
2.4,120.0,16.6,78.0,933.6,-1.0,-1.0,-1.0,-1.0,XD,2012-10-20 05:00:00,687,41.32,0.8857
2.2,46.0,20.0,85.0,1010.3,-1.0,-1.0,-1.0,-1.0,XE,2012-10-20 05:00:00,5,41.10393,1.201
3.2,70.0,18.6,92.0,982.6,-1.0,-1.0,-1.0,-1.0,XF,2012-10-20 05:00:00,258,41.56568,2.06952
3.5,77.0,20.1,83.0,998.7,-1.0,-1.0,-1.0,-1.0,XG,2012-10-20 05:00:00,123,41.56734,2.22619
-1.0,-1.0,13.7,100.0,936.2,-1.0,-1.0,-1.0,-1.0,XH,2012-10-20 05:00:00,679,42.40533,1.12993
-1.0,-1.0,17.5,85.0,983.1,1.2,53.0,-1.0,-1.0,XI,2012-10-20 05:00:00,247,41.61817,0.87182
0.9,9.0,19.5,100.0,1005.0,-1.0,-1.0,-1.0,-1.0,XJ,2012-10-20 05:00:00,72,41.98223,2.80686
9.8,72.0,10.9,100.0,-1.0,-1.0,-1.0,-1.0,-1.0,XK,2012-10-20 05:00:00,1668,41.77362,2.43774
4.6,68.0,21.4,90.0,-1.0,-1.0,-1.0,-1.0,-1.0,XL,2012-10-20 05:00:00,8,41.34045,2.08022
-1.0,-1.0,16.6,92.0,-1.0,0.7,39.0,-1.0,-1.0,XM,2012-10-20 05:00:00,235,41.59522,0.73507
-1.0,-1.0,17.1,98.0,-1.0,0.3,235.0,-1.0,-1.0,XN,2012-10-20 05:00:00,89,41.46379,0.42765
-1.0,-1.0,15.9,96.0,-1.0,-1.0,-1.0,-1.0,-1.0,XO,2012-10-20 05:00:00,499,41.93497,2.23987
-1.0,-1.0,16.7,98.0,-1.0,0.4,14.0,-1.0,-1.0,XP,2012-10-20 05:00:00,349,41.06581,0.43006
1.3,161.0,15.9,86.0,934.3,-1.0,-1.0,-1.0,-1.0,XT,2012-10-20 05:00:00,691,41.98766,1.51165
2.9,110.0,18.8,86.0,970.6,-1.0,-1.0,-1.0,-1.0,X1,2012-10-20 05:00:00,359,41.15374,0.81953
-1.0,-1.0,21.4,90.0,-1.0,-1.0,-1.0,-1.0,-1.0,X2,2012-10-20 05:00:00,7,41.38943,2.18847
5.9,83.0,17.0,86.0,968.6,-1.0,-1.0,-1.0,-1.0,X3,2012-10-20 05:00:00,370,41.74281,0.5358
3.6,66.0,21.5,89.0,1008.1,-1.0,-1.0,-1.0,-1.0,X4,2012-10-20 05:00:00,33,41.3839,2.16775
1.8,12.0,12.4,95.0,893.6,-1.0,-1.0,-1.0,-1.0,X5,2012-10-20 05:00:00,1055,40.79705,0.31822
-1.0,-1.0,18.8,73.0,-1.0,1.4,40.0,-1.0,-1.0,X6,2012-10-20 05:00:00,366,41.92173,1.02901
-1.0,-1.0,17.2,90.0,-1.0,0.9,172.0,-1.0,-1.0,X7,2012-10-20 05:00:00,215,41.51909,0.55314
4.2,74.0,20.5,86.0,1002.6,-1.0,-1.0,-1.0,-1.0,X8,2012-10-20 05:00:00,79,41.37919,2.1054
1.5,55.0,18.7,89.0,992.7,-1.0,-1.0,-1.0,-1.0,X9,2012-10-20 05:00:00,176,41.61265,2.16836
8.2,169.0,5.5,97.0,-1.0,-1.0,-1.0,-1.0,-1.0,ZB,2012-10-20 05:00:00,2451,42.51939,1.36597
3.3,183.0,5.4,99.0,-1.0,-1.0,-1.0,-1.0,-1.0,ZC,2012-10-20 05:00:00,2410,42.42117,2.24565
-1.0,-1.0,7.2,94.0,-1.0,-1.0,-1.0,4.4,140.0,Z1,2012-10-20 05:00:00,2266,42.64691,0.98486
-1.0,-1.0,5.1,98.0,-1.0,-1.0,-1.0,3.6,3.0,Z2,2012-10-20 05:00:00,2535,42.46602,0.88405
-1.0,-1.0,6.6,97.0,-1.0,-1.0,-1.0,0.8,163.0,Z3,2012-10-20 05:00:00,2230,42.46605,1.7785
-1.0,-1.0,6.0,100.0,-1.0,-1.0,-1.0,3.5,125.0,Z5,2012-10-20 05:00:00,2400,42.70029,1.27201
-1.0,-1.0,7.2,95.0,-1.0,-1.0,-1.0,3.4,57.0,Z6,2012-10-20 05:00:00,2228,42.77011,0.73198
4.3,259.0,5.3,98.0,-1.0,-1.0,-1.0,-1.0,-1.0,Z7,2012-10-20 05:00:00,2519,42.53412,1.05476
-1.0,-1.0,6.5,100.0,-1.0,-1.0,-1.0,12.3,119.0,Z8,2012-10-20 05:00:00,2316,42.18254,1.52407
8.7,103.0,7.3,97.0,-1.0,-1.0,-1.0,-1.0,-1.0,Z9,2012-10-20 05:00:00,2143,42.29265,1.71498
1.0,222.0,14.7,95.0,941.9,-1.0,-1.0,-1.0,-1.0,CC,2012-10-20 05:30:00,626,42.07398,2.20862
0.7,69.0,13.5,95.0,917.2,-1.0,-1.0,-1.0,-1.0,CD,2012-10-20 05:30:00,849,42.37083,1.43277
1.8,81.0,17.8,96.0,975.9,-1.0,-1.0,-1.0,-1.0,CE,2012-10-20 05:30:00,316,41.53109,1.80813
1.4,199.0,11.6,100.0,859.8,-1.0,-1.0,-1.0,-1.0,CG,2012-10-20 05:30:00,1405,42.37717,2.41456
0.9,65.0,13.6,92.0,917.9,-1.0,-1.0,-1.0,-1.0,CI,2012-10-20 05:30:00,852,42.25839,2.36429
0.7,318.0,14.9,98.0,949.1,-1.0,-1.0,-1.0,-1.0,CJ,2012-10-20 05:30:00,566.5,42.21624,1.33132
0.2,160.0,16.0,99.0,972.5,-1.0,-1.0,-1.0,-1.0,CL,2012-10-20 05:30:00,349,41.67399,1.76796
6.3,92.0,18.3,69.0,934.5,-1.0,-1.0,-1.0,-1.0,CP,2012-10-20 05:30:00,690,42.13924,1.03893
3.7,344.0,18.5,71.0,944.6,-1.0,-1.0,-1.0,-1.0,CQ,2012-10-20 05:30:00,594,41.99546,1.02569
4.4,61.0,15.3,89.0,915.7,-1.0,-1.0,-1.0,-1.0,CR,2012-10-20 05:30:00,873,42.08032,1.9624
0.3,118.0,13.2,100.0,919.5,-1.0,-1.0,-1.0,-1.0,CT,2012-10-20 05:30:00,823,42.39811,0.74362
0.7,91.0,10.0,94.0,898.8,-1.0,-1.0,-1.0,-1.0,CU,2012-10-20 05:30:00,1002,42.69856,0.79397
1.3,358.0,16.4,88.0,953.4,-1.0,-1.0,-1.0,-1.0,CV,2012-10-20 05:30:00,513.3,42.23939,0.96434
1.7,85.0,16.0,89.0,960.4,-1.0,-1.0,-1.0,-1.0,CW,2012-10-20 05:30:00,446,41.39241,1.09894
2.0,38.0,14.7,100.0,921.5,-1.0,-1.0,-1.0,-1.0,CY,2012-10-20 05:30:00,816,41.87813,2.17873
2.8,47.0,17.4,92.0,981.0,-1.0,-1.0,-1.0,-1.0,C6,2012-10-20 05:30:00,264,41.6566,0.95172
3.4,88.0,17.7,90.0,962.9,-1.0,-1.0,-1.0,-1.0,C7,2012-10-20 05:30:00,427,41.66695,1.16234
1.7,133.0,16.7,84.0,948.7,-1.0,-1.0,-1.0,-1.0,C8,2012-10-20 05:30:00,554,41.67555,1.29609
1.3,328.0,17.5,99.0,983.5,-1.0,-1.0,-1.0,-1.0,C9,2012-10-20 05:30:00,240,40.71825,0.39988
2.0,59.0,18.5,99.0,989.9,-1.0,-1.0,-1.0,-1.0,DB,2012-10-20 05:30:00,179,40.87287,0.71581
0.3,204.0,15.8,98.0,965.0,-1.0,-1.0,-1.0,-1.0,DC,2012-10-20 05:30:00,421.5,42.19144,2.48263
3.8,55.0,20.9,93.0,1007.4,-1.0,-1.0,-1.0,-1.0,DD,2012-10-20 05:30:00,44.5,41.51175,2.38674
1.2,106.0,20.5,97.0,1010.3,-1.0,-1.0,-1.0,-1.0,DF,2012-10-20 05:30:00,28.6,41.97751,3.03543
2.3,310.0,8.4,94.0,803.5,-1.0,-1.0,-1.0,-1.0,DG,2012-10-20 05:30:00,1971.4,42.39848,2.15517
5.0,58.0,17.7,94.0,964.7,-1.0,-1.0,-1.0,-1.0,DI,2012-10-20 05:30:00,415,41.43292,1.62386
1.5,3.0,18.5,97.0,993.3,-1.0,-1.0,-1.0,-1.0,DJ,2012-10-20 05:30:00,176,42.11653,2.78969
5.3,24.0,20.7,86.0,1010.7,-1.0,-1.0,-1.0,-1.0,DK,2012-10-20 05:30:00,2,41.14677,1.41846
2.7,82.0,21.1,94.0,1010.3,-1.0,-1.0,-1.0,-1.0,DL,2012-10-20 05:30:00,0.5,40.70719,0.83449
1.0,240.0,18.1,95.0,996.0,-1.0,-1.0,-1.0,-1.0,DN,2012-10-20 05:30:00,150,41.96095,2.63108
2.2,81.0,19.6,95.0,1011.9,-1.0,-1.0,-1.0,-1.0,DO,2012-10-20 05:30:00,14,41.80857,3.03241
0.8,282.0,12.6,91.0,891.4,-1.0,-1.0,-1.0,-1.0,DP,2012-10-20 05:30:00,1097,42.38605,1.8664
4.1,65.0,19.3,76.0,978.3,-1.0,-1.0,-1.0,-1.0,DQ,2012-10-20 05:30:00,287,41.30728,1.36259
-1.0,-1.0,16.7,93.0,964.8,-1.0,-1.0,-1.0,-1.0,D1,2012-10-20 05:30:00,404,41.28521,0.75383
-1.0,-1.0,19.0,86.0,972.9,-1.0,-1.0,-1.0,-1.0,D2,2012-10-20 05:30:00,343,41.59252,1.915
0.8,93.0,18.7,97.0,983.0,-1.0,-1.0,-1.0,-1.0,D3,2012-10-20 05:30:00,252,41.38197,1.93564
3.4,96.0,19.9,96.0,1010.8,-1.0,-1.0,-1.0,-1.0,D4,2012-10-20 05:30:00,24,42.27065,3.18165
7.1,68.0,18.4,94.0,965.1,-1.0,-1.0,-1.0,-1.0,D5,2012-10-20 05:30:00,411.2,41.41843,2.12388
6.3,174.0,18.3,99.0,991.1,-1.0,-1.0,-1.0,-1.0,D6,2012-10-20 05:30:00,196,42.43515,3.16622
0.8,71.0,18.2,96.0,1005.3,-1.0,-1.0,-1.0,-1.0,D7,2012-10-20 05:30:00,53,41.18499,0.59376
1.0,344.0,15.8,98.0,952.1,-1.0,-1.0,-1.0,-1.0,D8,2012-10-20 05:30:00,515,40.95134,0.30565
2.6,38.0,19.8,89.0,1004.7,-1.0,-1.0,-1.0,-1.0,D9,2012-10-20 05:30:00,59,41.21553,1.52121
4.3,81.0,19.1,84.0,973.8,-1.0,-1.0,-1.0,-1.0,H1,2012-10-20 05:30:00,333,41.58642,1.65306
0.4,133.0,16.3,94.0,988.2,-1.0,-1.0,-1.0,-1.0,R1,2012-10-20 05:30:00,210,41.70637,1.87276
2.5,25.0,19.1,87.0,997.9,-1.0,-1.0,-1.0,-1.0,VQ,2012-10-20 05:30:00,112,41.1713,1.16774
7.0,176.0,6.7,99.0,774.4,-1.0,-1.0,-1.0,-1.0,VS,2012-10-20 05:30:00,2247,42.63835,0.77889
-1.0,-1.0,21.4,88.0,1007.6,-1.0,-1.0,4.2,51.0,WU,2012-10-20 05:30:00,42,41.45215,2.24757
1.8,52.0,20.7,86.0,1009.4,-1.0,-1.0,-1.0,-1.0,WZ,2012-10-20 05:30:00,17,41.20187,1.63346
4.1,94.0,14.7,95.0,924.1,-1.0,-1.0,-1.0,-1.0,XA,2012-10-20 05:30:00,785,41.60257,1.4007
0.8,237.0,18.8,95.0,995.9,-1.0,-1.0,-1.0,-1.0,XC,2012-10-20 05:30:00,147,41.47892,1.97546
3.0,123.0,17.0,75.0,933.6,-1.0,-1.0,-1.0,-1.0,XD,2012-10-20 05:30:00,687,41.32,0.8857
1.4,16.0,20.6,84.0,1010.4,-1.0,-1.0,-1.0,-1.0,XE,2012-10-20 05:30:00,5,41.10393,1.201
2.9,55.0,18.8,92.0,982.7,-1.0,-1.0,-1.0,-1.0,XF,2012-10-20 05:30:00,258,41.56568,2.06952
3.8,70.0,20.3,83.0,998.9,-1.0,-1.0,-1.0,-1.0,XG,2012-10-20 05:30:00,123,41.56734,2.22619
-1.0,-1.0,13.7,100.0,936.3,-1.0,-1.0,-1.0,-1.0,XH,2012-10-20 05:30:00,679,42.40533,1.12993
1.5,13.0,19.4,100.0,1005.0,-1.0,-1.0,-1.0,-1.0,XJ,2012-10-20 05:30:00,72,41.98223,2.80686
10.7,71.0,11.1,100.0,-1.0,-1.0,-1.0,-1.0,-1.0,XK,2012-10-20 05:30:00,1668,41.77362,2.43774
4.5,69.0,21.4,92.0,-1.0,-1.0,-1.0,-1.0,-1.0,XL,2012-10-20 05:30:00,8,41.34045,2.08022
-1.0,-1.0,16.1,95.0,-1.0,-1.0,-1.0,-1.0,-1.0,XO,2012-10-20 05:30:00,499,41.93497,2.23987
-1.0,-1.0,16.8,98.0,-1.0,0.4,163.0,-1.0,-1.0,XP,2012-10-20 05:30:00,349,41.06581,0.43006
3.0,111.0,16.0,86.0,934.3,-1.0,-1.0,-1.0,-1.0,XT,2012-10-20 05:30:00,691,41.98766,1.51165
4.0,76.0,20.4,89.0,1002.7,-1.0,-1.0,-1.0,-1.0,X8,2012-10-20 05:30:00,79,41.37919,2.1054
7.9,171.0,5.3,97.0,-1.0,-1.0,-1.0,-1.0,-1.0,ZB,2012-10-20 05:30:00,2451,42.51939,1.36597
4.0,210.0,5.5,99.0,-1.0,-1.0,-1.0,-1.0,-1.0,ZC,2012-10-20 05:30:00,2410,42.42117,2.24565
-1.0,-1.0,6.6,98.0,-1.0,-1.0,-1.0,4.2,149.0,Z1,2012-10-20 05:30:00,2266,42.64691,0.98486
-1.0,-1.0,4.8,98.0,-1.0,-1.0,-1.0,4.1,359.0,Z2,2012-10-20 05:30:00,2535,42.46602,0.88405
-1.0,-1.0,6.5,97.0,-1.0,-1.0,-1.0,1.1,167.0,Z3,2012-10-20 05:30:00,2230,42.46605,1.7785
-1.0,-1.0,5.8,100.0,-1.0,-1.0,-1.0,5.2,131.0,Z5,2012-10-20 05:30:00,2400,42.70029,1.27201
-1.0,-1.0,7.4,94.0,-1.0,-1.0,-1.0,3.8,62.0,Z6,2012-10-20 05:30:00,2228,42.77011,0.73198
4.0,252.0,5.1,98.0,-1.0,-1.0,-1.0,-1.0,-1.0,Z7,2012-10-20 05:30:00,2519,42.53412,1.05476
-1.0,-1.0,6.3,100.0,-1.0,-1.0,-1.0,11.5,120.0,Z8,2012-10-20 05:30:00,2316,42.18254,1.52407
9.2,102.0,7.3,97.0,-1.0,-1.0,-1.0,-1.0,-1.0,Z9,2012-10-20 05:30:00,2143,42.29265,1.71498
0.4,186.0,14.9,95.0,942.0,-1.0,-1.0,-1.0,-1.0,CC,2012-10-20 06:00:00,626,42.07398,2.20862
0.9,73.0,13.5,95.0,917.2,-1.0,-1.0,-1.0,-1.0,CD,2012-10-20 06:00:00,849,42.37083,1.43277
2.7,83.0,18.3,94.0,975.8,-1.0,-1.0,-1.0,-1.0,CE,2012-10-20 06:00:00,316,41.53109,1.80813
1.1,231.0,11.7,100.0,859.9,-1.0,-1.0,-1.0,-1.0,CG,2012-10-20 06:00:00,1405,42.37717,2.41456
0.9,62.0,13.6,92.0,917.9,-1.0,-1.0,-1.0,-1.0,CI,2012-10-20 06:00:00,852,42.25839,2.36429
0.6,146.0,14.8,99.0,949.2,-1.0,-1.0,-1.0,-1.0,CJ,2012-10-20 06:00:00,566.5,42.21624,1.33132
0.4,72.0,16.2,99.0,972.5,-1.0,-1.0,-1.0,-1.0,CL,2012-10-20 06:00:00,349,41.67399,1.76796
5.1,101.0,18.3,69.0,934.6,-1.0,-1.0,-1.0,-1.0,CP,2012-10-20 06:00:00,690,42.13924,1.03893
3.3,342.0,18.7,70.0,944.7,-1.0,-1.0,-1.0,-1.0,CQ,2012-10-20 06:00:00,594,41.99546,1.02569
4.3,58.0,15.4,88.0,915.8,-1.0,-1.0,-1.0,-1.0,CR,2012-10-20 06:00:00,873,42.08032,1.9624
0.2,118.0,13.1,100.0,919.6,-1.0,-1.0,-1.0,-1.0,CT,2012-10-20 06:00:00,823,42.39811,0.74362
1.1,96.0,10.0,94.0,899.0,-1.0,-1.0,-1.0,-1.0,CU,2012-10-20 06:00:00,1002,42.69856,0.79397
1.1,6.0,16.6,86.0,953.5,-1.0,-1.0,-1.0,-1.0,CV,2012-10-20 06:00:00,513.3,42.23939,0.96434
1.5,92.0,17.1,84.0,960.4,-1.0,-1.0,-1.0,-1.0,CW,2012-10-20 06:00:00,446,41.39241,1.09894
2.1,58.0,14.7,100.0,921.5,-1.0,-1.0,-1.0,-1.0,CY,2012-10-20 06:00:00,816,41.87813,2.17873
3.5,52.0,17.8,90.0,981.1,-1.0,-1.0,-1.0,-1.0,C6,2012-10-20 06:00:00,264,41.6566,0.95172
5.1,90.0,17.9,90.0,962.8,-1.0,-1.0,-1.0,-1.0,C7,2012-10-20 06:00:00,427,41.66695,1.16234
2.6,80.0,16.9,83.0,948.6,-1.0,-1.0,-1.0,-1.0,C8,2012-10-20 06:00:00,554,41.67555,1.29609
2.3,299.0,17.3,99.0,983.1,-1.0,-1.0,-1.0,-1.0,C9,2012-10-20 06:00:00,240,40.71825,0.39988
3.4,85.0,18.7,100.0,989.7,-1.0,-1.0,-1.0,-1.0,DB,2012-10-20 06:00:00,179,40.87287,0.71581
0.3,6.0,15.9,98.0,965.1,-1.0,-1.0,-1.0,-1.0,DC,2012-10-20 06:00:00,421.5,42.19144,2.48263
4.4,58.0,21.0,94.0,1007.6,-1.0,-1.0,-1.0,-1.0,DD,2012-10-20 06:00:00,44.5,41.51175,2.38674
1.7,107.0,20.6,96.0,1010.4,-1.0,-1.0,-1.0,-1.0,DF,2012-10-20 06:00:00,28.6,41.97751,3.03543
2.2,325.0,8.3,94.0,803.5,-1.0,-1.0,-1.0,-1.0,DG,2012-10-20 06:00:00,1971.4,42.39848,2.15517
4.6,56.0,17.8,95.0,964.8,-1.0,-1.0,-1.0,-1.0,DI,2012-10-20 06:00:00,415,41.43292,1.62386
1.1,7.0,18.6,97.0,993.2,-1.0,-1.0,-1.0,-1.0,DJ,2012-10-20 06:00:00,176,42.11653,2.78969
5.1,27.0,20.8,85.0,1010.7,-1.0,-1.0,-1.0,-1.0,DK,2012-10-20 06:00:00,2,41.14677,1.41846
4.4,70.0,21.8,96.0,1009.9,-1.0,-1.0,-1.0,-1.0,DL,2012-10-20 06:00:00,0.5,40.70719,0.83449
0.6,262.0,17.9,97.0,996.0,-1.0,-1.0,-1.0,-1.0,DN,2012-10-20 06:00:00,150,41.96095,2.63108
2.8,83.0,19.6,95.0,1011.8,-1.0,-1.0,-1.0,-1.0,DO,2012-10-20 06:00:00,14,41.80857,3.03241
0.8,79.0,13.0,87.0,891.6,-1.0,-1.0,-1.0,-1.0,DP,2012-10-20 06:00:00,1097,42.38605,1.8664
4.8,65.0,19.3,76.0,978.1,-1.0,-1.0,-1.0,-1.0,DQ,2012-10-20 06:00:00,287,41.30728,1.36259
-1.0,-1.0,16.2,96.0,964.5,-1.0,-1.0,-1.0,-1.0,D1,2012-10-20 06:00:00,404,41.28521,0.75383
-1.0,-1.0,19.1,88.0,972.9,-1.0,-1.0,-1.0,-1.0,D2,2012-10-20 06:00:00,343,41.59252,1.915
1.4,92.0,18.8,97.0,983.0,-1.0,-1.0,-1.0,-1.0,D3,2012-10-20 06:00:00,252,41.38197,1.93564
3.7,98.0,20.0,95.0,1010.8,-1.0,-1.0,-1.0,-1.0,D4,2012-10-20 06:00:00,24,42.27065,3.18165
6.7,67.0,18.6,94.0,965.3,-1.0,-1.0,-1.0,-1.0,D5,2012-10-20 06:00:00,411.2,41.41843,2.12388
6.6,173.0,18.2,99.0,991.1,-1.0,-1.0,-1.0,-1.0,D6,2012-10-20 06:00:00,196,42.43515,3.16622
0.7,332.0,18.2,96.0,1005.2,-1.0,-1.0,-1.0,-1.0,D7,2012-10-20 06:00:00,53,41.18499,0.59376
1.4,325.0,15.3,98.0,951.9,-1.0,-1.0,-1.0,-1.0,D8,2012-10-20 06:00:00,515,40.95134,0.30565
2.6,38.0,20.0,88.0,1004.6,-1.0,-1.0,-1.0,-1.0,D9,2012-10-20 06:00:00,59,41.21553,1.52121
5.0,74.0,19.6,82.0,973.8,-1.0,-1.0,-1.0,-1.0,H1,2012-10-20 06:00:00,333,41.58642,1.65306
0.3,343.0,16.3,95.0,988.3,-1.0,-1.0,-1.0,-1.0,R1,2012-10-20 06:00:00,210,41.70637,1.87276
-1.0,-1.0,20.2,88.0,-1.0,3.2,66.0,-1.0,-1.0,UA,2012-10-20 06:00:00,93,40.9091,0.76943
-1.0,-1.0,19.1,91.0,-1.0,2.4,115.0,-1.0,-1.0,UB,2012-10-20 06:00:00,15,42.05398,3.06195
-1.0,-1.0,19.4,93.0,-1.0,0.5,97.0,-1.0,-1.0,UC,2012-10-20 06:00:00,60,41.97726,2.99705
-1.0,-1.0,20.3,95.0,-1.0,-1.0,-1.0,-1.0,-1.0,UD,2012-10-20 06:00:00,12,42.02895,3.06227
-1.0,-1.0,19.7,95.0,-1.0,-1.0,-1.0,-1.0,-1.0,UE,2012-10-20 06:00:00,4,42.02306,3.15719
-1.0,-1.0,17.2,100.0,-1.0,2.8,73.0,-1.0,-1.0,UF,2012-10-20 06:00:00,573,41.28832,1.90775
-1.0,-1.0,21.4,93.0,-1.0,1.6,47.0,-1.0,-1.0,UG,2012-10-20 06:00:00,3,41.29928,2.03787
-1.0,-1.0,16.9,94.0,-1.0,1.4,38.0,1.5,47.0,UH,2012-10-20 06:00:00,545,41.34171,1.48769
-1.0,-1.0,11.6,99.0,-1.0,0.1,163.0,-1.0,-1.0,UI,2012-10-20 06:00:00,1386,42.26477,1.76218
-1.0,-1.0,16.1,90.0,-1.0,4.4,75.0,6.1,84.0,UJ,2012-10-20 06:00:00,709,41.52879,1.3683
-1.0,-1.0,20.5,83.0,-1.0,1.2,305.0,-1.0,-1.0,UK,2012-10-20 06:00:00,161,41.27861,1.80479
-1.0,-1.0,16.4,95.0,-1.0,0.2,111.0,-1.0,-1.0,UL,2012-10-20 06:00:00,228,41.52911,0.75303
-1.0,-1.0,15.2,95.0,-1.0,0.5,83.0,-1.0,-1.0,UM,2012-10-20 06:00:00,505,41.35991,0.66789
-1.0,-1.0,19.8,98.0,-1.0,1.1,79.0,-1.0,-1.0,UN,2012-10-20 06:00:00,171,41.87449,2.92694
-1.0,-1.0,19.4,96.0,-1.0,-1.0,-1.0,-1.0,-1.0,UO,2012-10-20 06:00:00,97,41.91461,2.82069
1.6,85.0,21.0,91.0,1003.2,-1.0,-1.0,-1.0,-1.0,UP,2012-10-20 06:00:00,81,41.51773,2.37702
-1.0,-1.0,18.3,92.0,-1.0,1.5,69.0,-1.0,-1.0,UQ,2012-10-20 06:00:00,460,41.61991,2.44532
-1.0,-1.0,20.2,94.0,-1.0,2.6,31.0,-1.0,-1.0,US,2012-10-20 06:00:00,24,40.55786,0.52329
2.3,290.0,19.2,95.0,1010.1,-1.0,-1.0,-1.0,-1.0,UU,2012-10-20 06:00:00,3,40.70776,0.6321
-1.0,-1.0,19.2,89.0,1010.4,3.0,342.0,-1.0,-1.0,UW,2012-10-20 06:00:00,0,40.62725,0.65922
-1.0,-1.0,17.6,100.0,-1.0,0.7,10.0,-1.0,-1.0,UX,2012-10-20 06:00:00,210,40.62652,0.37112
-1.0,-1.0,17.4,80.0,-1.0,1.6,92.0,3.4,95.0,UY,2012-10-20 06:00:00,576,41.87912,0.76103
-1.0,-1.0,19.4,99.0,-1.0,0.7,128.0,-1.0,-1.0,U1,2012-10-20 06:00:00,31,42.30648,2.95481
3.3,102.0,19.7,100.0,1013.6,-1.0,-1.0,-1.0,-1.0,U2,2012-10-20 06:00:00,4,42.17716,3.0968
-1.0,-1.0,18.4,90.0,-1.0,1.5,26.0,-1.0,-1.0,U3,2012-10-20 06:00:00,257,41.37491,1.63032
2.8,61.0,17.8,81.0,-1.0,1.8,72.0,-1.0,-1.0,U4,2012-10-20 06:00:00,507,41.83094,1.84699
-1.0,-1.0,14.2,94.0,-1.0,1.1,85.0,-1.0,-1.0,U5,2012-10-20 06:00:00,969,41.31349,0.99611
-1.0,-1.0,20.4,86.0,-1.0,2.0,41.0,-1.0,-1.0,U6,2012-10-20 06:00:00,29,41.08017,1.06661
-1.0,-1.0,18.6,95.0,-1.0,0.5,35.0,-1.0,-1.0,U7,2012-10-20 06:00:00,52,40.85936,0.50525
-1.0,-1.0,19.2,94.0,-1.0,0.8,35.0,-1.0,-1.0,U9,2012-10-20 06:00:00,62,40.76947,0.61635
-1.0,-1.0,17.3,95.0,-1.0,0.5,278.0,-1.0,-1.0,VA,2012-10-20 06:00:00,257,41.19645,0.51161
0.9,349.0,18.5,97.0,-1.0,-1.0,-1.0,-1.0,-1.0,VB,2012-10-20 06:00:00,32,41.06289,0.63517
-1.0,-1.0,17.1,93.0,-1.0,2.6,265.0,-1.0,-1.0,VC,2012-10-20 06:00:00,69,41.24415,0.43266
-1.0,-1.0,17.7,76.0,-1.0,1.0,84.0,-1.0,-1.0,VD,2012-10-20 06:00:00,429,41.68939,1.20381
-1.0,-1.0,17.2,95.0,-1.0,0.2,205.0,-1.0,-1.0,VE,2012-10-20 06:00:00,97,41.48692,0.46058
-1.0,-1.0,17.0,96.0,-1.0,0.1,36.0,-1.0,-1.0,VF,2012-10-20 06:00:00,122,41.56482,0.54999
-1.0,-1.0,16.7,94.0,-1.0,0.1,223.0,-1.0,-1.0,VH,2012-10-20 06:00:00,259,41.65814,0.39301
-1.0,-1.0,17.8,84.0,-1.0,1.0,62.0,-1.0,-1.0,VJ,2012-10-20 06:00:00,161,41.59957,0.6478
3.2,89.0,18.1,84.0,978.4,-1.0,-1.0,-1.0,-1.0,VK,2012-10-20 06:00:00,286,41.68328,0.4487
-1.0,-1.0,18.3,79.0,-1.0,2.1,73.0,-1.0,-1.0,VM,2012-10-20 06:00:00,222,41.7145,0.62839
-1.0,-1.0,19.3,94.0,-1.0,-1.0,-1.0,-1.0,-1.0,VN,2012-10-20 06:00:00,117,41.88244,2.74262
-1.0,-1.0,17.5,70.0,-1.0,1.8,74.0,-1.0,-1.0,VO,2012-10-20 06:00:00,785,42.08745,1.42792
-1.0,-1.0,15.7,90.0,-1.0,2.5,86.0,4.2,87.0,VP,2012-10-20 06:00:00,659,41.80483,1.53853
3.2,36.0,19.4,86.0,997.9,-1.0,-1.0,-1.0,-1.0,VQ,2012-10-20 06:00:00,112,41.1713,1.16774
-1.0,-1.0,17.7,85.0,-1.0,0.7,10.0,-1.0,-1.0,VR,2012-10-20 06:00:00,291,41.68994,1.04401
4.9,164.0,6.6,99.0,774.7,-1.0,-1.0,-1.0,-1.0,VS,2012-10-20 06:00:00,2247,42.63835,0.77889
-1.0,-1.0,19.4,93.0,-1.0,0.5,76.0,-1.0,-1.0,VT,2012-10-20 06:00:00,84,41.48401,2.12745
-1.0,-1.0,17.0,83.0,-1.0,1.6,65.0,-1.0,-1.0,VU,2012-10-20 06:00:00,421,41.63286,1.91718
0.7,156.0,17.1,97.0,-1.0,-1.0,-1.0,-1.0,-1.0,VV,2012-10-20 06:00:00,528,41.68129,2.02647
-1.0,-1.0,14.8,94.0,-1.0,1.8,128.0,-1.0,-1.0,VX,2012-10-20 06:00:00,1030,41.74761,2.30291
-1.0,-1.0,19.3,82.0,-1.0,-1.0,-1.0,-1.0,-1.0,VY,2012-10-20 06:00:00,240,41.25095,1.29863
-1.0,-1.0,19.9,94.0,-1.0,-1.0,-1.0,-1.0,-1.0,VZ,2012-10-20 06:00:00,83,42.38443,3.00736
-1.0,-1.0,18.3,81.0,-1.0,0.7,95.0,-1.0,-1.0,V1,2012-10-20 06:00:00,238,41.78487,0.82939
-1.0,-1.0,16.7,91.0,-1.0,1.4,351.0,-1.0,-1.0,V3,2012-10-20 06:00:00,509,41.95224,2.23271
-1.0,-1.0,15.4,89.0,936.8,-1.0,-1.0,0.6,324.0,V4,2012-10-20 06:00:00,684,42.11477,2.21483
-1.0,-1.0,16.3,84.0,-1.0,1.5,57.0,2.1,51.0,V5,2012-10-20 06:00:00,774,42.03947,2.11993
-1.0,-1.0,17.5,86.0,-1.0,0.7,68.0,-1.0,-1.0,V8,2012-10-20 06:00:00,223,41.67279,0.87741
-1.0,-1.0,18.8,72.0,-1.0,2.5,85.0,-1.0,-1.0,WA,2012-10-20 06:00:00,443,41.87694,1.1541
-1.0,-1.0,17.7,85.0,-1.0,2.4,95.0,-1.0,-1.0,WB,2012-10-20 06:00:00,267,41.76036,0.67022
-1.0,-1.0,17.9,82.0,-1.0,2.1,64.0,-1.0,-1.0,WC,2012-10-20 06:00:00,261,41.63642,0.92446
-1.0,-1.0,14.8,100.0,-1.0,1.0,337.0,-1.0,-1.0,WD,2012-10-20 06:00:00,382,41.08671,0.31884
-1.0,-1.0,20.4,87.0,-1.0,1.5,85.0,-1.0,-1.0,WE,2012-10-20 06:00:00,126,41.5444,2.30014
-1.0,-1.0,19.2,93.0,-1.0,-1.0,-1.0,-1.0,-1.0,WF,2012-10-20 06:00:00,108,41.95425,2.77578
-1.0,-1.0,17.6,83.0,-1.0,1.6,80.0,-1.0,-1.0,WG,2012-10-20 06:00:00,301,41.80104,0.64804
-1.0,-1.0,16.1,95.0,-1.0,0.5,325.0,-1.0,-1.0,WI,2012-10-20 06:00:00,350,41.35741,0.4809
-1.0,-1.0,17.7,100.0,-1.0,0.5,198.0,-1.0,-1.0,WJ,2012-10-20 06:00:00,141,41.1223,0.72182
-1.0,-1.0,17.4,87.0,-1.0,0.4,101.0,-1.0,-1.0,WK,2012-10-20 06:00:00,268,41.81949,0.57768
-1.0,-1.0,18.4,82.0,-1.0,2.5,98.0,-1.0,-1.0,WL,2012-10-20 06:00:00,413,41.57236,1.0882
4.4,79.0,13.6,87.0,-1.0,-1.0,-1.0,-1.0,-1.0,WM,2012-10-20 06:00:00,1167,42.10736,1.8267
-1.0,-1.0,15.2,99.0,-1.0,-1.0,-1.0,5.3,109.0,WN,2012-10-20 06:00:00,916,41.59539,1.83751
-1.0,-1.0,19.8,83.0,-1.0,-1.0,-1.0,-1.0,-1.0,WO,2012-10-20 06:00:00,185,41.27151,1.46717
-1.0,-1.0,18.3,96.0,-1.0,2.2,56.0,-1.0,-1.0,WP,2012-10-20 06:00:00,325,41.48518,1.69337
12.5,150.0,10.3,99.0,840.9,-1.0,-1.0,-1.0,-1.0,WQ,2012-10-20 06:00:00,1572,42.0513,0.72952
-1.0,-1.0,17.3,95.0,-1.0,0.5,352.0,-1.0,-1.0,WR,2012-10-20 06:00:00,300,41.2163,0.79748
2.6,111.0,15.1,96.0,906.4,-1.0,-1.0,-1.0,-1.0,WS,2012-10-20 06:00:00,953,41.84008,2.41877
3.3,74.0,20.9,99.0,1013.2,-1.0,-1.0,-1.0,-1.0,WT,2012-10-20 06:00:00,2,41.64707,2.75658
-1.0,-1.0,21.4,90.0,1007.7,-1.0,-1.0,5.2,52.0,WU,2012-10-20 06:00:00,42,41.45215,2.24757
0.5,335.0,13.9,100.0,926.3,-1.0,-1.0,-1.0,-1.0,WV,2012-10-20 06:00:00,788,42.23414,1.87485
-1.0,-1.0,17.7,89.0,-1.0,-1.0,-1.0,-1.0,-1.0,WW,2012-10-20 06:00:00,278,41.79423,1.9368
-1.0,-1.0,17.0,78.0,-1.0,3.6,90.0,-1.0,-1.0,WX,2012-10-20 06:00:00,668,41.9178,0.88175
-1.0,-1.0,19.2,91.0,-1.0,1.5,55.0,-1.0,-1.0,WY,2012-10-20 06:00:00,164,41.43386,1.79429
2.3,59.0,21.1,85.0,1009.4,-1.0,-1.0,-1.0,-1.0,WZ,2012-10-20 06:00:00,17,41.20187,1.63346
-1.0,-1.0,19.6,93.0,-1.0,-1.0,-1.0,-1.0,-1.0,W1,2012-10-20 06:00:00,2,42.24726,3.09021
-1.0,-1.0,19.7,98.0,-1.0,-1.0,-1.0,-1.0,-1.0,W2,2012-10-20 06:00:00,7,42.18259,3.05783
-1.0,-1.0,20.0,91.0,-1.0,-1.0,-1.0,-1.0,-1.0,W3,2012-10-20 06:00:00,4,42.15006,3.06494
-1.0,-1.0,18.7,90.0,-1.0,3.3,39.0,-1.0,-1.0,W4,2012-10-20 06:00:00,240,41.36619,1.72857
-1.0,-1.0,16.1,96.0,-1.0,0.5,106.0,-1.0,-1.0,W5,2012-10-20 06:00:00,490,42.07683,1.31489
-1.0,-1.0,19.0,86.0,-1.0,0.9,53.0,-1.0,-1.0,W6,2012-10-20 06:00:00,158,41.13738,1.0187
-1.0,-1.0,17.8,85.0,-1.0,-1.0,-1.0,-1.0,-1.0,W8,2012-10-20 06:00:00,438,41.44237,1.15998
-1.0,-1.0,16.0,98.0,-1.0,0.4,308.0,-1.0,-1.0,W9,2012-10-20 06:00:00,461,42.14557,2.45451
4.7,86.0,14.8,95.0,924.1,-1.0,-1.0,-1.0,-1.0,XA,2012-10-20 06:00:00,785,41.60257,1.4007
-1.0,-1.0,16.8,94.0,-1.0,-1.0,-1.0,-1.0,-1.0,XB,2012-10-20 06:00:00,584,41.4779,1.53529
1.0,75.0,18.9,94.0,995.9,-1.0,-1.0,-1.0,-1.0,XC,2012-10-20 06:00:00,147,41.47892,1.97546
2.5,111.0,16.8,76.0,933.4,-1.0,-1.0,-1.0,-1.0,XD,2012-10-20 06:00:00,687,41.32,0.8857
3.0,43.0,20.8,84.0,1010.3,-1.0,-1.0,-1.0,-1.0,XE,2012-10-20 06:00:00,5,41.10393,1.201
3.4,50.0,18.8,93.0,982.9,-1.0,-1.0,-1.0,-1.0,XF,2012-10-20 06:00:00,258,41.56568,2.06952
3.8,57.0,20.4,82.0,999.1,-1.0,-1.0,-1.0,-1.0,XG,2012-10-20 06:00:00,123,41.56734,2.22619
-1.0,-1.0,13.7,100.0,936.4,-1.0,-1.0,-1.0,-1.0,XH,2012-10-20 06:00:00,679,42.40533,1.12993
-1.0,-1.0,18.6,79.0,983.2,2.1,71.0,-1.0,-1.0,XI,2012-10-20 06:00:00,247,41.61817,0.87182
1.3,11.0,19.5,100.0,1004.9,-1.0,-1.0,-1.0,-1.0,XJ,2012-10-20 06:00:00,72,41.98223,2.80686
10.7,66.0,11.1,100.0,-1.0,-1.0,-1.0,-1.0,-1.0,XK,2012-10-20 06:00:00,1668,41.77362,2.43774
3.6,68.0,21.4,92.0,-1.0,-1.0,-1.0,-1.0,-1.0,XL,2012-10-20 06:00:00,8,41.34045,2.08022
-1.0,-1.0,16.7,91.0,-1.0,0.8,8.0,-1.0,-1.0,XM,2012-10-20 06:00:00,235,41.59522,0.73507
-1.0,-1.0,17.0,98.0,-1.0,0.4,143.0,-1.0,-1.0,XN,2012-10-20 06:00:00,89,41.46379,0.42765
-1.0,-1.0,16.4,94.0,-1.0,-1.0,-1.0,-1.0,-1.0,XO,2012-10-20 06:00:00,499,41.93497,2.23987
-1.0,-1.0,16.8,98.0,-1.0,0.6,336.0,-1.0,-1.0,XP,2012-10-20 06:00:00,349,41.06581,0.43006
3.8,106.0,16.7,83.0,934.4,-1.0,-1.0,-1.0,-1.0,XT,2012-10-20 06:00:00,691,41.98766,1.51165
5.4,97.0,19.1,85.0,970.3,-1.0,-1.0,-1.0,-1.0,X1,2012-10-20 06:00:00,359,41.15374,0.81953
-1.0,-1.0,21.3,93.0,-1.0,-1.0,-1.0,-1.0,-1.0,X2,2012-10-20 06:00:00,7,41.38943,2.18847
7.7,90.0,17.2,83.0,968.7,-1.0,-1.0,-1.0,-1.0,X3,2012-10-20 06:00:00,370,41.74281,0.5358
3.2,64.0,21.4,91.0,1008.3,-1.0,-1.0,-1.0,-1.0,X4,2012-10-20 06:00:00,33,41.3839,2.16775
4.1,46.0,13.2,95.0,893.4,-1.0,-1.0,-1.0,-1.0,X5,2012-10-20 06:00:00,1055,40.79705,0.31822
-1.0,-1.0,19.0,73.0,-1.0,1.3,30.0,-1.0,-1.0,X6,2012-10-20 06:00:00,366,41.92173,1.02901
-1.0,-1.0,17.1,92.0,-1.0,0.3,50.0,-1.0,-1.0,X7,2012-10-20 06:00:00,215,41.51909,0.55314
3.5,73.0,20.4,90.0,1002.9,-1.0,-1.0,-1.0,-1.0,X8,2012-10-20 06:00:00,79,41.37919,2.1054
2.0,48.0,19.3,87.0,993.1,-1.0,-1.0,-1.0,-1.0,X9,2012-10-20 06:00:00,176,41.61265,2.16836
8.5,172.0,5.4,97.0,-1.0,-1.0,-1.0,-1.0,-1.0,ZB,2012-10-20 06:00:00,2451,42.51939,1.36597
4.4,145.0,5.7,99.0,-1.0,-1.0,-1.0,-1.0,-1.0,ZC,2012-10-20 06:00:00,2410,42.42117,2.24565
-1.0,-1.0,6.5,98.0,-1.0,-1.0,-1.0,3.9,139.0,Z1,2012-10-20 06:00:00,2266,42.64691,0.98486
-1.0,-1.0,4.6,98.0,-1.0,-1.0,-1.0,4.9,11.0,Z2,2012-10-20 06:00:00,2535,42.46602,0.88405
-1.0,-1.0,6.5,97.0,-1.0,-1.0,-1.0,0.9,159.0,Z3,2012-10-20 06:00:00,2230,42.46605,1.7785
-1.0,-1.0,5.7,100.0,-1.0,-1.0,-1.0,5.6,130.0,Z5,2012-10-20 06:00:00,2400,42.70029,1.27201
-1.0,-1.0,7.5,93.0,-1.0,-1.0,-1.0,4.5,71.0,Z6,2012-10-20 06:00:00,2228,42.77011,0.73198
4.7,256.0,4.9,98.0,-1.0,-1.0,-1.0,-1.0,-1.0,Z7,2012-10-20 06:00:00,2519,42.53412,1.05476
-1.0,-1.0,6.0,100.0,-1.0,-1.0,-1.0,11.0,125.0,Z8,2012-10-20 06:00:00,2316,42.18254,1.52407
9.8,101.0,7.0,97.0,-1.0,-1.0,-1.0,-1.0,-1.0,Z9,2012-10-20 06:00:00,2143,42.29265,1.71498
0.6,215.0,15.1,95.0,942.2,-1.0,-1.0,-1.0,-1.0,CC,2012-10-20 06:30:00,626,42.07398,2.20862
0.8,357.0,13.5,95.0,917.5,-1.0,-1.0,-1.0,-1.0,CD,2012-10-20 06:30:00,849,42.37083,1.43277
2.9,86.0,18.5,95.0,975.9,-1.0,-1.0,-1.0,-1.0,CE,2012-10-20 06:30:00,316,41.53109,1.80813
1.3,191.0,11.7,100.0,860.0,-1.0,-1.0,-1.0,-1.0,CG,2012-10-20 06:30:00,1405,42.37717,2.41456
1.0,74.0,13.7,92.0,918.1,-1.0,-1.0,-1.0,-1.0,CI,2012-10-20 06:30:00,852,42.25839,2.36429
0.4,354.0,14.8,99.0,949.4,-1.0,-1.0,-1.0,-1.0,CJ,2012-10-20 06:30:00,566.5,42.21624,1.33132
0.3,316.0,16.6,97.0,972.6,-1.0,-1.0,-1.0,-1.0,CL,2012-10-20 06:30:00,349,41.67399,1.76796
5.0,96.0,18.4,67.0,934.7,-1.0,-1.0,-1.0,-1.0,CP,2012-10-20 06:30:00,690,42.13924,1.03893
1.0,235.0,17.7,77.0,945.0,-1.0,-1.0,-1.0,-1.0,CQ,2012-10-20 06:30:00,594,41.99546,1.02569
4.5,58.0,15.5,88.0,916.0,-1.0,-1.0,-1.0,-1.0,CR,2012-10-20 06:30:00,873,42.08032,1.9624
0.4,117.0,13.1,100.0,919.7,-1.0,-1.0,-1.0,-1.0,CT,2012-10-20 06:30:00,823,42.39811,0.74362
0.5,231.0,10.0,94.0,899.2,-1.0,-1.0,-1.0,-1.0,CU,2012-10-20 06:30:00,1002,42.69856,0.79397
0.6,301.0,16.3,89.0,953.6,-1.0,-1.0,-1.0,-1.0,CV,2012-10-20 06:30:00,513.3,42.23939,0.96434
2.0,93.0,17.7,83.0,960.4,-1.0,-1.0,-1.0,-1.0,CW,2012-10-20 06:30:00,446,41.39241,1.09894
2.8,72.0,15.1,99.0,921.7,-1.0,-1.0,-1.0,-1.0,CY,2012-10-20 06:30:00,816,41.87813,2.17873
4.1,60.0,18.8,86.0,981.0,-1.0,-1.0,-1.0,-1.0,C6,2012-10-20 06:30:00,264,41.6566,0.95172
6.4,93.0,18.3,87.0,962.7,-1.0,-1.0,-1.0,-1.0,C7,2012-10-20 06:30:00,427,41.66695,1.16234
2.4,77.0,17.1,83.0,948.8,-1.0,-1.0,-1.0,-1.0,C8,2012-10-20 06:30:00,554,41.67555,1.29609
2.0,311.0,17.5,99.0,983.1,-1.0,-1.0,-1.0,-1.0,C9,2012-10-20 06:30:00,240,40.71825,0.39988
3.4,85.0,18.7,100.0,989.9,-1.0,-1.0,-1.0,-1.0,DB,2012-10-20 06:30:00,179,40.87287,0.71581
0.4,340.0,16.1,98.0,965.4,-1.0,-1.0,-1.0,-1.0,DC,2012-10-20 06:30:00,421.5,42.19144,2.48263
4.3,52.0,21.1,94.0,1007.7,-1.0,-1.0,-1.0,-1.0,DD,2012-10-20 06:30:00,44.5,41.51175,2.38674
1.5,98.0,20.6,96.0,1010.5,-1.0,-1.0,-1.0,-1.0,DF,2012-10-20 06:30:00,28.6,41.97751,3.03543
2.2,309.0,8.2,95.0,803.5,-1.0,-1.0,-1.0,-1.0,DG,2012-10-20 06:30:00,1971.4,42.39848,2.15517
5.0,58.0,18.0,95.0,964.7,-1.0,-1.0,-1.0,-1.0,DI,2012-10-20 06:30:00,415,41.43292,1.62386
1.6,47.0,19.0,98.0,993.4,-1.0,-1.0,-1.0,-1.0,DJ,2012-10-20 06:30:00,176,42.11653,2.78969
4.6,26.0,20.9,85.0,1010.7,-1.0,-1.0,-1.0,-1.0,DK,2012-10-20 06:30:00,2,41.14677,1.41846
4.8,75.0,21.8,95.0,1010.2,-1.0,-1.0,-1.0,-1.0,DL,2012-10-20 06:30:00,0.5,40.70719,0.83449
0.7,262.0,18.0,97.0,996.3,-1.0,-1.0,-1.0,-1.0,DN,2012-10-20 06:30:00,150,41.96095,2.63108
2.6,79.0,19.6,94.0,1012.0,-1.0,-1.0,-1.0,-1.0,DO,2012-10-20 06:30:00,14,41.80857,3.03241
1.3,333.0,13.4,85.0,891.7,-1.0,-1.0,-1.0,-1.0,DP,2012-10-20 06:30:00,1097,42.38605,1.8664
5.9,69.0,19.1,79.0,978.1,-1.0,-1.0,-1.0,-1.0,DQ,2012-10-20 06:30:00,287,41.30728,1.36259
-1.0,-1.0,16.1,97.0,964.5,-1.0,-1.0,-1.0,-1.0,D1,2012-10-20 06:30:00,404,41.28521,0.75383
-1.0,-1.0,19.2,88.0,972.8,-1.0,-1.0,-1.0,-1.0,D2,2012-10-20 06:30:00,343,41.59252,1.915
1.3,69.0,19.1,97.0,983.0,-1.0,-1.0,-1.0,-1.0,D3,2012-10-20 06:30:00,252,41.38197,1.93564
3.4,109.0,20.2,95.0,1011.0,-1.0,-1.0,-1.0,-1.0,D4,2012-10-20 06:30:00,24,42.27065,3.18165
7.1,69.0,18.8,94.0,965.3,-1.0,-1.0,-1.0,-1.0,D5,2012-10-20 06:30:00,411.2,41.41843,2.12388
6.5,172.0,18.3,99.0,991.3,-1.0,-1.0,-1.0,-1.0,D6,2012-10-20 06:30:00,196,42.43515,3.16622
0.4,11.0,18.3,96.0,1005.2,-1.0,-1.0,-1.0,-1.0,D7,2012-10-20 06:30:00,53,41.18499,0.59376
1.7,341.0,15.0,98.0,951.8,-1.0,-1.0,-1.0,-1.0,D8,2012-10-20 06:30:00,515,40.95134,0.30565
3.2,30.0,20.2,88.0,1004.6,-1.0,-1.0,-1.0,-1.0,D9,2012-10-20 06:30:00,59,41.21553,1.52121
2.9,55.0,18.7,84.0,974.1,-1.0,-1.0,-1.0,-1.0,H1,2012-10-20 06:30:00,333,41.58642,1.65306
0.9,17.0,16.3,95.0,988.2,-1.0,-1.0,-1.0,-1.0,R1,2012-10-20 06:30:00,210,41.70637,1.87276
3.4,38.0,19.8,85.0,997.9,-1.0,-1.0,-1.0,-1.0,VQ,2012-10-20 06:30:00,112,41.1713,1.16774
7.3,176.0,6.4,99.0,774.9,-1.0,-1.0,-1.0,-1.0,VS,2012-10-20 06:30:00,2247,42.63835,0.77889
-1.0,-1.0,21.4,91.0,1007.9,-1.0,-1.0,4.8,50.0,WU,2012-10-20 06:30:00,42,41.45215,2.24757
2.3,55.0,21.4,85.0,1009.2,-1.0,-1.0,-1.0,-1.0,WZ,2012-10-20 06:30:00,17,41.20187,1.63346
4.5,86.0,15.0,95.0,924.3,-1.0,-1.0,-1.0,-1.0,XA,2012-10-20 06:30:00,785,41.60257,1.4007
2.4,101.0,19.7,92.0,995.9,-1.0,-1.0,-1.0,-1.0,XC,2012-10-20 06:30:00,147,41.47892,1.97546
2.9,102.0,17.0,76.0,933.4,-1.0,-1.0,-1.0,-1.0,XD,2012-10-20 06:30:00,687,41.32,0.8857
3.0,53.0,21.0,84.0,1010.3,-1.0,-1.0,-1.0,-1.0,XE,2012-10-20 06:30:00,5,41.10393,1.201
4.1,48.0,18.9,93.0,982.9,-1.0,-1.0,-1.0,-1.0,XF,2012-10-20 06:30:00,258,41.56568,2.06952
3.6,50.0,20.3,84.0,999.2,-1.0,-1.0,-1.0,-1.0,XG,2012-10-20 06:30:00,123,41.56734,2.22619
-1.0,-1.0,13.7,100.0,936.5,-1.0,-1.0,-1.0,-1.0,XH,2012-10-20 06:30:00,679,42.40533,1.12993
1.2,18.0,19.8,100.0,1005.2,-1.0,-1.0,-1.0,-1.0,XJ,2012-10-20 06:30:00,72,41.98223,2.80686
9.9,78.0,10.9,100.0,-1.0,-1.0,-1.0,-1.0,-1.0,XK,2012-10-20 06:30:00,1668,41.77362,2.43774
4.4,66.0,21.4,93.0,-1.0,-1.0,-1.0,-1.0,-1.0,XL,2012-10-20 06:30:00,8,41.34045,2.08022
-1.0,-1.0,16.5,95.0,-1.0,-1.0,-1.0,-1.0,-1.0,XO,2012-10-20 06:30:00,499,41.93497,2.23987
-1.0,-1.0,16.8,98.0,-1.0,1.3,4.0,-1.0,-1.0,XP,2012-10-20 06:30:00,349,41.06581,0.43006
3.3,111.0,16.7,83.0,934.7,-1.0,-1.0,-1.0,-1.0,XT,2012-10-20 06:30:00,691,41.98766,1.51165
4.5,73.0,20.5,91.0,1002.8,-1.0,-1.0,-1.0,-1.0,X8,2012-10-20 06:30:00,79,41.37919,2.1054
9.6,176.0,5.4,97.0,-1.0,-1.0,-1.0,-1.0,-1.0,ZB,2012-10-20 06:30:00,2451,42.51939,1.36597
8.3,73.0,6.1,99.0,-1.0,-1.0,-1.0,-1.0,-1.0,ZC,2012-10-20 06:30:00,2410,42.42117,2.24565
-1.0,-1.0,6.6,95.0,-1.0,-1.0,-1.0,3.2,109.0,Z1,2012-10-20 06:30:00,2266,42.64691,0.98486
-1.0,-1.0,4.5,98.0,-1.0,-1.0,-1.0,6.7,36.0,Z2,2012-10-20 06:30:00,2535,42.46602,0.88405
-1.0,-1.0,6.4,97.0,-1.0,-1.0,-1.0,1.9,240.0,Z3,2012-10-20 06:30:00,2230,42.46605,1.7785
-1.0,-1.0,5.7,100.0,-1.0,-1.0,-1.0,5.5,124.0,Z5,2012-10-20 06:30:00,2400,42.70029,1.27201
-1.0,-1.0,7.3,93.0,-1.0,-1.0,-1.0,4.2,70.0,Z6,2012-10-20 06:30:00,2228,42.77011,0.73198
4.3,257.0,4.8,98.0,-1.0,-1.0,-1.0,-1.0,-1.0,Z7,2012-10-20 06:30:00,2519,42.53412,1.05476
-1.0,-1.0,5.9,100.0,-1.0,-1.0,-1.0,10.7,122.0,Z8,2012-10-20 06:30:00,2316,42.18254,1.52407
9.3,108.0,7.0,97.0,-1.0,-1.0,-1.0,-1.0,-1.0,Z9,2012-10-20 06:30:00,2143,42.29265,1.71498
0.5,202.0,15.5,94.0,942.3,-1.0,-1.0,-1.0,-1.0,CC,2012-10-20 07:00:00,626,42.07398,2.20862
1.3,336.0,13.5,95.0,917.6,-1.0,-1.0,-1.0,-1.0,CD,2012-10-20 07:00:00,849,42.37083,1.43277
2.7,87.0,18.7,95.0,975.8,-1.0,-1.0,-1.0,-1.0,CE,2012-10-20 07:00:00,316,41.53109,1.80813
2.3,189.0,11.9,100.0,860.3,-1.0,-1.0,-1.0,-1.0,CG,2012-10-20 07:00:00,1405,42.37717,2.41456
1.2,21.0,14.2,93.0,918.3,-1.0,-1.0,-1.0,-1.0,CI,2012-10-20 07:00:00,852,42.25839,2.36429
0.6,351.0,14.8,99.0,949.5,-1.0,-1.0,-1.0,-1.0,CJ,2012-10-20 07:00:00,566.5,42.21624,1.33132
0.4,5.0,16.8,96.0,972.6,-1.0,-1.0,-1.0,-1.0,CL,2012-10-20 07:00:00,349,41.67399,1.76796
3.4,108.0,18.5,66.0,935.1,-1.0,-1.0,-1.0,-1.0,CP,2012-10-20 07:00:00,690,42.13924,1.03893
0.7,226.0,17.0,82.0,945.2,-1.0,-1.0,-1.0,-1.0,CQ,2012-10-20 07:00:00,594,41.99546,1.02569
3.8,61.0,15.6,87.0,915.9,-1.0,-1.0,-1.0,-1.0,CR,2012-10-20 07:00:00,873,42.08032,1.9624
0.3,299.0,13.1,100.0,920.0,-1.0,-1.0,-1.0,-1.0,CT,2012-10-20 07:00:00,823,42.39811,0.74362
0.4,12.0,10.1,94.0,899.5,-1.0,-1.0,-1.0,-1.0,CU,2012-10-20 07:00:00,1002,42.69856,0.79397
0.5,279.0,16.2,90.0,953.9,-1.0,-1.0,-1.0,-1.0,CV,2012-10-20 07:00:00,513.3,42.23939,0.96434
2.5,113.0,18.5,80.0,960.5,-1.0,-1.0,-1.0,-1.0,CW,2012-10-20 07:00:00,446,41.39241,1.09894
3.1,74.0,15.6,98.0,921.7,-1.0,-1.0,-1.0,-1.0,CY,2012-10-20 07:00:00,816,41.87813,2.17873
3.9,52.0,19.6,82.0,981.0,-1.0,-1.0,-1.0,-1.0,C6,2012-10-20 07:00:00,264,41.6566,0.95172
7.1,91.0,19.1,84.0,962.6,-1.0,-1.0,-1.0,-1.0,C7,2012-10-20 07:00:00,427,41.66695,1.16234
5.3,80.0,17.8,81.0,948.8,-1.0,-1.0,-1.0,-1.0,C8,2012-10-20 07:00:00,554,41.67555,1.29609
2.1,3.0,18.1,99.0,983.0,-1.0,-1.0,-1.0,-1.0,C9,2012-10-20 07:00:00,240,40.71825,0.39988
3.7,87.0,19.0,100.0,989.9,-1.0,-1.0,-1.0,-1.0,DB,2012-10-20 07:00:00,179,40.87287,0.71581
0.8,206.0,16.3,98.0,965.4,-1.0,-1.0,-1.0,-1.0,DC,2012-10-20 07:00:00,421.5,42.19144,2.48263
4.4,55.0,21.1,94.0,1007.8,-1.0,-1.0,-1.0,-1.0,DD,2012-10-20 07:00:00,44.5,41.51175,2.38674
1.5,103.0,20.6,96.0,1010.7,-1.0,-1.0,-1.0,-1.0,DF,2012-10-20 07:00:00,28.6,41.97751,3.03543
1.9,300.0,8.4,97.0,803.7,-1.0,-1.0,-1.0,-1.0,DG,2012-10-20 07:00:00,1971.4,42.39848,2.15517
4.3,61.0,18.1,95.0,964.8,-1.0,-1.0,-1.0,-1.0,DI,2012-10-20 07:00:00,415,41.43292,1.62386
2.3,110.0,19.5,99.0,993.5,-1.0,-1.0,-1.0,-1.0,DJ,2012-10-20 07:00:00,176,42.11653,2.78969
4.7,28.0,21.1,85.0,1011.1,-1.0,-1.0,-1.0,-1.0,DK,2012-10-20 07:00:00,2,41.14677,1.41846
4.5,72.0,22.0,95.0,1010.1,-1.0,-1.0,-1.0,-1.0,DL,2012-10-20 07:00:00,0.5,40.70719,0.83449
0.5,187.0,18.2,97.0,996.4,-1.0,-1.0,-1.0,-1.0,DN,2012-10-20 07:00:00,150,41.96095,2.63108
2.0,82.0,19.7,94.0,1012.3,-1.0,-1.0,-1.0,-1.0,DO,2012-10-20 07:00:00,14,41.80857,3.03241
1.0,272.0,13.1,91.0,891.7,-1.0,-1.0,-1.0,-1.0,DP,2012-10-20 07:00:00,1097,42.38605,1.8664
6.6,70.0,19.2,78.0,978.4,-1.0,-1.0,-1.0,-1.0,DQ,2012-10-20 07:00:00,287,41.30728,1.36259
-1.0,-1.0,16.5,95.0,964.9,-1.0,-1.0,-1.0,-1.0,D1,2012-10-20 07:00:00,404,41.28521,0.75383
-1.0,-1.0,19.4,88.0,972.8,-1.0,-1.0,-1.0,-1.0,D2,2012-10-20 07:00:00,343,41.59252,1.915
1.7,78.0,19.3,97.0,983.0,-1.0,-1.0,-1.0,-1.0,D3,2012-10-20 07:00:00,252,41.38197,1.93564
3.5,104.0,20.4,94.0,1011.1,-1.0,-1.0,-1.0,-1.0,D4,2012-10-20 07:00:00,24,42.27065,3.18165
7.8,68.0,18.9,94.0,965.2,-1.0,-1.0,-1.0,-1.0,D5,2012-10-20 07:00:00,411.2,41.41843,2.12388
6.6,166.0,18.3,99.0,991.5,-1.0,-1.0,-1.0,-1.0,D6,2012-10-20 07:00:00,196,42.43515,3.16622
0.6,354.0,18.6,97.0,1005.3,-1.0,-1.0,-1.0,-1.0,D7,2012-10-20 07:00:00,53,41.18499,0.59376
2.6,343.0,14.6,98.0,951.9,-1.0,-1.0,-1.0,-1.0,D8,2012-10-20 07:00:00,515,40.95134,0.30565
2.9,24.0,20.4,87.0,1004.9,-1.0,-1.0,-1.0,-1.0,D9,2012-10-20 07:00:00,59,41.21553,1.52121
2.7,51.0,19.0,84.0,974.0,-1.0,-1.0,-1.0,-1.0,H1,2012-10-20 07:00:00,333,41.58642,1.65306
1.7,4.0,16.5,95.0,988.2,-1.0,-1.0,-1.0,-1.0,R1,2012-10-20 07:00:00,210,41.70637,1.87276
-1.0,-1.0,20.7,89.0,-1.0,3.6,68.0,-1.0,-1.0,UA,2012-10-20 07:00:00,93,40.9091,0.76943
-1.0,-1.0,19.3,91.0,-1.0,2.3,116.0,-1.0,-1.0,UB,2012-10-20 07:00:00,15,42.05398,3.06195
-1.0,-1.0,19.6,92.0,-1.0,0.5,109.0,-1.0,-1.0,UC,2012-10-20 07:00:00,60,41.97726,2.99705
-1.0,-1.0,20.6,94.0,-1.0,-1.0,-1.0,-1.0,-1.0,UD,2012-10-20 07:00:00,12,42.02895,3.06227
-1.0,-1.0,20.0,95.0,-1.0,-1.0,-1.0,-1.0,-1.0,UE,2012-10-20 07:00:00,4,42.02306,3.15719
-1.0,-1.0,17.4,100.0,-1.0,2.6,72.0,-1.0,-1.0,UF,2012-10-20 07:00:00,573,41.28832,1.90775
-1.0,-1.0,21.8,92.0,-1.0,2.0,53.0,-1.0,-1.0,UG,2012-10-20 07:00:00,3,41.29928,2.03787
-1.0,-1.0,17.2,94.0,-1.0,1.2,44.0,1.7,53.0,UH,2012-10-20 07:00:00,545,41.34171,1.48769
-1.0,-1.0,11.7,99.0,-1.0,0.2,278.0,-1.0,-1.0,UI,2012-10-20 07:00:00,1386,42.26477,1.76218
-1.0,-1.0,16.6,88.0,-1.0,5.4,79.0,7.5,87.0,UJ,2012-10-20 07:00:00,709,41.52879,1.3683
-1.0,-1.0,21.1,81.0,-1.0,1.3,305.0,-1.0,-1.0,UK,2012-10-20 07:00:00,161,41.27861,1.80479
-1.0,-1.0,17.4,95.0,-1.0,0.3,105.0,-1.0,-1.0,UL,2012-10-20 07:00:00,228,41.52911,0.75303
-1.0,-1.0,16.2,93.0,-1.0,1.1,29.0,-1.0,-1.0,UM,2012-10-20 07:00:00,505,41.35991,0.66789
-1.0,-1.0,20.1,98.0,-1.0,0.9,90.0,-1.0,-1.0,UN,2012-10-20 07:00:00,171,41.87449,2.92694
-1.0,-1.0,20.3,95.0,-1.0,-1.0,-1.0,-1.0,-1.0,UO,2012-10-20 07:00:00,97,41.91461,2.82069
1.8,95.0,21.2,91.0,1003.3,-1.0,-1.0,-1.0,-1.0,UP,2012-10-20 07:00:00,81,41.51773,2.37702
-1.0,-1.0,18.4,92.0,-1.0,1.4,71.0,-1.0,-1.0,UQ,2012-10-20 07:00:00,460,41.61991,2.44532
-1.0,-1.0,21.3,92.0,-1.0,2.5,40.0,-1.0,-1.0,US,2012-10-20 07:00:00,24,40.55786,0.52329
4.9,73.0,21.0,95.0,1010.0,-1.0,-1.0,-1.0,-1.0,UU,2012-10-20 07:00:00,3,40.70776,0.6321
-1.0,-1.0,20.7,91.0,1010.4,2.4,55.0,-1.0,-1.0,UW,2012-10-20 07:00:00,0,40.62725,0.65922
-1.0,-1.0,18.4,100.0,-1.0,0.6,34.0,-1.0,-1.0,UX,2012-10-20 07:00:00,210,40.62652,0.37112
-1.0,-1.0,18.1,77.0,-1.0,1.8,87.0,4.1,92.0,UY,2012-10-20 07:00:00,576,41.87912,0.76103
-1.0,-1.0,19.6,99.0,-1.0,0.8,134.0,-1.0,-1.0,U1,2012-10-20 07:00:00,31,42.30648,2.95481
3.0,93.0,19.7,100.0,1013.9,-1.0,-1.0,-1.0,-1.0,U2,2012-10-20 07:00:00,4,42.17716,3.0968
-1.0,-1.0,18.9,90.0,-1.0,1.5,22.0,-1.0,-1.0,U3,2012-10-20 07:00:00,257,41.37491,1.63032
2.7,66.0,18.4,78.0,-1.0,1.8,77.0,-1.0,-1.0,U4,2012-10-20 07:00:00,507,41.83094,1.84699
-1.0,-1.0,14.5,94.0,-1.0,1.6,82.0,-1.0,-1.0,U5,2012-10-20 07:00:00,969,41.31349,0.99611
-1.0,-1.0,21.2,85.0,-1.0,3.2,56.0,-1.0,-1.0,U6,2012-10-20 07:00:00,29,41.08017,1.06661
-1.0,-1.0,18.8,95.0,-1.0,0.8,338.0,-1.0,-1.0,U7,2012-10-20 07:00:00,52,40.85936,0.50525
-1.0,-1.0,20.5,93.0,-1.0,1.5,56.0,-1.0,-1.0,U9,2012-10-20 07:00:00,62,40.76947,0.61635
-1.0,-1.0,17.7,96.0,-1.0,0.2,107.0,-1.0,-1.0,VA,2012-10-20 07:00:00,257,41.19645,0.51161
1.4,17.0,18.9,97.0,-1.0,-1.0,-1.0,-1.0,-1.0,VB,2012-10-20 07:00:00,32,41.06289,0.63517
-1.0,-1.0,16.7,93.0,-1.0,2.7,263.0,-1.0,-1.0,VC,2012-10-20 07:00:00,69,41.24415,0.43266
-1.0,-1.0,19.0,72.0,-1.0,2.0,80.0,-1.0,-1.0,VD,2012-10-20 07:00:00,429,41.68939,1.20381
-1.0,-1.0,18.0,96.0,-1.0,0.3,169.0,-1.0,-1.0,VE,2012-10-20 07:00:00,97,41.48692,0.46058
-1.0,-1.0,17.8,97.0,-1.0,0.2,48.0,-1.0,-1.0,VF,2012-10-20 07:00:00,122,41.56482,0.54999
-1.0,-1.0,17.6,92.0,-1.0,1.3,56.0,-1.0,-1.0,VH,2012-10-20 07:00:00,259,41.65814,0.39301
-1.0,-1.0,18.8,80.0,-1.0,1.8,35.0,-1.0,-1.0,VJ,2012-10-20 07:00:00,161,41.59957,0.6478
4.5,87.0,18.8,81.0,978.4,-1.0,-1.0,-1.0,-1.0,VK,2012-10-20 07:00:00,286,41.68328,0.4487
-1.0,-1.0,19.1,75.0,-1.0,2.0,74.0,-1.0,-1.0,VM,2012-10-20 07:00:00,222,41.7145,0.62839
-1.0,-1.0,20.3,94.0,-1.0,-1.0,-1.0,-1.0,-1.0,VN,2012-10-20 07:00:00,117,41.88244,2.74262
-1.0,-1.0,18.3,66.0,-1.0,2.2,64.0,-1.0,-1.0,VO,2012-10-20 07:00:00,785,42.08745,1.42792
-1.0,-1.0,16.8,87.0,-1.0,3.2,82.0,5.3,85.0,VP,2012-10-20 07:00:00,659,41.80483,1.53853
2.8,37.0,20.1,85.0,998.2,-1.0,-1.0,-1.0,-1.0,VQ,2012-10-20 07:00:00,112,41.1713,1.16774
-1.0,-1.0,19.5,77.0,-1.0,0.7,34.0,-1.0,-1.0,VR,2012-10-20 07:00:00,291,41.68994,1.04401
9.5,182.0,6.3,99.0,775.1,-1.0,-1.0,-1.0,-1.0,VS,2012-10-20 07:00:00,2247,42.63835,0.77889
-1.0,-1.0,20.4,89.0,-1.0,0.9,71.0,-1.0,-1.0,VT,2012-10-20 07:00:00,84,41.48401,2.12745
-1.0,-1.0,16.2,85.0,-1.0,0.8,327.0,-1.0,-1.0,VU,2012-10-20 07:00:00,421,41.63286,1.91718
1.0,165.0,17.6,96.0,-1.0,-1.0,-1.0,-1.0,-1.0,VV,2012-10-20 07:00:00,528,41.68129,2.02647
-1.0,-1.0,14.6,96.0,-1.0,2.2,113.0,-1.0,-1.0,VX,2012-10-20 07:00:00,1030,41.74761,2.30291
-1.0,-1.0,19.5,82.0,-1.0,-1.0,-1.0,-1.0,-1.0,VY,2012-10-20 07:00:00,240,41.25095,1.29863
-1.0,-1.0,20.3,93.0,-1.0,-1.0,-1.0,-1.0,-1.0,VZ,2012-10-20 07:00:00,83,42.38443,3.00736
-1.0,-1.0,19.2,77.0,-1.0,1.0,28.0,-1.0,-1.0,V1,2012-10-20 07:00:00,238,41.78487,0.82939
-1.0,-1.0,16.6,93.0,-1.0,1.7,349.0,-1.0,-1.0,V3,2012-10-20 07:00:00,509,41.95224,2.23271
-1.0,-1.0,15.5,90.0,937.0,-1.0,-1.0,0.6,327.0,V4,2012-10-20 07:00:00,684,42.11477,2.21483
-1.0,-1.0,16.6,85.0,-1.0,2.6,65.0,3.3,60.0,V5,2012-10-20 07:00:00,774,42.03947,2.11993
-1.0,-1.0,19.0,79.0,-1.0,0.6,62.0,-1.0,-1.0,V8,2012-10-20 07:00:00,223,41.67279,0.87741
-1.0,-1.0,19.3,71.0,-1.0,3.8,80.0,-1.0,-1.0,WA,2012-10-20 07:00:00,443,41.87694,1.1541
-1.0,-1.0,18.6,81.0,-1.0,3.3,75.0,-1.0,-1.0,WB,2012-10-20 07:00:00,267,41.76036,0.67022
-1.0,-1.0,19.3,76.0,-1.0,1.8,54.0,-1.0,-1.0,WC,2012-10-20 07:00:00,261,41.63642,0.92446
-1.0,-1.0,14.4,100.0,-1.0,0.9,324.0,-1.0,-1.0,WD,2012-10-20 07:00:00,382,41.08671,0.31884
-1.0,-1.0,20.7,86.0,-1.0,1.6,83.0,-1.0,-1.0,WE,2012-10-20 07:00:00,126,41.5444,2.30014
-1.0,-1.0,20.0,93.0,-1.0,-1.0,-1.0,-1.0,-1.0,WF,2012-10-20 07:00:00,108,41.95425,2.77578
-1.0,-1.0,19.0,75.0,-1.0,2.6,70.0,-1.0,-1.0,WG,2012-10-20 07:00:00,301,41.80104,0.64804
-1.0,-1.0,16.6,95.0,-1.0,0.9,358.0,-1.0,-1.0,WI,2012-10-20 07:00:00,350,41.35741,0.4809
-1.0,-1.0,19.6,97.0,-1.0,3.2,102.0,-1.0,-1.0,WJ,2012-10-20 07:00:00,141,41.1223,0.72182
-1.0,-1.0,19.4,74.0,-1.0,0.9,51.0,-1.0,-1.0,WK,2012-10-20 07:00:00,268,41.81949,0.57768
-1.0,-1.0,19.6,77.0,-1.0,6.0,86.0,-1.0,-1.0,WL,2012-10-20 07:00:00,413,41.57236,1.0882
3.6,56.0,14.3,84.0,-1.0,-1.0,-1.0,-1.0,-1.0,WM,2012-10-20 07:00:00,1167,42.10736,1.8267
-1.0,-1.0,15.3,99.0,-1.0,-1.0,-1.0,4.8,108.0,WN,2012-10-20 07:00:00,916,41.59539,1.83751
-1.0,-1.0,20.1,82.0,-1.0,-1.0,-1.0,-1.0,-1.0,WO,2012-10-20 07:00:00,185,41.27151,1.46717
-1.0,-1.0,18.7,97.0,-1.0,2.2,54.0,-1.0,-1.0,WP,2012-10-20 07:00:00,325,41.48518,1.69337
11.7,142.0,11.1,88.0,841.2,-1.0,-1.0,-1.0,-1.0,WQ,2012-10-20 07:00:00,1572,42.0513,0.72952
-1.0,-1.0,19.0,89.0,-1.0,1.0,89.0,-1.0,-1.0,WR,2012-10-20 07:00:00,300,41.2163,0.79748
2.2,108.0,15.3,96.0,906.7,-1.0,-1.0,-1.0,-1.0,WS,2012-10-20 07:00:00,953,41.84008,2.41877
3.2,74.0,21.0,98.0,1013.6,-1.0,-1.0,-1.0,-1.0,WT,2012-10-20 07:00:00,2,41.64707,2.75658
-1.0,-1.0,21.4,91.0,1007.8,-1.0,-1.0,5.1,51.0,WU,2012-10-20 07:00:00,42,41.45215,2.24757
0.4,6.0,14.3,100.0,926.4,-1.0,-1.0,-1.0,-1.0,WV,2012-10-20 07:00:00,788,42.23414,1.87485
-1.0,-1.0,18.7,83.0,-1.0,-1.0,-1.0,-1.0,-1.0,WW,2012-10-20 07:00:00,278,41.79423,1.9368
-1.0,-1.0,17.4,77.0,-1.0,4.8,86.0,-1.0,-1.0,WX,2012-10-20 07:00:00,668,41.9178,0.88175
-1.0,-1.0,19.7,90.0,-1.0,2.1,62.0,-1.0,-1.0,WY,2012-10-20 07:00:00,164,41.43386,1.79429
2.0,62.0,21.7,84.0,1009.5,-1.0,-1.0,-1.0,-1.0,WZ,2012-10-20 07:00:00,17,41.20187,1.63346
-1.0,-1.0,20.0,92.0,-1.0,-1.0,-1.0,-1.0,-1.0,W1,2012-10-20 07:00:00,2,42.24726,3.09021
-1.0,-1.0,19.7,98.0,-1.0,-1.0,-1.0,-1.0,-1.0,W2,2012-10-20 07:00:00,7,42.18259,3.05783
-1.0,-1.0,20.1,91.0,-1.0,-1.0,-1.0,-1.0,-1.0,W3,2012-10-20 07:00:00,4,42.15006,3.06494
-1.0,-1.0,19.2,90.0,-1.0,3.0,30.0,-1.0,-1.0,W4,2012-10-20 07:00:00,240,41.36619,1.72857
-1.0,-1.0,16.7,94.0,-1.0,0.8,141.0,-1.0,-1.0,W5,2012-10-20 07:00:00,490,42.07683,1.31489
-1.0,-1.0,20.4,82.0,-1.0,1.3,71.0,-1.0,-1.0,W6,2012-10-20 07:00:00,158,41.13738,1.0187
-1.0,-1.0,19.5,79.0,-1.0,-1.0,-1.0,-1.0,-1.0,W8,2012-10-20 07:00:00,438,41.44237,1.15998
-1.0,-1.0,16.3,98.0,-1.0,0.5,117.0,-1.0,-1.0,W9,2012-10-20 07:00:00,461,42.14557,2.45451
5.0,85.0,15.4,94.0,924.4,-1.0,-1.0,-1.0,-1.0,XA,2012-10-20 07:00:00,785,41.60257,1.4007
-1.0,-1.0,17.1,94.0,-1.0,-1.0,-1.0,-1.0,-1.0,XB,2012-10-20 07:00:00,584,41.4779,1.53529
2.3,87.0,19.9,91.0,995.8,-1.0,-1.0,-1.0,-1.0,XC,2012-10-20 07:00:00,147,41.47892,1.97546
3.7,111.0,17.3,76.0,933.7,-1.0,-1.0,-1.0,-1.0,XD,2012-10-20 07:00:00,687,41.32,0.8857
2.7,62.0,21.4,83.0,1010.7,-1.0,-1.0,-1.0,-1.0,XE,2012-10-20 07:00:00,5,41.10393,1.201
4.4,51.0,19.1,93.0,982.7,-1.0,-1.0,-1.0,-1.0,XF,2012-10-20 07:00:00,258,41.56568,2.06952
4.2,59.0,20.5,84.0,999.1,-1.0,-1.0,-1.0,-1.0,XG,2012-10-20 07:00:00,123,41.56734,2.22619
-1.0,-1.0,14.0,100.0,936.6,-1.0,-1.0,-1.0,-1.0,XH,2012-10-20 07:00:00,679,42.40533,1.12993
-1.0,-1.0,19.9,74.0,983.3,2.5,66.0,-1.0,-1.0,XI,2012-10-20 07:00:00,247,41.61817,0.87182
0.6,335.0,20.1,100.0,1005.4,-1.0,-1.0,-1.0,-1.0,XJ,2012-10-20 07:00:00,72,41.98223,2.80686
10.5,89.0,10.9,100.0,-1.0,-1.0,-1.0,-1.0,-1.0,XK,2012-10-20 07:00:00,1668,41.77362,2.43774
5.2,72.0,21.6,92.0,-1.0,-1.0,-1.0,-1.0,-1.0,XL,2012-10-20 07:00:00,8,41.34045,2.08022
-1.0,-1.0,18.0,88.0,-1.0,1.4,31.0,-1.0,-1.0,XM,2012-10-20 07:00:00,235,41.59522,0.73507
-1.0,-1.0,17.7,98.0,-1.0,0.4,216.0,-1.0,-1.0,XN,2012-10-20 07:00:00,89,41.46379,0.42765
-1.0,-1.0,16.7,94.0,-1.0,-1.0,-1.0,-1.0,-1.0,XO,2012-10-20 07:00:00,499,41.93497,2.23987
-1.0,-1.0,15.8,97.0,-1.0,2.0,295.0,-1.0,-1.0,XP,2012-10-20 07:00:00,349,41.06581,0.43006
2.8,111.0,17.2,82.0,934.8,-1.0,-1.0,-1.0,-1.0,XT,2012-10-20 07:00:00,691,41.98766,1.51165
5.6,93.0,19.5,86.0,970.5,-1.0,-1.0,-1.0,-1.0,X1,2012-10-20 07:00:00,359,41.15374,0.81953
-1.0,-1.0,21.4,93.0,-1.0,-1.0,-1.0,-1.0,-1.0,X2,2012-10-20 07:00:00,7,41.38943,2.18847
7.0,89.0,17.7,82.0,968.8,-1.0,-1.0,-1.0,-1.0,X3,2012-10-20 07:00:00,370,41.74281,0.5358
4.2,69.0,21.5,92.0,1008.3,-1.0,-1.0,-1.0,-1.0,X4,2012-10-20 07:00:00,33,41.3839,2.16775
3.8,51.0,13.6,95.0,893.2,-1.0,-1.0,-1.0,-1.0,X5,2012-10-20 07:00:00,1055,40.79705,0.31822
-1.0,-1.0,19.3,73.0,-1.0,1.8,25.0,-1.0,-1.0,X6,2012-10-20 07:00:00,366,41.92173,1.02901
-1.0,-1.0,17.6,91.0,-1.0,0.8,21.0,-1.0,-1.0,X7,2012-10-20 07:00:00,215,41.51909,0.55314
5.0,75.0,20.6,91.0,1002.7,-1.0,-1.0,-1.0,-1.0,X8,2012-10-20 07:00:00,79,41.37919,2.1054
2.3,49.0,19.9,87.0,993.0,-1.0,-1.0,-1.0,-1.0,X9,2012-10-20 07:00:00,176,41.61265,2.16836
9.1,176.0,5.3,97.0,-1.0,-1.0,-1.0,-1.0,-1.0,ZB,2012-10-20 07:00:00,2451,42.51939,1.36597
8.2,75.0,5.9,99.0,-1.0,-1.0,-1.0,-1.0,-1.0,ZC,2012-10-20 07:00:00,2410,42.42117,2.24565
-1.0,-1.0,6.5,95.0,-1.0,-1.0,-1.0,4.3,125.0,Z1,2012-10-20 07:00:00,2266,42.64691,0.98486
-1.0,-1.0,4.4,98.0,-1.0,-1.0,-1.0,7.0,50.0,Z2,2012-10-20 07:00:00,2535,42.46602,0.88405
-1.0,-1.0,6.3,97.0,-1.0,-1.0,-1.0,1.6,328.0,Z3,2012-10-20 07:00:00,2230,42.46605,1.7785
-1.0,-1.0,5.6,100.0,-1.0,-1.0,-1.0,6.1,120.0,Z5,2012-10-20 07:00:00,2400,42.70029,1.27201
-1.0,-1.0,7.2,93.0,-1.0,-1.0,-1.0,3.8,63.0,Z6,2012-10-20 07:00:00,2228,42.77011,0.73198
4.5,255.0,4.8,98.0,-1.0,-1.0,-1.0,-1.0,-1.0,Z7,2012-10-20 07:00:00,2519,42.53412,1.05476
-1.0,-1.0,5.9,100.0,-1.0,-1.0,-1.0,11.1,122.0,Z8,2012-10-20 07:00:00,2316,42.18254,1.52407
9.5,101.0,6.8,97.0,-1.0,-1.0,-1.0,-1.0,-1.0,Z9,2012-10-20 07:00:00,2143,42.29265,1.71498
0.4,163.0,15.9,94.0,942.2,-1.0,-1.0,-1.0,-1.0,CC,2012-10-20 07:30:00,626,42.07398,2.20862
0.8,225.0,13.9,95.0,917.6,-1.0,-1.0,-1.0,-1.0,CD,2012-10-20 07:30:00,849,42.37083,1.43277
2.4,81.0,19.1,94.0,976.0,-1.0,-1.0,-1.0,-1.0,CE,2012-10-20 07:30:00,316,41.53109,1.80813
2.2,213.0,11.9,100.0,860.4,-1.0,-1.0,-1.0,-1.0,CG,2012-10-20 07:30:00,1405,42.37717,2.41456
0.3,58.0,14.6,93.0,918.3,-1.0,-1.0,-1.0,-1.0,CI,2012-10-20 07:30:00,852,42.25839,2.36429
1.6,342.0,15.5,97.0,949.5,-1.0,-1.0,-1.0,-1.0,CJ,2012-10-20 07:30:00,566.5,42.21624,1.33132
0.7,254.0,17.2,94.0,972.6,-1.0,-1.0,-1.0,-1.0,CL,2012-10-20 07:30:00,349,41.67399,1.76796
3.7,107.0,18.9,64.0,934.9,-1.0,-1.0,-1.0,-1.0,CP,2012-10-20 07:30:00,690,42.13924,1.03893
0.3,342.0,16.9,84.0,945.0,-1.0,-1.0,-1.0,-1.0,CQ,2012-10-20 07:30:00,594,41.99546,1.02569
3.3,58.0,16.0,87.0,915.9,-1.0,-1.0,-1.0,-1.0,CR,2012-10-20 07:30:00,873,42.08032,1.9624
0.7,345.0,13.2,100.0,920.0,-1.0,-1.0,-1.0,-1.0,CT,2012-10-20 07:30:00,823,42.39811,0.74362
0.4,60.0,10.2,94.0,899.8,-1.0,-1.0,-1.0,-1.0,CU,2012-10-20 07:30:00,1002,42.69856,0.79397
0.3,2.0,16.3,90.0,953.9,-1.0,-1.0,-1.0,-1.0,CV,2012-10-20 07:30:00,513.3,42.23939,0.96434
4.0,118.0,19.0,78.0,960.4,-1.0,-1.0,-1.0,-1.0,CW,2012-10-20 07:30:00,446,41.39241,1.09894
3.3,71.0,15.6,99.0,921.5,-1.0,-1.0,-1.0,-1.0,CY,2012-10-20 07:30:00,816,41.87813,2.17873
3.3,48.0,20.3,80.0,981.0,-1.0,-1.0,-1.0,-1.0,C6,2012-10-20 07:30:00,264,41.6566,0.95172
6.9,89.0,19.7,80.0,962.5,-1.0,-1.0,-1.0,-1.0,C7,2012-10-20 07:30:00,427,41.66695,1.16234
6.4,84.0,18.5,79.0,948.6,-1.0,-1.0,-1.0,-1.0,C8,2012-10-20 07:30:00,554,41.67555,1.29609
1.8,3.0,18.1,99.0,983.1,-1.0,-1.0,-1.0,-1.0,C9,2012-10-20 07:30:00,240,40.71825,0.39988
4.7,105.0,19.7,100.0,989.9,-1.0,-1.0,-1.0,-1.0,DB,2012-10-20 07:30:00,179,40.87287,0.71581
0.4,65.0,16.6,97.0,965.4,-1.0,-1.0,-1.0,-1.0,DC,2012-10-20 07:30:00,421.5,42.19144,2.48263
5.2,58.0,21.5,92.0,1007.6,-1.0,-1.0,-1.0,-1.0,DD,2012-10-20 07:30:00,44.5,41.51175,2.38674
1.4,112.0,20.9,95.0,1010.8,-1.0,-1.0,-1.0,-1.0,DF,2012-10-20 07:30:00,28.6,41.97751,3.03543
2.0,304.0,8.4,97.0,804.0,-1.0,-1.0,-1.0,-1.0,DG,2012-10-20 07:30:00,1971.4,42.39848,2.15517
4.7,68.0,18.3,95.0,964.8,-1.0,-1.0,-1.0,-1.0,DI,2012-10-20 07:30:00,415,41.43292,1.62386
0.5,191.0,19.2,99.0,993.8,-1.0,-1.0,-1.0,-1.0,DJ,2012-10-20 07:30:00,176,42.11653,2.78969
3.9,31.0,21.5,85.0,1011.1,-1.0,-1.0,-1.0,-1.0,DK,2012-10-20 07:30:00,2,41.14677,1.41846
4.1,77.0,22.2,95.0,1010.2,-1.0,-1.0,-1.0,-1.0,DL,2012-10-20 07:30:00,0.5,40.70719,0.83449
0.5,3.0,18.6,97.0,996.5,-1.0,-1.0,-1.0,-1.0,DN,2012-10-20 07:30:00,150,41.96095,2.63108
2.4,81.0,20.0,94.0,1012.3,-1.0,-1.0,-1.0,-1.0,DO,2012-10-20 07:30:00,14,41.80857,3.03241
2.9,17.0,14.4,85.0,891.5,-1.0,-1.0,-1.0,-1.0,DP,2012-10-20 07:30:00,1097,42.38605,1.8664
5.7,68.0,19.4,78.0,978.3,-1.0,-1.0,-1.0,-1.0,DQ,2012-10-20 07:30:00,287,41.30728,1.36259
-1.0,-1.0,17.0,94.0,964.7,-1.0,-1.0,-1.0,-1.0,D1,2012-10-20 07:30:00,404,41.28521,0.75383
-1.0,-1.0,19.7,87.0,972.9,-1.0,-1.0,-1.0,-1.0,D2,2012-10-20 07:30:00,343,41.59252,1.915
2.0,89.0,19.7,96.0,983.1,-1.0,-1.0,-1.0,-1.0,D3,2012-10-20 07:30:00,252,41.38197,1.93564
3.9,107.0,20.4,93.0,1011.4,-1.0,-1.0,-1.0,-1.0,D4,2012-10-20 07:30:00,24,42.27065,3.18165
7.3,72.0,19.0,94.0,965.3,-1.0,-1.0,-1.0,-1.0,D5,2012-10-20 07:30:00,411.2,41.41843,2.12388
6.9,168.0,18.3,99.0,991.5,-1.0,-1.0,-1.0,-1.0,D6,2012-10-20 07:30:00,196,42.43515,3.16622
1.0,300.0,18.6,97.0,1005.2,-1.0,-1.0,-1.0,-1.0,D7,2012-10-20 07:30:00,53,41.18499,0.59376
3.0,1.0,14.3,98.0,951.5,-1.0,-1.0,-1.0,-1.0,D8,2012-10-20 07:30:00,515,40.95134,0.30565
2.7,32.0,20.8,87.0,1004.8,-1.0,-1.0,-1.0,-1.0,D9,2012-10-20 07:30:00,59,41.21553,1.52121
1.8,45.0,19.3,84.0,974.2,-1.0,-1.0,-1.0,-1.0,H1,2012-10-20 07:30:00,333,41.58642,1.65306
0.9,289.0,17.1,94.0,988.2,-1.0,-1.0,-1.0,-1.0,R1,2012-10-20 07:30:00,210,41.70637,1.87276
2.9,42.0,20.3,85.0,998.2,-1.0,-1.0,-1.0,-1.0,VQ,2012-10-20 07:30:00,112,41.1713,1.16774
10.7,186.0,6.3,99.0,775.2,-1.0,-1.0,-1.0,-1.0,VS,2012-10-20 07:30:00,2247,42.63835,0.77889
-1.0,-1.0,21.5,90.0,1007.9,-1.0,-1.0,6.7,56.0,WU,2012-10-20 07:30:00,42,41.45215,2.24757
2.3,64.0,22.1,83.0,1009.5,-1.0,-1.0,-1.0,-1.0,WZ,2012-10-20 07:30:00,17,41.20187,1.63346
5.6,88.0,15.7,93.0,924.3,-1.0,-1.0,-1.0,-1.0,XA,2012-10-20 07:30:00,785,41.60257,1.4007
2.1,107.0,20.2,91.0,996.0,-1.0,-1.0,-1.0,-1.0,XC,2012-10-20 07:30:00,147,41.47892,1.97546
3.9,118.0,18.0,75.0,933.7,-1.0,-1.0,-1.0,-1.0,XD,2012-10-20 07:30:00,687,41.32,0.8857
3.6,63.0,21.8,83.0,1010.6,-1.0,-1.0,-1.0,-1.0,XE,2012-10-20 07:30:00,5,41.10393,1.201
4.0,51.0,19.5,93.0,982.8,-1.0,-1.0,-1.0,-1.0,XF,2012-10-20 07:30:00,258,41.56568,2.06952
4.6,66.0,20.8,83.0,998.9,-1.0,-1.0,-1.0,-1.0,XG,2012-10-20 07:30:00,123,41.56734,2.22619
-1.0,-1.0,14.3,100.0,936.6,-1.0,-1.0,-1.0,-1.0,XH,2012-10-20 07:30:00,679,42.40533,1.12993
0.5,267.0,20.5,100.0,1005.5,-1.0,-1.0,-1.0,-1.0,XJ,2012-10-20 07:30:00,72,41.98223,2.80686
10.5,86.0,10.8,100.0,-1.0,-1.0,-1.0,-1.0,-1.0,XK,2012-10-20 07:30:00,1668,41.77362,2.43774
5.3,74.0,21.7,92.0,-1.0,-1.0,-1.0,-1.0,-1.0,XL,2012-10-20 07:30:00,8,41.34045,2.08022
-1.0,-1.0,17.1,94.0,-1.0,-1.0,-1.0,-1.0,-1.0,XO,2012-10-20 07:30:00,499,41.93497,2.23987
-1.0,-1.0,15.9,98.0,-1.0,1.5,11.0,-1.0,-1.0,XP,2012-10-20 07:30:00,349,41.06581,0.43006
3.8,94.0,18.6,75.0,934.7,-1.0,-1.0,-1.0,-1.0,XT,2012-10-20 07:30:00,691,41.98766,1.51165
4.7,77.0,20.8,91.0,1002.9,-1.0,-1.0,-1.0,-1.0,X8,2012-10-20 07:30:00,79,41.37919,2.1054
7.9,168.0,5.3,97.0,-1.0,-1.0,-1.0,-1.0,-1.0,ZB,2012-10-20 07:30:00,2451,42.51939,1.36597
6.8,67.0,6.0,99.0,-1.0,-1.0,-1.0,-1.0,-1.0,ZC,2012-10-20 07:30:00,2410,42.42117,2.24565
-1.0,-1.0,6.5,95.0,-1.0,-1.0,-1.0,3.8,116.0,Z1,2012-10-20 07:30:00,2266,42.64691,0.98486
-1.0,-1.0,4.4,98.0,-1.0,-1.0,-1.0,9.2,70.0,Z2,2012-10-20 07:30:00,2535,42.46602,0.88405
-1.0,-1.0,6.4,97.0,-1.0,-1.0,-1.0,1.9,56.0,Z3,2012-10-20 07:30:00,2230,42.46605,1.7785
-1.0,-1.0,5.6,100.0,-1.0,-1.0,-1.0,4.1,128.0,Z5,2012-10-20 07:30:00,2400,42.70029,1.27201
-1.0,-1.0,7.2,93.0,-1.0,-1.0,-1.0,3.9,74.0,Z6,2012-10-20 07:30:00,2228,42.77011,0.73198
4.8,267.0,4.7,98.0,-1.0,-1.0,-1.0,-1.0,-1.0,Z7,2012-10-20 07:30:00,2519,42.53412,1.05476
-1.0,-1.0,6.3,100.0,-1.0,-1.0,-1.0,11.8,122.0,Z8,2012-10-20 07:30:00,2316,42.18254,1.52407
10.6,104.0,7.5,97.0,-1.0,-1.0,-1.0,-1.0,-1.0,Z9,2012-10-20 07:30:00,2143,42.29265,1.71498
0.4,19.0,16.6,93.0,942.2,-1.0,-1.0,-1.0,-1.0,CC,2012-10-20 08:00:00,626,42.07398,2.20862
0.5,8.0,14.0,95.0,917.6,-1.0,-1.0,-1.0,-1.0,CD,2012-10-20 08:00:00,849,42.37083,1.43277
2.6,81.0,19.3,94.0,975.8,-1.0,-1.0,-1.0,-1.0,CE,2012-10-20 08:00:00,316,41.53109,1.80813
1.5,211.0,11.8,100.0,860.3,-1.0,-1.0,-1.0,-1.0,CG,2012-10-20 08:00:00,1405,42.37717,2.41456
0.8,84.0,14.4,93.0,918.3,-1.0,-1.0,-1.0,-1.0,CI,2012-10-20 08:00:00,852,42.25839,2.36429
1.2,346.0,17.2,88.0,949.2,-1.0,-1.0,-1.0,-1.0,CJ,2012-10-20 08:00:00,566.5,42.21624,1.33132
0.8,325.0,18.2,91.0,972.5,-1.0,-1.0,-1.0,-1.0,CL,2012-10-20 08:00:00,349,41.67399,1.76796
5.4,87.0,19.6,60.0,934.4,-1.0,-1.0,-1.0,-1.0,CP,2012-10-20 08:00:00,690,42.13924,1.03893
0.6,239.0,17.6,84.0,944.7,-1.0,-1.0,-1.0,-1.0,CQ,2012-10-20 08:00:00,594,41.99546,1.02569
4.1,61.0,16.6,86.0,915.9,-1.0,-1.0,-1.0,-1.0,CR,2012-10-20 08:00:00,873,42.08032,1.9624
0.3,279.0,13.4,100.0,919.7,-1.0,-1.0,-1.0,-1.0,CT,2012-10-20 08:00:00,823,42.39811,0.74362
0.6,16.0,10.3,94.0,899.7,-1.0,-1.0,-1.0,-1.0,CU,2012-10-20 08:00:00,1002,42.69856,0.79397
0.8,29.0,16.8,88.0,953.4,-1.0,-1.0,-1.0,-1.0,CV,2012-10-20 08:00:00,513.3,42.23939,0.96434
5.1,125.0,19.4,78.0,960.3,-1.0,-1.0,-1.0,-1.0,CW,2012-10-20 08:00:00,446,41.39241,1.09894
2.3,57.0,16.2,98.0,921.5,-1.0,-1.0,-1.0,-1.0,CY,2012-10-20 08:00:00,816,41.87813,2.17873
4.4,67.0,21.1,77.0,980.8,-1.0,-1.0,-1.0,-1.0,C6,2012-10-20 08:00:00,264,41.6566,0.95172
7.7,86.0,20.2,78.0,962.4,-1.0,-1.0,-1.0,-1.0,C7,2012-10-20 08:00:00,427,41.66695,1.16234
6.3,83.0,19.2,77.0,948.3,-1.0,-1.0,-1.0,-1.0,C8,2012-10-20 08:00:00,554,41.67555,1.29609
2.4,39.0,19.0,100.0,982.9,-1.0,-1.0,-1.0,-1.0,C9,2012-10-20 08:00:00,240,40.71825,0.39988
6.0,105.0,20.2,100.0,989.7,-1.0,-1.0,-1.0,-1.0,DB,2012-10-20 08:00:00,179,40.87287,0.71581
0.7,6.0,16.7,97.0,965.6,-1.0,-1.0,-1.0,-1.0,DC,2012-10-20 08:00:00,421.5,42.19144,2.48263
5.1,56.0,21.9,91.0,1007.7,-1.0,-1.0,-1.0,-1.0,DD,2012-10-20 08:00:00,44.5,41.51175,2.38674
1.3,107.0,21.1,94.0,1010.9,-1.0,-1.0,-1.0,-1.0,DF,2012-10-20 08:00:00,28.6,41.97751,3.03543
1.4,314.0,8.6,97.0,803.9,-1.0,-1.0,-1.0,-1.0,DG,2012-10-20 08:00:00,1971.4,42.39848,2.15517
4.5,74.0,18.6,95.0,964.9,-1.0,-1.0,-1.0,-1.0,DI,2012-10-20 08:00:00,415,41.43292,1.62386
1.4,95.0,19.7,99.0,993.8,-1.0,-1.0,-1.0,-1.0,DJ,2012-10-20 08:00:00,176,42.11653,2.78969
4.8,31.0,22.0,83.0,1011.0,-1.0,-1.0,-1.0,-1.0,DK,2012-10-20 08:00:00,2,41.14677,1.41846
4.7,80.0,22.5,94.0,1010.0,-1.0,-1.0,-1.0,-1.0,DL,2012-10-20 08:00:00,0.5,40.70719,0.83449
1.0,333.0,18.9,96.0,996.5,-1.0,-1.0,-1.0,-1.0,DN,2012-10-20 08:00:00,150,41.96095,2.63108
2.6,74.0,20.2,93.0,1012.3,-1.0,-1.0,-1.0,-1.0,DO,2012-10-20 08:00:00,14,41.80857,3.03241
2.4,73.0,16.8,69.0,891.5,-1.0,-1.0,-1.0,-1.0,DP,2012-10-20 08:00:00,1097,42.38605,1.8664
5.7,70.0,20.1,76.0,978.5,-1.0,-1.0,-1.0,-1.0,DQ,2012-10-20 08:00:00,287,41.30728,1.36259
-1.0,-1.0,19.7,77.0,964.2,-1.0,-1.0,-1.0,-1.0,D1,2012-10-20 08:00:00,404,41.28521,0.75383
-1.0,-1.0,20.0,87.0,972.8,-1.0,-1.0,-1.0,-1.0,D2,2012-10-20 08:00:00,343,41.59252,1.915
2.6,91.0,19.8,96.0,983.0,-1.0,-1.0,-1.0,-1.0,D3,2012-10-20 08:00:00,252,41.38197,1.93564
4.0,107.0,20.7,92.0,1011.4,-1.0,-1.0,-1.0,-1.0,D4,2012-10-20 08:00:00,24,42.27065,3.18165
7.1,73.0,19.0,94.0,965.3,-1.0,-1.0,-1.0,-1.0,D5,2012-10-20 08:00:00,411.2,41.41843,2.12388
6.8,171.0,18.3,99.0,991.6,-1.0,-1.0,-1.0,-1.0,D6,2012-10-20 08:00:00,196,42.43515,3.16622
1.2,302.0,18.4,96.0,1004.9,-1.0,-1.0,-1.0,-1.0,D7,2012-10-20 08:00:00,53,41.18499,0.59376
2.7,45.0,14.9,98.0,951.3,-1.0,-1.0,-1.0,-1.0,D8,2012-10-20 08:00:00,515,40.95134,0.30565
2.4,45.0,21.5,85.0,1004.8,-1.0,-1.0,-1.0,-1.0,D9,2012-10-20 08:00:00,59,41.21553,1.52121
2.6,43.0,19.7,82.0,973.9,-1.0,-1.0,-1.0,-1.0,H1,2012-10-20 08:00:00,333,41.58642,1.65306
0.2,250.0,17.6,94.0,988.1,-1.0,-1.0,-1.0,-1.0,R1,2012-10-20 08:00:00,210,41.70637,1.87276
-1.0,-1.0,21.4,91.0,-1.0,3.7,85.0,-1.0,-1.0,UA,2012-10-20 08:00:00,93,40.9091,0.76943
-1.0,-1.0,20.0,88.0,-1.0,2.7,112.0,-1.0,-1.0,UB,2012-10-20 08:00:00,15,42.05398,3.06195
-1.0,-1.0,19.9,91.0,-1.0,0.6,92.0,-1.0,-1.0,UC,2012-10-20 08:00:00,60,41.97726,2.99705
-1.0,-1.0,21.1,92.0,-1.0,-1.0,-1.0,-1.0,-1.0,UD,2012-10-20 08:00:00,12,42.02895,3.06227
-1.0,-1.0,20.4,93.0,-1.0,-1.0,-1.0,-1.0,-1.0,UE,2012-10-20 08:00:00,4,42.02306,3.15719
-1.0,-1.0,17.5,100.0,-1.0,2.8,77.0,-1.0,-1.0,UF,2012-10-20 08:00:00,573,41.28832,1.90775
-1.0,-1.0,22.2,91.0,-1.0,2.3,61.0,-1.0,-1.0,UG,2012-10-20 08:00:00,3,41.29928,2.03787
-1.0,-1.0,17.6,94.0,-1.0,1.2,52.0,1.7,60.0,UH,2012-10-20 08:00:00,545,41.34171,1.48769
-1.0,-1.0,12.0,99.0,-1.0,0.1,269.0,-1.0,-1.0,UI,2012-10-20 08:00:00,1386,42.26477,1.76218
-1.0,-1.0,17.4,85.0,-1.0,5.0,80.0,7.1,89.0,UJ,2012-10-20 08:00:00,709,41.52879,1.3683
-1.0,-1.0,22.3,77.0,-1.0,1.3,294.0,-1.0,-1.0,UK,2012-10-20 08:00:00,161,41.27861,1.80479
-1.0,-1.0,19.3,88.0,-1.0,0.7,73.0,-1.0,-1.0,UL,2012-10-20 08:00:00,228,41.52911,0.75303
-1.0,-1.0,18.6,81.0,-1.0,2.3,107.0,-1.0,-1.0,UM,2012-10-20 08:00:00,505,41.35991,0.66789
-1.0,-1.0,20.7,95.0,-1.0,1.1,94.0,-1.0,-1.0,UN,2012-10-20 08:00:00,171,41.87449,2.92694
-1.0,-1.0,21.0,93.0,-1.0,-1.0,-1.0,-1.0,-1.0,UO,2012-10-20 08:00:00,97,41.91461,2.82069
2.3,101.0,21.7,89.0,1003.3,-1.0,-1.0,-1.0,-1.0,UP,2012-10-20 08:00:00,81,41.51773,2.37702
-1.0,-1.0,18.8,92.0,-1.0,1.5,75.0,-1.0,-1.0,UQ,2012-10-20 08:00:00,460,41.61991,2.44532
-1.0,-1.0,21.8,94.0,-1.0,2.7,49.0,-1.0,-1.0,US,2012-10-20 08:00:00,24,40.55786,0.52329
5.9,75.0,21.9,93.0,1009.7,-1.0,-1.0,-1.0,-1.0,UU,2012-10-20 08:00:00,3,40.70776,0.6321
-1.0,-1.0,21.5,90.0,1010.1,3.1,77.0,-1.0,-1.0,UW,2012-10-20 08:00:00,0,40.62725,0.65922
-1.0,-1.0,19.6,100.0,-1.0,1.8,29.0,-1.0,-1.0,UX,2012-10-20 08:00:00,210,40.62652,0.37112
-1.0,-1.0,19.2,74.0,-1.0,2.1,89.0,4.6,93.0,UY,2012-10-20 08:00:00,576,41.87912,0.76103
-1.0,-1.0,20.0,97.0,-1.0,0.6,152.0,-1.0,-1.0,U1,2012-10-20 08:00:00,31,42.30648,2.95481
3.5,93.0,20.2,98.0,1014.1,-1.0,-1.0,-1.0,-1.0,U2,2012-10-20 08:00:00,4,42.17716,3.0968
-1.0,-1.0,20.1,88.0,-1.0,1.5,38.0,-1.0,-1.0,U3,2012-10-20 08:00:00,257,41.37491,1.63032
2.7,69.0,19.1,77.0,-1.0,1.7,84.0,-1.0,-1.0,U4,2012-10-20 08:00:00,507,41.83094,1.84699
-1.0,-1.0,14.6,94.0,-1.0,1.6,97.0,-1.0,-1.0,U5,2012-10-20 08:00:00,969,41.31349,0.99611
-1.0,-1.0,22.2,83.0,-1.0,4.3,63.0,-1.0,-1.0,U6,2012-10-20 08:00:00,29,41.08017,1.06661
-1.0,-1.0,19.9,95.0,-1.0,0.7,338.0,-1.0,-1.0,U7,2012-10-20 08:00:00,52,40.85936,0.50525
-1.0,-1.0,21.3,93.0,-1.0,1.9,66.0,-1.0,-1.0,U9,2012-10-20 08:00:00,62,40.76947,0.61635
-1.0,-1.0,18.1,96.0,-1.0,0.4,229.0,-1.0,-1.0,VA,2012-10-20 08:00:00,257,41.19645,0.51161
2.0,25.0,20.0,96.0,-1.0,-1.0,-1.0,-1.0,-1.0,VB,2012-10-20 08:00:00,32,41.06289,0.63517
-1.0,-1.0,16.8,92.0,-1.0,2.1,261.0,-1.0,-1.0,VC,2012-10-20 08:00:00,69,41.24415,0.43266
-1.0,-1.0,20.3,68.0,-1.0,2.1,82.0,-1.0,-1.0,VD,2012-10-20 08:00:00,429,41.68939,1.20381
-1.0,-1.0,18.7,95.0,-1.0,0.3,1.0,-1.0,-1.0,VE,2012-10-20 08:00:00,97,41.48692,0.46058
-1.0,-1.0,19.0,94.0,-1.0,0.9,54.0,-1.0,-1.0,VF,2012-10-20 08:00:00,122,41.56482,0.54999
-1.0,-1.0,19.5,79.0,-1.0,2.3,72.0,-1.0,-1.0,VH,2012-10-20 08:00:00,259,41.65814,0.39301
-1.0,-1.0,20.3,74.0,-1.0,2.1,40.0,-1.0,-1.0,VJ,2012-10-20 08:00:00,161,41.59957,0.6478
5.0,89.0,19.8,77.0,978.0,-1.0,-1.0,-1.0,-1.0,VK,2012-10-20 08:00:00,286,41.68328,0.4487
-1.0,-1.0,20.1,73.0,-1.0,2.3,76.0,-1.0,-1.0,VM,2012-10-20 08:00:00,222,41.7145,0.62839
-1.0,-1.0,20.9,94.0,-1.0,-1.0,-1.0,-1.0,-1.0,VN,2012-10-20 08:00:00,117,41.88244,2.74262
-1.0,-1.0,19.3,65.0,-1.0,2.1,87.0,-1.0,-1.0,VO,2012-10-20 08:00:00,785,42.08745,1.42792
-1.0,-1.0,17.8,82.0,-1.0,3.8,79.0,6.2,85.0,VP,2012-10-20 08:00:00,659,41.80483,1.53853
3.3,45.0,21.3,82.0,997.9,-1.0,-1.0,-1.0,-1.0,VQ,2012-10-20 08:00:00,112,41.1713,1.16774
-1.0,-1.0,21.0,72.0,-1.0,0.4,48.0,-1.0,-1.0,VR,2012-10-20 08:00:00,291,41.68994,1.04401
10.1,184.0,6.2,99.0,775.4,-1.0,-1.0,-1.0,-1.0,VS,2012-10-20 08:00:00,2247,42.63835,0.77889
-1.0,-1.0,21.7,85.0,-1.0,1.5,92.0,-1.0,-1.0,VT,2012-10-20 08:00:00,84,41.48401,2.12745
-1.0,-1.0,17.9,81.0,-1.0,1.7,75.0,-1.0,-1.0,VU,2012-10-20 08:00:00,421,41.63286,1.91718
1.2,129.0,18.1,94.0,-1.0,-1.0,-1.0,-1.0,-1.0,VV,2012-10-20 08:00:00,528,41.68129,2.02647
-1.0,-1.0,15.0,95.0,-1.0,2.7,131.0,-1.0,-1.0,VX,2012-10-20 08:00:00,1030,41.74761,2.30291
-1.0,-1.0,20.9,78.0,-1.0,-1.0,-1.0,-1.0,-1.0,VY,2012-10-20 08:00:00,240,41.25095,1.29863
-1.0,-1.0,20.9,91.0,-1.0,-1.0,-1.0,-1.0,-1.0,VZ,2012-10-20 08:00:00,83,42.38443,3.00736
-1.0,-1.0,21.5,68.0,-1.0,1.3,113.0,-1.0,-1.0,V1,2012-10-20 08:00:00,238,41.78487,0.82939
-1.0,-1.0,18.5,91.0,-1.0,2.3,27.0,-1.0,-1.0,V3,2012-10-20 08:00:00,509,41.95224,2.23271
-1.0,-1.0,16.5,90.0,936.9,-1.0,-1.0,0.5,336.0,V4,2012-10-20 08:00:00,684,42.11477,2.21483
-1.0,-1.0,16.9,87.0,-1.0,3.4,69.0,4.3,64.0,V5,2012-10-20 08:00:00,774,42.03947,2.11993
-1.0,-1.0,21.5,70.0,-1.0,1.5,78.0,-1.0,-1.0,V8,2012-10-20 08:00:00,223,41.67279,0.87741
-1.0,-1.0,20.6,67.0,-1.0,3.8,87.0,-1.0,-1.0,WA,2012-10-20 08:00:00,443,41.87694,1.1541
-1.0,-1.0,19.8,77.0,-1.0,3.6,82.0,-1.0,-1.0,WB,2012-10-20 08:00:00,267,41.76036,0.67022
-1.0,-1.0,21.0,70.0,-1.0,3.1,83.0,-1.0,-1.0,WC,2012-10-20 08:00:00,261,41.63642,0.92446
-1.0,-1.0,14.4,100.0,-1.0,0.8,345.0,-1.0,-1.0,WD,2012-10-20 08:00:00,382,41.08671,0.31884
-1.0,-1.0,21.3,85.0,-1.0,1.7,87.0,-1.0,-1.0,WE,2012-10-20 08:00:00,126,41.5444,2.30014
-1.0,-1.0,20.8,90.0,-1.0,-1.0,-1.0,-1.0,-1.0,WF,2012-10-20 08:00:00,108,41.95425,2.77578
-1.0,-1.0,20.2,71.0,-1.0,3.4,74.0,-1.0,-1.0,WG,2012-10-20 08:00:00,301,41.80104,0.64804
-1.0,-1.0,17.5,94.0,-1.0,1.4,43.0,-1.0,-1.0,WI,2012-10-20 08:00:00,350,41.35741,0.4809
-1.0,-1.0,21.4,81.0,-1.0,4.8,107.0,-1.0,-1.0,WJ,2012-10-20 08:00:00,141,41.1223,0.72182
-1.0,-1.0,20.7,68.0,-1.0,1.6,51.0,-1.0,-1.0,WK,2012-10-20 08:00:00,268,41.81949,0.57768
-1.0,-1.0,20.7,72.0,-1.0,6.5,90.0,-1.0,-1.0,WL,2012-10-20 08:00:00,413,41.57236,1.0882
3.5,42.0,14.6,86.0,-1.0,-1.0,-1.0,-1.0,-1.0,WM,2012-10-20 08:00:00,1167,42.10736,1.8267
-1.0,-1.0,15.6,99.0,-1.0,-1.0,-1.0,4.6,110.0,WN,2012-10-20 08:00:00,916,41.59539,1.83751
-1.0,-1.0,20.9,81.0,-1.0,-1.0,-1.0,-1.0,-1.0,WO,2012-10-20 08:00:00,185,41.27151,1.46717
-1.0,-1.0,19.4,96.0,-1.0,2.5,77.0,-1.0,-1.0,WP,2012-10-20 08:00:00,325,41.48518,1.69337
10.9,122.0,11.9,86.0,841.2,-1.0,-1.0,-1.0,-1.0,WQ,2012-10-20 08:00:00,1572,42.0513,0.72952
-1.0,-1.0,21.0,78.0,-1.0,2.5,118.0,-1.0,-1.0,WR,2012-10-20 08:00:00,300,41.2163,0.79748
3.3,110.0,15.3,96.0,906.5,-1.0,-1.0,-1.0,-1.0,WS,2012-10-20 08:00:00,953,41.84008,2.41877
3.3,68.0,21.7,96.0,1013.5,-1.0,-1.0,-1.0,-1.0,WT,2012-10-20 08:00:00,2,41.64707,2.75658
-1.0,-1.0,21.5,90.0,1007.9,-1.0,-1.0,6.8,56.0,WU,2012-10-20 08:00:00,42,41.45215,2.24757
0.7,29.0,15.6,96.0,926.2,-1.0,-1.0,-1.0,-1.0,WV,2012-10-20 08:00:00,788,42.23414,1.87485
-1.0,-1.0,20.1,79.0,-1.0,-1.0,-1.0,-1.0,-1.0,WW,2012-10-20 08:00:00,278,41.79423,1.9368
-1.0,-1.0,18.5,73.0,-1.0,5.0,89.0,-1.0,-1.0,WX,2012-10-20 08:00:00,668,41.9178,0.88175
-1.0,-1.0,20.7,88.0,-1.0,1.8,61.0,-1.0,-1.0,WY,2012-10-20 08:00:00,164,41.43386,1.79429
2.2,83.0,23.0,80.0,1009.6,-1.0,-1.0,-1.0,-1.0,WZ,2012-10-20 08:00:00,17,41.20187,1.63346
-1.0,-1.0,20.4,90.0,-1.0,-1.0,-1.0,-1.0,-1.0,W1,2012-10-20 08:00:00,2,42.24726,3.09021
-1.0,-1.0,20.4,95.0,-1.0,-1.0,-1.0,-1.0,-1.0,W2,2012-10-20 08:00:00,7,42.18259,3.05783
-1.0,-1.0,20.6,89.0,-1.0,-1.0,-1.0,-1.0,-1.0,W3,2012-10-20 08:00:00,4,42.15006,3.06494
-1.0,-1.0,20.5,86.0,-1.0,3.0,37.0,-1.0,-1.0,W4,2012-10-20 08:00:00,240,41.36619,1.72857
-1.0,-1.0,18.2,88.0,-1.0,0.8,166.0,-1.0,-1.0,W5,2012-10-20 08:00:00,490,42.07683,1.31489
-1.0,-1.0,21.3,79.0,-1.0,1.6,76.0,-1.0,-1.0,W6,2012-10-20 08:00:00,158,41.13738,1.0187
-1.0,-1.0,20.6,75.0,-1.0,-1.0,-1.0,-1.0,-1.0,W8,2012-10-20 08:00:00,438,41.44237,1.15998
-1.0,-1.0,16.8,98.0,-1.0,0.4,15.0,-1.0,-1.0,W9,2012-10-20 08:00:00,461,42.14557,2.45451
6.2,91.0,15.9,92.0,924.1,-1.0,-1.0,-1.0,-1.0,XA,2012-10-20 08:00:00,785,41.60257,1.4007
-1.0,-1.0,17.5,92.0,-1.0,-1.0,-1.0,-1.0,-1.0,XB,2012-10-20 08:00:00,584,41.4779,1.53529
2.5,87.0,20.4,91.0,995.8,-1.0,-1.0,-1.0,-1.0,XC,2012-10-20 08:00:00,147,41.47892,1.97546
4.7,107.0,18.7,72.0,933.4,-1.0,-1.0,-1.0,-1.0,XD,2012-10-20 08:00:00,687,41.32,0.8857
4.5,64.0,22.7,80.0,1010.3,-1.0,-1.0,-1.0,-1.0,XE,2012-10-20 08:00:00,5,41.10393,1.201
3.9,56.0,19.7,93.0,982.8,-1.0,-1.0,-1.0,-1.0,XF,2012-10-20 08:00:00,258,41.56568,2.06952
4.4,72.0,21.4,82.0,999.0,-1.0,-1.0,-1.0,-1.0,XG,2012-10-20 08:00:00,123,41.56734,2.22619
-1.0,-1.0,15.0,99.0,936.4,-1.0,-1.0,-1.0,-1.0,XH,2012-10-20 08:00:00,679,42.40533,1.12993
-1.0,-1.0,21.4,68.0,982.8,3.4,76.0,-1.0,-1.0,XI,2012-10-20 08:00:00,247,41.61817,0.87182
0.5,300.0,20.8,100.0,1005.5,-1.0,-1.0,-1.0,-1.0,XJ,2012-10-20 08:00:00,72,41.98223,2.80686
9.5,84.0,11.0,100.0,-1.0,-1.0,-1.0,-1.0,-1.0,XK,2012-10-20 08:00:00,1668,41.77362,2.43774
5.3,73.0,21.9,92.0,-1.0,-1.0,-1.0,-1.0,-1.0,XL,2012-10-20 08:00:00,8,41.34045,2.08022
-1.0,-1.0,20.2,78.0,-1.0,2.2,59.0,-1.0,-1.0,XM,2012-10-20 08:00:00,235,41.59522,0.73507
-1.0,-1.0,18.6,96.0,-1.0,0.4,80.0,-1.0,-1.0,XN,2012-10-20 08:00:00,89,41.46379,0.42765
-1.0,-1.0,18.7,91.0,-1.0,-1.0,-1.0,-1.0,-1.0,XO,2012-10-20 08:00:00,499,41.93497,2.23987
-1.0,-1.0,16.6,98.0,-1.0,0.5,42.0,-1.0,-1.0,XP,2012-10-20 08:00:00,349,41.06581,0.43006
5.0,93.0,19.1,74.0,934.6,-1.0,-1.0,-1.0,-1.0,XT,2012-10-20 08:00:00,691,41.98766,1.51165
7.9,95.0,20.0,84.0,970.0,-1.0,-1.0,-1.0,-1.0,X1,2012-10-20 08:00:00,359,41.15374,0.81953
-1.0,-1.0,21.8,92.0,-1.0,-1.0,-1.0,-1.0,-1.0,X2,2012-10-20 08:00:00,7,41.38943,2.18847
8.0,92.0,18.6,80.0,968.4,-1.0,-1.0,-1.0,-1.0,X3,2012-10-20 08:00:00,370,41.74281,0.5358
4.2,72.0,21.7,91.0,1008.3,-1.0,-1.0,-1.0,-1.0,X4,2012-10-20 08:00:00,33,41.3839,2.16775
6.3,39.0,13.9,95.0,892.7,-1.0,-1.0,-1.0,-1.0,X5,2012-10-20 08:00:00,1055,40.79705,0.31822
-1.0,-1.0,20.6,69.0,-1.0,1.8,57.0,-1.0,-1.0,X6,2012-10-20 08:00:00,366,41.92173,1.02901
-1.0,-1.0,19.1,87.0,-1.0,1.2,57.0,-1.0,-1.0,X7,2012-10-20 08:00:00,215,41.51909,0.55314
5.3,78.0,20.9,90.0,1002.8,-1.0,-1.0,-1.0,-1.0,X8,2012-10-20 08:00:00,79,41.37919,2.1054
2.2,61.0,20.8,85.0,993.0,-1.0,-1.0,-1.0,-1.0,X9,2012-10-20 08:00:00,176,41.61265,2.16836
8.5,172.0,5.3,97.0,-1.0,-1.0,-1.0,-1.0,-1.0,ZB,2012-10-20 08:00:00,2451,42.51939,1.36597
3.8,82.0,6.3,99.0,-1.0,-1.0,-1.0,-1.0,-1.0,ZC,2012-10-20 08:00:00,2410,42.42117,2.24565
-1.0,-1.0,6.6,94.0,-1.0,-1.0,-1.0,4.0,112.0,Z1,2012-10-20 08:00:00,2266,42.64691,0.98486
-1.0,-1.0,4.4,98.0,-1.0,-1.0,-1.0,3.7,350.0,Z2,2012-10-20 08:00:00,2535,42.46602,0.88405
-1.0,-1.0,6.7,97.0,-1.0,-1.0,-1.0,1.3,97.0,Z3,2012-10-20 08:00:00,2230,42.46605,1.7785
-1.0,-1.0,5.7,100.0,-1.0,-1.0,-1.0,4.1,114.0,Z5,2012-10-20 08:00:00,2400,42.70029,1.27201
-1.0,-1.0,6.9,95.0,-1.0,-1.0,-1.0,3.6,48.0,Z6,2012-10-20 08:00:00,2228,42.77011,0.73198
4.3,259.0,4.7,98.0,-1.0,-1.0,-1.0,-1.0,-1.0,Z7,2012-10-20 08:00:00,2519,42.53412,1.05476
-1.0,-1.0,6.9,100.0,-1.0,-1.0,-1.0,12.8,119.0,Z8,2012-10-20 08:00:00,2316,42.18254,1.52407
10.7,106.0,7.6,97.0,-1.0,-1.0,-1.0,-1.0,-1.0,Z9,2012-10-20 08:00:00,2143,42.29265,1.71498
0.5,26.0,18.5,84.0,942.0,-1.0,-1.0,-1.0,-1.0,CC,2012-10-20 08:30:00,626,42.07398,2.20862
0.9,127.0,14.3,95.0,917.2,-1.0,-1.0,-1.0,-1.0,CD,2012-10-20 08:30:00,849,42.37083,1.43277
3.3,88.0,20.0,92.0,975.8,-1.0,-1.0,-1.0,-1.0,CE,2012-10-20 08:30:00,316,41.53109,1.80813
2.6,192.0,11.9,100.0,860.5,-1.0,-1.0,-1.0,-1.0,CG,2012-10-20 08:30:00,1405,42.37717,2.41456
1.1,37.0,14.5,94.0,918.5,-1.0,-1.0,-1.0,-1.0,CI,2012-10-20 08:30:00,852,42.25839,2.36429
3.9,20.0,17.5,86.0,948.8,-1.0,-1.0,-1.0,-1.0,CJ,2012-10-20 08:30:00,566.5,42.21624,1.33132
0.4,350.0,18.9,87.0,972.4,-1.0,-1.0,-1.0,-1.0,CL,2012-10-20 08:30:00,349,41.67399,1.76796
4.4,97.0,21.7,57.0,934.4,-1.0,-1.0,-1.0,-1.0,CP,2012-10-20 08:30:00,690,42.13924,1.03893
1.3,233.0,19.7,73.0,944.6,-1.0,-1.0,-1.0,-1.0,CQ,2012-10-20 08:30:00,594,41.99546,1.02569
5.0,66.0,16.8,85.0,915.8,-1.0,-1.0,-1.0,-1.0,CR,2012-10-20 08:30:00,873,42.08032,1.9624
0.2,163.0,14.0,100.0,919.5,-1.0,-1.0,-1.0,-1.0,CT,2012-10-20 08:30:00,823,42.39811,0.74362
0.6,334.0,10.4,94.0,899.4,-1.0,-1.0,-1.0,-1.0,CU,2012-10-20 08:30:00,1002,42.69856,0.79397
0.6,71.0,17.8,83.0,953.4,-1.0,-1.0,-1.0,-1.0,CV,2012-10-20 08:30:00,513.3,42.23939,0.96434
4.1,120.0,19.7,77.0,960.3,-1.0,-1.0,-1.0,-1.0,CW,2012-10-20 08:30:00,446,41.39241,1.09894
3.0,56.0,16.4,97.0,921.4,-1.0,-1.0,-1.0,-1.0,CY,2012-10-20 08:30:00,816,41.87813,2.17873
4.1,82.0,21.9,74.0,980.6,-1.0,-1.0,-1.0,-1.0,C6,2012-10-20 08:30:00,264,41.6566,0.95172
8.3,89.0,20.7,76.0,962.4,-1.0,-1.0,-1.0,-1.0,C7,2012-10-20 08:30:00,427,41.66695,1.16234
7.0,86.0,19.7,74.0,948.4,-1.0,-1.0,-1.0,-1.0,C8,2012-10-20 08:30:00,554,41.67555,1.29609
3.2,59.0,19.8,100.0,982.7,-1.0,-1.0,-1.0,-1.0,C9,2012-10-20 08:30:00,240,40.71825,0.39988
6.8,105.0,20.3,100.0,989.5,-1.0,-1.0,-1.0,-1.0,DB,2012-10-20 08:30:00,179,40.87287,0.71581
1.1,14.0,17.0,97.0,965.6,-1.0,-1.0,-1.0,-1.0,DC,2012-10-20 08:30:00,421.5,42.19144,2.48263
5.6,62.0,22.2,90.0,1007.7,-1.0,-1.0,-1.0,-1.0,DD,2012-10-20 08:30:00,44.5,41.51175,2.38674
1.4,101.0,21.1,94.0,1010.9,-1.0,-1.0,-1.0,-1.0,DF,2012-10-20 08:30:00,28.6,41.97751,3.03543
1.9,320.0,8.8,97.0,803.9,-1.0,-1.0,-1.0,-1.0,DG,2012-10-20 08:30:00,1971.4,42.39848,2.15517
5.2,74.0,19.2,93.0,965.1,-1.0,-1.0,-1.0,-1.0,DI,2012-10-20 08:30:00,415,41.43292,1.62386
2.0,83.0,19.8,99.0,993.7,-1.0,-1.0,-1.0,-1.0,DJ,2012-10-20 08:30:00,176,42.11653,2.78969
7.3,39.0,22.8,83.0,1010.9,-1.0,-1.0,-1.0,-1.0,DK,2012-10-20 08:30:00,2,41.14677,1.41846
4.6,75.0,22.5,94.0,1009.8,-1.0,-1.0,-1.0,-1.0,DL,2012-10-20 08:30:00,0.5,40.70719,0.83449
1.2,325.0,19.4,96.0,996.3,-1.0,-1.0,-1.0,-1.0,DN,2012-10-20 08:30:00,150,41.96095,2.63108
2.5,74.0,20.2,92.0,1012.3,-1.0,-1.0,-1.0,-1.0,DO,2012-10-20 08:30:00,14,41.80857,3.03241
3.1,105.0,17.6,69.0,891.4,-1.0,-1.0,-1.0,-1.0,DP,2012-10-20 08:30:00,1097,42.38605,1.8664
4.5,78.0,20.7,74.0,978.6,-1.0,-1.0,-1.0,-1.0,DQ,2012-10-20 08:30:00,287,41.30728,1.36259
-1.0,-1.0,20.5,71.0,963.8,-1.0,-1.0,-1.0,-1.0,D1,2012-10-20 08:30:00,404,41.28521,0.75383
-1.0,-1.0,20.2,86.0,972.8,-1.0,-1.0,-1.0,-1.0,D2,2012-10-20 08:30:00,343,41.59252,1.915
3.1,99.0,20.0,96.0,982.8,-1.0,-1.0,-1.0,-1.0,D3,2012-10-20 08:30:00,252,41.38197,1.93564
3.5,108.0,20.8,91.0,1011.5,-1.0,-1.0,-1.0,-1.0,D4,2012-10-20 08:30:00,24,42.27065,3.18165
6.9,74.0,19.2,94.0,965.3,-1.0,-1.0,-1.0,-1.0,D5,2012-10-20 08:30:00,411.2,41.41843,2.12388
7.7,172.0,18.3,99.0,991.6,-1.0,-1.0,-1.0,-1.0,D6,2012-10-20 08:30:00,196,42.43515,3.16622
0.9,283.0,18.7,96.0,1004.5,-1.0,-1.0,-1.0,-1.0,D7,2012-10-20 08:30:00,53,41.18499,0.59376
3.3,53.0,15.9,98.0,951.0,-1.0,-1.0,-1.0,-1.0,D8,2012-10-20 08:30:00,515,40.95134,0.30565
3.2,49.0,22.3,84.0,1004.8,-1.0,-1.0,-1.0,-1.0,D9,2012-10-20 08:30:00,59,41.21553,1.52121
2.9,56.0,20.3,81.0,973.9,-1.0,-1.0,-1.0,-1.0,H1,2012-10-20 08:30:00,333,41.58642,1.65306
0.6,181.0,18.3,92.0,988.0,-1.0,-1.0,-1.0,-1.0,R1,2012-10-20 08:30:00,210,41.70637,1.87276
5.1,63.0,22.2,78.0,997.7,-1.0,-1.0,-1.0,-1.0,VQ,2012-10-20 08:30:00,112,41.1713,1.16774
11.8,194.0,6.3,99.0,775.0,-1.0,-1.0,-1.0,-1.0,VS,2012-10-20 08:30:00,2247,42.63835,0.77889
-1.0,-1.0,21.8,89.0,1007.9,-1.0,-1.0,7.1,56.0,WU,2012-10-20 08:30:00,42,41.45215,2.24757
3.5,84.0,23.2,81.0,1009.7,-1.0,-1.0,-1.0,-1.0,WZ,2012-10-20 08:30:00,17,41.20187,1.63346
6.1,92.0,16.1,92.0,924.0,-1.0,-1.0,-1.0,-1.0,XA,2012-10-20 08:30:00,785,41.60257,1.4007
3.7,72.0,20.9,90.0,995.7,-1.0,-1.0,-1.0,-1.0,XC,2012-10-20 08:30:00,147,41.47892,1.97546
4.4,115.0,18.7,72.0,933.3,-1.0,-1.0,-1.0,-1.0,XD,2012-10-20 08:30:00,687,41.32,0.8857
4.3,72.0,23.1,79.0,1010.2,-1.0,-1.0,-1.0,-1.0,XE,2012-10-20 08:30:00,5,41.10393,1.201
3.7,59.0,20.1,93.0,982.8,-1.0,-1.0,-1.0,-1.0,XF,2012-10-20 08:30:00,258,41.56568,2.06952
4.6,81.0,22.1,79.0,998.9,-1.0,-1.0,-1.0,-1.0,XG,2012-10-20 08:30:00,123,41.56734,2.22619
-1.0,-1.0,15.8,98.0,936.1,-1.0,-1.0,-1.0,-1.0,XH,2012-10-20 08:30:00,679,42.40533,1.12993
1.0,13.0,21.1,98.0,1005.5,-1.0,-1.0,-1.0,-1.0,XJ,2012-10-20 08:30:00,72,41.98223,2.80686
9.1,94.0,11.6,100.0,-1.0,-1.0,-1.0,-1.0,-1.0,XK,2012-10-20 08:30:00,1668,41.77362,2.43774
5.2,75.0,22.4,90.0,-1.0,-1.0,-1.0,-1.0,-1.0,XL,2012-10-20 08:30:00,8,41.34045,2.08022
-1.0,-1.0,18.9,90.0,-1.0,-1.0,-1.0,-1.0,-1.0,XO,2012-10-20 08:30:00,499,41.93497,2.23987
-1.0,-1.0,17.1,98.0,-1.0,1.2,86.0,-1.0,-1.0,XP,2012-10-20 08:30:00,349,41.06581,0.43006
5.7,95.0,19.6,73.0,934.3,-1.0,-1.0,-1.0,-1.0,XT,2012-10-20 08:30:00,691,41.98766,1.51165
5.1,77.0,21.4,88.0,1002.8,-1.0,-1.0,-1.0,-1.0,X8,2012-10-20 08:30:00,79,41.37919,2.1054
7.5,165.0,5.6,97.0,-1.0,-1.0,-1.0,-1.0,-1.0,ZB,2012-10-20 08:30:00,2451,42.51939,1.36597
2.8,131.0,6.6,99.0,-1.0,-1.0,-1.0,-1.0,-1.0,ZC,2012-10-20 08:30:00,2410,42.42117,2.24565
-1.0,-1.0,6.5,95.0,-1.0,-1.0,-1.0,4.8,106.0,Z1,2012-10-20 08:30:00,2266,42.64691,0.98486
-1.0,-1.0,4.5,98.0,-1.0,-1.0,-1.0,4.2,0.0,Z2,2012-10-20 08:30:00,2535,42.46602,0.88405
-1.0,-1.0,6.8,97.0,-1.0,-1.0,-1.0,1.4,83.0,Z3,2012-10-20 08:30:00,2230,42.46605,1.7785
-1.0,-1.0,5.7,100.0,-1.0,-1.0,-1.0,3.8,123.0,Z5,2012-10-20 08:30:00,2400,42.70029,1.27201
-1.0,-1.0,7.2,93.0,-1.0,-1.0,-1.0,2.9,42.0,Z6,2012-10-20 08:30:00,2228,42.77011,0.73198
4.5,266.0,4.7,98.0,-1.0,-1.0,-1.0,-1.0,-1.0,Z7,2012-10-20 08:30:00,2519,42.53412,1.05476
-1.0,-1.0,6.9,100.0,-1.0,-1.0,-1.0,13.4,117.0,Z8,2012-10-20 08:30:00,2316,42.18254,1.52407
8.9,111.0,7.8,97.0,-1.0,-1.0,-1.0,-1.0,-1.0,Z9,2012-10-20 08:30:00,2143,42.29265,1.71498
0.8,31.0,19.0,79.0,941.8,-1.0,-1.0,-1.0,-1.0,CC,2012-10-20 09:00:00,626,42.07398,2.20862
1.1,323.0,14.6,94.0,917.0,-1.0,-1.0,-1.0,-1.0,CD,2012-10-20 09:00:00,849,42.37083,1.43277
3.3,93.0,20.5,90.0,975.9,-1.0,-1.0,-1.0,-1.0,CE,2012-10-20 09:00:00,316,41.53109,1.80813
2.8,201.0,12.0,100.0,860.4,-1.0,-1.0,-1.0,-1.0,CG,2012-10-20 09:00:00,1405,42.37717,2.41456
1.7,46.0,14.8,94.0,918.3,-1.0,-1.0,-1.0,-1.0,CI,2012-10-20 09:00:00,852,42.25839,2.36429
2.4,37.0,18.7,80.0,948.5,-1.0,-1.0,-1.0,-1.0,CJ,2012-10-20 09:00:00,566.5,42.21624,1.33132
1.2,329.0,19.6,84.0,972.3,-1.0,-1.0,-1.0,-1.0,CL,2012-10-20 09:00:00,349,41.67399,1.76796
5.2,101.0,22.3,57.0,934.1,-1.0,-1.0,-1.0,-1.0,CP,2012-10-20 09:00:00,690,42.13924,1.03893
3.0,186.0,20.2,71.0,944.5,-1.0,-1.0,-1.0,-1.0,CQ,2012-10-20 09:00:00,594,41.99546,1.02569
4.9,67.0,16.9,86.0,915.7,-1.0,-1.0,-1.0,-1.0,CR,2012-10-20 09:00:00,873,42.08032,1.9624
1.0,323.0,15.7,94.0,919.2,-1.0,-1.0,-1.0,-1.0,CT,2012-10-20 09:00:00,823,42.39811,0.74362
0.7,210.0,10.7,94.0,899.1,-1.0,-1.0,-1.0,-1.0,CU,2012-10-20 09:00:00,1002,42.69856,0.79397
0.7,114.0,18.2,82.0,952.9,-1.0,-1.0,-1.0,-1.0,CV,2012-10-20 09:00:00,513.3,42.23939,0.96434
4.6,116.0,20.0,75.0,960.0,-1.0,-1.0,-1.0,-1.0,CW,2012-10-20 09:00:00,446,41.39241,1.09894
3.3,59.0,16.9,95.0,921.4,-1.0,-1.0,-1.0,-1.0,CY,2012-10-20 09:00:00,816,41.87813,2.17873
7.3,80.0,22.1,71.0,980.2,-1.0,-1.0,-1.0,-1.0,C6,2012-10-20 09:00:00,264,41.6566,0.95172
8.7,94.0,21.2,73.0,962.4,-1.0,-1.0,-1.0,-1.0,C7,2012-10-20 09:00:00,427,41.66695,1.16234
6.7,95.0,19.9,74.0,948.4,-1.0,-1.0,-1.0,-1.0,C8,2012-10-20 09:00:00,554,41.67555,1.29609
3.9,63.0,20.0,100.0,982.4,-1.0,-1.0,-1.0,-1.0,C9,2012-10-20 09:00:00,240,40.71825,0.39988
6.1,106.0,20.5,100.0,989.3,-1.0,-1.0,-1.0,-1.0,DB,2012-10-20 09:00:00,179,40.87287,0.71581
1.9,43.0,17.8,95.0,965.3,-1.0,-1.0,-1.0,-1.0,DC,2012-10-20 09:00:00,421.5,42.19144,2.48263
5.7,59.0,22.3,90.0,1007.6,-1.0,-1.0,-1.0,-1.0,DD,2012-10-20 09:00:00,44.5,41.51175,2.38674
1.6,98.0,21.2,93.0,1010.8,-1.0,-1.0,-1.0,-1.0,DF,2012-10-20 09:00:00,28.6,41.97751,3.03543
2.2,291.0,9.0,97.0,803.7,-1.0,-1.0,-1.0,-1.0,DG,2012-10-20 09:00:00,1971.4,42.39848,2.15517
5.6,75.0,19.8,90.0,965.1,-1.0,-1.0,-1.0,-1.0,DI,2012-10-20 09:00:00,415,41.43292,1.62386
2.7,86.0,19.8,99.0,993.6,-1.0,-1.0,-1.0,-1.0,DJ,2012-10-20 09:00:00,176,42.11653,2.78969
9.8,43.0,23.1,86.0,1010.6,-1.0,-1.0,-1.0,-1.0,DK,2012-10-20 09:00:00,2,41.14677,1.41846
4.8,74.0,22.5,94.0,1009.6,-1.0,-1.0,-1.0,-1.0,DL,2012-10-20 09:00:00,0.5,40.70719,0.83449
0.7,189.0,19.6,97.0,996.1,-1.0,-1.0,-1.0,-1.0,DN,2012-10-20 09:00:00,150,41.96095,2.63108
2.5,80.0,20.3,92.0,1012.2,-1.0,-1.0,-1.0,-1.0,DO,2012-10-20 09:00:00,14,41.80857,3.03241
3.2,155.0,18.4,64.0,891.3,-1.0,-1.0,-1.0,-1.0,DP,2012-10-20 09:00:00,1097,42.38605,1.8664
4.6,74.0,21.2,72.0,978.1,-1.0,-1.0,-1.0,-1.0,DQ,2012-10-20 09:00:00,287,41.30728,1.36259
-1.0,-1.0,20.6,70.0,963.8,-1.0,-1.0,-1.0,-1.0,D1,2012-10-20 09:00:00,404,41.28521,0.75383
-1.0,-1.0,20.7,84.0,972.7,-1.0,-1.0,-1.0,-1.0,D2,2012-10-20 09:00:00,343,41.59252,1.915
3.2,113.0,20.1,96.0,982.9,-1.0,-1.0,-1.0,-1.0,D3,2012-10-20 09:00:00,252,41.38197,1.93564
2.9,106.0,20.9,91.0,1011.4,-1.0,-1.0,-1.0,-1.0,D4,2012-10-20 09:00:00,24,42.27065,3.18165
7.0,72.0,19.2,94.0,965.2,-1.0,-1.0,-1.0,-1.0,D5,2012-10-20 09:00:00,411.2,41.41843,2.12388
6.3,162.0,18.3,99.0,991.7,-1.0,-1.0,-1.0,-1.0,D6,2012-10-20 09:00:00,196,42.43515,3.16622
0.9,309.0,19.6,94.0,1004.1,-1.0,-1.0,-1.0,-1.0,D7,2012-10-20 09:00:00,53,41.18499,0.59376
6.8,90.0,17.7,93.0,950.7,-1.0,-1.0,-1.0,-1.0,D8,2012-10-20 09:00:00,515,40.95134,0.30565
4.1,77.0,23.4,80.0,1004.5,-1.0,-1.0,-1.0,-1.0,D9,2012-10-20 09:00:00,59,41.21553,1.52121
5.1,85.0,21.5,77.0,973.9,-1.0,-1.0,-1.0,-1.0,H1,2012-10-20 09:00:00,333,41.58642,1.65306
0.6,204.0,19.2,89.0,987.8,-1.0,-1.0,-1.0,-1.0,R1,2012-10-20 09:00:00,210,41.70637,1.87276
-1.0,-1.0,21.7,92.0,-1.0,4.5,82.0,-1.0,-1.0,UA,2012-10-20 09:00:00,93,40.9091,0.76943
-1.0,-1.0,20.1,88.0,-1.0,2.7,110.0,-1.0,-1.0,UB,2012-10-20 09:00:00,15,42.05398,3.06195
-1.0,-1.0,20.0,91.0,-1.0,0.7,128.0,-1.0,-1.0,UC,2012-10-20 09:00:00,60,41.97726,2.99705
-1.0,-1.0,21.0,92.0,-1.0,-1.0,-1.0,-1.0,-1.0,UD,2012-10-20 09:00:00,12,42.02895,3.06227
-1.0,-1.0,20.5,93.0,-1.0,-1.0,-1.0,-1.0,-1.0,UE,2012-10-20 09:00:00,4,42.02306,3.15719
-1.0,-1.0,17.5,100.0,-1.0,2.4,74.0,-1.0,-1.0,UF,2012-10-20 09:00:00,573,41.28832,1.90775
-1.0,-1.0,22.7,89.0,-1.0,2.4,63.0,-1.0,-1.0,UG,2012-10-20 09:00:00,3,41.29928,2.03787
-1.0,-1.0,18.3,94.0,-1.0,1.3,54.0,2.0,63.0,UH,2012-10-20 09:00:00,545,41.34171,1.48769
-1.0,-1.0,12.1,99.0,-1.0,0.2,330.0,-1.0,-1.0,UI,2012-10-20 09:00:00,1386,42.26477,1.76218
-1.0,-1.0,18.2,82.0,-1.0,5.3,86.0,7.6,94.0,UJ,2012-10-20 09:00:00,709,41.52879,1.3683
-1.0,-1.0,23.6,73.0,-1.0,0.9,271.0,-1.0,-1.0,UK,2012-10-20 09:00:00,161,41.27861,1.80479
-1.0,-1.0,22.4,66.0,-1.0,3.0,100.0,-1.0,-1.0,UL,2012-10-20 09:00:00,228,41.52911,0.75303
-1.0,-1.0,21.3,64.0,-1.0,4.5,121.0,-1.0,-1.0,UM,2012-10-20 09:00:00,505,41.35991,0.66789
-1.0,-1.0,21.0,94.0,-1.0,1.4,93.0,-1.0,-1.0,UN,2012-10-20 09:00:00,171,41.87449,2.92694
-1.0,-1.0,22.1,87.0,-1.0,-1.0,-1.0,-1.0,-1.0,UO,2012-10-20 09:00:00,97,41.91461,2.82069
2.6,103.0,22.2,87.0,1003.1,-1.0,-1.0,-1.0,-1.0,UP,2012-10-20 09:00:00,81,41.51773,2.37702
-1.0,-1.0,19.2,89.0,-1.0,1.5,76.0,-1.0,-1.0,UQ,2012-10-20 09:00:00,460,41.61991,2.44532
-1.0,-1.0,21.8,95.0,-1.0,3.0,47.0,-1.0,-1.0,US,2012-10-20 09:00:00,24,40.55786,0.52329
6.5,77.0,21.9,93.0,1009.2,-1.0,-1.0,-1.0,-1.0,UU,2012-10-20 09:00:00,3,40.70776,0.6321
-1.0,-1.0,21.6,91.0,1009.7,3.7,79.0,-1.0,-1.0,UW,2012-10-20 09:00:00,0,40.62725,0.65922
-1.0,-1.0,20.6,100.0,-1.0,1.3,46.0,-1.0,-1.0,UX,2012-10-20 09:00:00,210,40.62652,0.37112
-1.0,-1.0,20.2,71.0,-1.0,2.7,93.0,5.6,98.0,UY,2012-10-20 09:00:00,576,41.87912,0.76103
-1.0,-1.0,20.9,93.0,-1.0,1.4,112.0,-1.0,-1.0,U1,2012-10-20 09:00:00,31,42.30648,2.95481
2.7,80.0,20.3,97.0,1014.0,-1.0,-1.0,-1.0,-1.0,U2,2012-10-20 09:00:00,4,42.17716,3.0968
-1.0,-1.0,21.0,82.0,-1.0,1.8,57.0,-1.0,-1.0,U3,2012-10-20 09:00:00,257,41.37491,1.63032
3.3,64.0,19.7,77.0,-1.0,2.3,76.0,-1.0,-1.0,U4,2012-10-20 09:00:00,507,41.83094,1.84699
-1.0,-1.0,15.0,93.0,-1.0,1.7,83.0,-1.0,-1.0,U5,2012-10-20 09:00:00,969,41.31349,0.99611
-1.0,-1.0,22.9,84.0,-1.0,5.7,72.0,-1.0,-1.0,U6,2012-10-20 09:00:00,29,41.08017,1.06661
-1.0,-1.0,21.0,90.0,-1.0,0.8,92.0,-1.0,-1.0,U7,2012-10-20 09:00:00,52,40.85936,0.50525
-1.0,-1.0,21.7,90.0,-1.0,2.2,63.0,-1.0,-1.0,U9,2012-10-20 09:00:00,62,40.76947,0.61635
-1.0,-1.0,19.5,92.0,-1.0,1.6,169.0,-1.0,-1.0,VA,2012-10-20 09:00:00,257,41.19645,0.51161
2.3,96.0,22.7,81.0,-1.0,-1.0,-1.0,-1.0,-1.0,VB,2012-10-20 09:00:00,32,41.06289,0.63517
-1.0,-1.0,17.6,91.0,-1.0,1.8,278.0,-1.0,-1.0,VC,2012-10-20 09:00:00,69,41.24415,0.43266
-1.0,-1.0,21.2,65.0,-1.0,2.2,84.0,-1.0,-1.0,VD,2012-10-20 09:00:00,429,41.68939,1.20381
-1.0,-1.0,20.7,87.0,-1.0,0.5,259.0,-1.0,-1.0,VE,2012-10-20 09:00:00,97,41.48692,0.46058
-1.0,-1.0,22.2,74.0,-1.0,1.2,60.0,-1.0,-1.0,VF,2012-10-20 09:00:00,122,41.56482,0.54999
-1.0,-1.0,21.3,74.0,-1.0,1.8,81.0,-1.0,-1.0,VH,2012-10-20 09:00:00,259,41.65814,0.39301
-1.0,-1.0,23.4,63.0,-1.0,2.6,73.0,-1.0,-1.0,VJ,2012-10-20 09:00:00,161,41.59957,0.6478
5.8,93.0,21.4,73.0,977.2,-1.0,-1.0,-1.0,-1.0,VK,2012-10-20 09:00:00,286,41.68328,0.4487
-1.0,-1.0,22.2,67.0,-1.0,3.8,80.0,-1.0,-1.0,VM,2012-10-20 09:00:00,222,41.7145,0.62839
-1.0,-1.0,22.1,89.0,-1.0,-1.0,-1.0,-1.0,-1.0,VN,2012-10-20 09:00:00,117,41.88244,2.74262
-1.0,-1.0,19.9,64.0,-1.0,1.8,100.0,-1.0,-1.0,VO,2012-10-20 09:00:00,785,42.08745,1.42792
-1.0,-1.0,18.3,81.0,-1.0,2.9,86.0,5.0,90.0,VP,2012-10-20 09:00:00,659,41.80483,1.53853
4.8,71.0,22.1,79.0,997.6,-1.0,-1.0,-1.0,-1.0,VQ,2012-10-20 09:00:00,112,41.1713,1.16774
-1.0,-1.0,21.8,69.0,-1.0,0.7,54.0,-1.0,-1.0,VR,2012-10-20 09:00:00,291,41.68994,1.04401
8.7,188.0,6.5,99.0,775.3,-1.0,-1.0,-1.0,-1.0,VS,2012-10-20 09:00:00,2247,42.63835,0.77889
-1.0,-1.0,22.1,83.0,-1.0,2.3,103.0,-1.0,-1.0,VT,2012-10-20 09:00:00,84,41.48401,2.12745
-1.0,-1.0,19.5,77.0,-1.0,2.1,91.0,-1.0,-1.0,VU,2012-10-20 09:00:00,421,41.63286,1.91718
1.4,133.0,18.9,92.0,-1.0,-1.0,-1.0,-1.0,-1.0,VV,2012-10-20 09:00:00,528,41.68129,2.02647
-1.0,-1.0,15.2,96.0,-1.0,3.8,182.0,-1.0,-1.0,VX,2012-10-20 09:00:00,1030,41.74761,2.30291
-1.0,-1.0,21.8,76.0,-1.0,-1.0,-1.0,-1.0,-1.0,VY,2012-10-20 09:00:00,240,41.25095,1.29863
-1.0,-1.0,21.5,88.0,-1.0,-1.0,-1.0,-1.0,-1.0,VZ,2012-10-20 09:00:00,83,42.38443,3.00736
-1.0,-1.0,22.9,64.0,-1.0,2.3,116.0,-1.0,-1.0,V1,2012-10-20 09:00:00,238,41.78487,0.82939
-1.0,-1.0,19.1,87.0,-1.0,2.4,61.0,-1.0,-1.0,V3,2012-10-20 09:00:00,509,41.95224,2.23271
-1.0,-1.0,17.4,86.0,936.7,-1.0,-1.0,0.5,355.0,V4,2012-10-20 09:00:00,684,42.11477,2.21483
-1.0,-1.0,17.7,84.0,-1.0,3.4,78.0,3.9,75.0,V5,2012-10-20 09:00:00,774,42.03947,2.11993
-1.0,-1.0,22.5,65.0,-1.0,2.7,85.0,-1.0,-1.0,V8,2012-10-20 09:00:00,223,41.67279,0.87741
-1.0,-1.0,21.2,65.0,-1.0,4.7,98.0,-1.0,-1.0,WA,2012-10-20 09:00:00,443,41.87694,1.1541
-1.0,-1.0,21.7,72.0,-1.0,5.4,86.0,-1.0,-1.0,WB,2012-10-20 09:00:00,267,41.76036,0.67022
-1.0,-1.0,22.0,64.0,-1.0,4.7,100.0,-1.0,-1.0,WC,2012-10-20 09:00:00,261,41.63642,0.92446
-1.0,-1.0,15.1,100.0,-1.0,0.6,314.0,-1.0,-1.0,WD,2012-10-20 09:00:00,382,41.08671,0.31884
-1.0,-1.0,21.5,83.0,-1.0,2.1,86.0,-1.0,-1.0,WE,2012-10-20 09:00:00,126,41.5444,2.30014
-1.0,-1.0,21.4,88.0,-1.0,-1.0,-1.0,-1.0,-1.0,WF,2012-10-20 09:00:00,108,41.95425,2.77578
-1.0,-1.0,21.9,66.0,-1.0,4.3,82.0,-1.0,-1.0,WG,2012-10-20 09:00:00,301,41.80104,0.64804
-1.0,-1.0,19.7,83.0,-1.0,2.2,100.0,-1.0,-1.0,WI,2012-10-20 09:00:00,350,41.35741,0.4809
-1.0,-1.0,22.1,74.0,-1.0,4.4,105.0,-1.0,-1.0,WJ,2012-10-20 09:00:00,141,41.1223,0.72182
-1.0,-1.0,22.2,64.0,-1.0,2.3,54.0,-1.0,-1.0,WK,2012-10-20 09:00:00,268,41.81949,0.57768
-1.0,-1.0,21.6,67.0,-1.0,6.9,91.0,-1.0,-1.0,WL,2012-10-20 09:00:00,413,41.57236,1.0882
3.5,59.0,14.9,85.0,-1.0,-1.0,-1.0,-1.0,-1.0,WM,2012-10-20 09:00:00,1167,42.10736,1.8267
-1.0,-1.0,15.8,99.0,-1.0,-1.0,-1.0,4.5,116.0,WN,2012-10-20 09:00:00,916,41.59539,1.83751
-1.0,-1.0,21.5,80.0,-1.0,-1.0,-1.0,-1.0,-1.0,WO,2012-10-20 09:00:00,185,41.27151,1.46717
-1.0,-1.0,19.9,95.0,-1.0,2.0,97.0,-1.0,-1.0,WP,2012-10-20 09:00:00,325,41.48518,1.69337
11.1,123.0,12.7,85.0,840.9,-1.0,-1.0,-1.0,-1.0,WQ,2012-10-20 09:00:00,1572,42.0513,0.72952
-1.0,-1.0,21.8,75.0,-1.0,2.0,125.0,-1.0,-1.0,WR,2012-10-20 09:00:00,300,41.2163,0.79748
2.9,116.0,15.5,96.0,906.2,-1.0,-1.0,-1.0,-1.0,WS,2012-10-20 09:00:00,953,41.84008,2.41877
3.4,80.0,22.3,94.0,1013.4,-1.0,-1.0,-1.0,-1.0,WT,2012-10-20 09:00:00,2,41.64707,2.75658
-1.0,-1.0,21.7,90.0,1007.8,-1.0,-1.0,7.0,56.0,WU,2012-10-20 09:00:00,42,41.45215,2.24757
1.1,320.0,16.4,92.0,925.8,-1.0,-1.0,-1.0,-1.0,WV,2012-10-20 09:00:00,788,42.23414,1.87485
-1.0,-1.0,21.7,73.0,-1.0,-1.0,-1.0,-1.0,-1.0,WW,2012-10-20 09:00:00,278,41.79423,1.9368
-1.0,-1.0,19.7,70.0,-1.0,5.1,92.0,-1.0,-1.0,WX,2012-10-20 09:00:00,668,41.9178,0.88175
-1.0,-1.0,21.6,86.0,-1.0,1.2,68.0,-1.0,-1.0,WY,2012-10-20 09:00:00,164,41.43386,1.79429
3.9,81.0,23.6,80.0,1009.3,-1.0,-1.0,-1.0,-1.0,WZ,2012-10-20 09:00:00,17,41.20187,1.63346
-1.0,-1.0,20.9,87.0,-1.0,-1.0,-1.0,-1.0,-1.0,W1,2012-10-20 09:00:00,2,42.24726,3.09021
-1.0,-1.0,20.6,95.0,-1.0,-1.0,-1.0,-1.0,-1.0,W2,2012-10-20 09:00:00,7,42.18259,3.05783
-1.0,-1.0,20.8,88.0,-1.0,-1.0,-1.0,-1.0,-1.0,W3,2012-10-20 09:00:00,4,42.15006,3.06494
-1.0,-1.0,22.0,77.0,-1.0,4.2,78.0,-1.0,-1.0,W4,2012-10-20 09:00:00,240,41.36619,1.72857
-1.0,-1.0,21.4,72.0,-1.0,1.7,190.0,-1.0,-1.0,W5,2012-10-20 09:00:00,490,42.07683,1.31489
-1.0,-1.0,21.6,79.0,-1.0,1.6,89.0,-1.0,-1.0,W6,2012-10-20 09:00:00,158,41.13738,1.0187
-1.0,-1.0,21.6,71.0,-1.0,-1.0,-1.0,-1.0,-1.0,W8,2012-10-20 09:00:00,438,41.44237,1.15998
-1.0,-1.0,17.1,98.0,-1.0,0.6,47.0,-1.0,-1.0,W9,2012-10-20 09:00:00,461,42.14557,2.45451
5.4,94.0,16.3,91.0,924.1,-1.0,-1.0,-1.0,-1.0,XA,2012-10-20 09:00:00,785,41.60257,1.4007
-1.0,-1.0,18.0,91.0,-1.0,-1.0,-1.0,-1.0,-1.0,XB,2012-10-20 09:00:00,584,41.4779,1.53529
4.4,94.0,22.3,85.0,995.6,-1.0,-1.0,-1.0,-1.0,XC,2012-10-20 09:00:00,147,41.47892,1.97546
4.9,116.0,18.6,72.0,933.1,-1.0,-1.0,-1.0,-1.0,XD,2012-10-20 09:00:00,687,41.32,0.8857
5.3,72.0,23.1,81.0,1010.0,-1.0,-1.0,-1.0,-1.0,XE,2012-10-20 09:00:00,5,41.10393,1.201
4.4,70.0,20.7,92.0,982.6,-1.0,-1.0,-1.0,-1.0,XF,2012-10-20 09:00:00,258,41.56568,2.06952
4.0,86.0,22.6,77.0,998.9,-1.0,-1.0,-1.0,-1.0,XG,2012-10-20 09:00:00,123,41.56734,2.22619
-1.0,-1.0,17.2,93.0,935.9,-1.0,-1.0,-1.0,-1.0,XH,2012-10-20 09:00:00,679,42.40533,1.12993
-1.0,-1.0,22.8,62.0,982.0,5.6,96.0,-1.0,-1.0,XI,2012-10-20 09:00:00,247,41.61817,0.87182
1.8,49.0,21.8,92.0,1005.3,-1.0,-1.0,-1.0,-1.0,XJ,2012-10-20 09:00:00,72,41.98223,2.80686
9.9,115.0,11.6,100.0,-1.0,-1.0,-1.0,-1.0,-1.0,XK,2012-10-20 09:00:00,1668,41.77362,2.43774
4.6,78.0,22.4,90.0,-1.0,-1.0,-1.0,-1.0,-1.0,XL,2012-10-20 09:00:00,8,41.34045,2.08022
-1.0,-1.0,22.9,65.0,-1.0,4.5,99.0,-1.0,-1.0,XM,2012-10-20 09:00:00,235,41.59522,0.73507
-1.0,-1.0,20.6,86.0,-1.0,0.5,51.0,-1.0,-1.0,XN,2012-10-20 09:00:00,89,41.46379,0.42765
-1.0,-1.0,19.1,88.0,-1.0,-1.0,-1.0,-1.0,-1.0,XO,2012-10-20 09:00:00,499,41.93497,2.23987
-1.0,-1.0,18.0,98.0,-1.0,2.1,101.0,-1.0,-1.0,XP,2012-10-20 09:00:00,349,41.06581,0.43006
5.8,100.0,19.3,73.0,934.2,-1.0,-1.0,-1.0,-1.0,XT,2012-10-20 09:00:00,691,41.98766,1.51165
7.3,92.0,20.4,82.0,969.5,-1.0,-1.0,-1.0,-1.0,X1,2012-10-20 09:00:00,359,41.15374,0.81953
-1.0,-1.0,22.2,90.0,-1.0,-1.0,-1.0,-1.0,-1.0,X2,2012-10-20 09:00:00,7,41.38943,2.18847
10.9,89.0,20.3,76.0,967.4,-1.0,-1.0,-1.0,-1.0,X3,2012-10-20 09:00:00,370,41.74281,0.5358
4.8,76.0,22.0,90.0,1008.2,-1.0,-1.0,-1.0,-1.0,X4,2012-10-20 09:00:00,33,41.3839,2.16775
7.0,53.0,13.8,95.0,892.3,-1.0,-1.0,-1.0,-1.0,X5,2012-10-20 09:00:00,1055,40.79705,0.31822
-1.0,-1.0,22.1,65.0,-1.0,4.0,102.0,-1.0,-1.0,X6,2012-10-20 09:00:00,366,41.92173,1.02901
-1.0,-1.0,21.7,71.0,-1.0,3.5,82.0,-1.0,-1.0,X7,2012-10-20 09:00:00,215,41.51909,0.55314
5.6,82.0,21.3,88.0,1002.8,-1.0,-1.0,-1.0,-1.0,X8,2012-10-20 09:00:00,79,41.37919,2.1054
2.4,59.0,21.7,82.0,992.7,-1.0,-1.0,-1.0,-1.0,X9,2012-10-20 09:00:00,176,41.61265,2.16836
8.3,160.0,5.8,97.0,-1.0,-1.0,-1.0,-1.0,-1.0,ZB,2012-10-20 09:00:00,2451,42.51939,1.36597
5.7,91.0,6.8,99.0,-1.0,-1.0,-1.0,-1.0,-1.0,ZC,2012-10-20 09:00:00,2410,42.42117,2.24565
-1.0,-1.0,6.3,97.0,-1.0,-1.0,-1.0,6.6,112.0,Z1,2012-10-20 09:00:00,2266,42.64691,0.98486
-1.0,-1.0,4.8,98.0,-1.0,-1.0,-1.0,2.4,331.0,Z2,2012-10-20 09:00:00,2535,42.46602,0.88405
-1.0,-1.0,7.2,97.0,-1.0,-1.0,-1.0,2.4,107.0,Z3,2012-10-20 09:00:00,2230,42.46605,1.7785
-1.0,-1.0,5.8,100.0,-1.0,-1.0,-1.0,2.9,133.0,Z5,2012-10-20 09:00:00,2400,42.70029,1.27201
-1.0,-1.0,7.7,89.0,-1.0,-1.0,-1.0,2.1,35.0,Z6,2012-10-20 09:00:00,2228,42.77011,0.73198
3.3,280.0,4.9,98.0,-1.0,-1.0,-1.0,-1.0,-1.0,Z7,2012-10-20 09:00:00,2519,42.53412,1.05476
-1.0,-1.0,6.9,100.0,-1.0,-1.0,-1.0,13.2,114.0,Z8,2012-10-20 09:00:00,2316,42.18254,1.52407
9.2,113.0,7.7,97.0,-1.0,-1.0,-1.0,-1.0,-1.0,Z9,2012-10-20 09:00:00,2143,42.29265,1.71498
0.6,39.0,18.9,80.0,941.7,-1.0,-1.0,-1.0,-1.0,CC,2012-10-20 09:30:00,626,42.07398,2.20862
1.5,230.0,14.9,94.0,916.6,-1.0,-1.0,-1.0,-1.0,CD,2012-10-20 09:30:00,849,42.37083,1.43277
3.3,90.0,20.5,89.0,975.6,-1.0,-1.0,-1.0,-1.0,CE,2012-10-20 09:30:00,316,41.53109,1.80813
2.0,203.0,12.1,100.0,860.1,-1.0,-1.0,-1.0,-1.0,CG,2012-10-20 09:30:00,1405,42.37717,2.41456
1.9,44.0,15.0,94.0,917.9,-1.0,-1.0,-1.0,-1.0,CI,2012-10-20 09:30:00,852,42.25839,2.36429
3.0,33.0,19.0,77.0,948.4,-1.0,-1.0,-1.0,-1.0,CJ,2012-10-20 09:30:00,566.5,42.21624,1.33132
1.5,355.0,20.4,83.0,972.2,-1.0,-1.0,-1.0,-1.0,CL,2012-10-20 09:30:00,349,41.67399,1.76796
7.4,126.0,22.8,55.0,934.0,-1.0,-1.0,-1.0,-1.0,CP,2012-10-20 09:30:00,690,42.13924,1.03893
2.8,217.0,19.8,71.0,944.5,-1.0,-1.0,-1.0,-1.0,CQ,2012-10-20 09:30:00,594,41.99546,1.02569
4.6,70.0,17.3,84.0,915.5,-1.0,-1.0,-1.0,-1.0,CR,2012-10-20 09:30:00,873,42.08032,1.9624
1.7,339.0,17.5,83.0,918.8,-1.0,-1.0,-1.0,-1.0,CT,2012-10-20 09:30:00,823,42.39811,0.74362
0.5,8.0,10.9,94.0,899.0,-1.0,-1.0,-1.0,-1.0,CU,2012-10-20 09:30:00,1002,42.69856,0.79397
0.7,151.0,18.6,82.0,952.8,-1.0,-1.0,-1.0,-1.0,CV,2012-10-20 09:30:00,513.3,42.23939,0.96434
4.7,115.0,20.3,74.0,959.6,-1.0,-1.0,-1.0,-1.0,CW,2012-10-20 09:30:00,446,41.39241,1.09894
2.3,58.0,17.2,93.0,921.3,-1.0,-1.0,-1.0,-1.0,CY,2012-10-20 09:30:00,816,41.87813,2.17873
8.0,77.0,22.4,70.0,979.7,-1.0,-1.0,-1.0,-1.0,C6,2012-10-20 09:30:00,264,41.6566,0.95172
9.0,90.0,21.6,71.0,961.9,-1.0,-1.0,-1.0,-1.0,C7,2012-10-20 09:30:00,427,41.66695,1.16234
7.4,101.0,20.3,72.0,947.8,-1.0,-1.0,-1.0,-1.0,C8,2012-10-20 09:30:00,554,41.67555,1.29609
4.0,63.0,20.0,100.0,982.1,-1.0,-1.0,-1.0,-1.0,C9,2012-10-20 09:30:00,240,40.71825,0.39988
5.7,109.0,20.5,100.0,989.0,-1.0,-1.0,-1.0,-1.0,DB,2012-10-20 09:30:00,179,40.87287,0.71581
1.4,54.0,17.9,95.0,964.9,-1.0,-1.0,-1.0,-1.0,DC,2012-10-20 09:30:00,421.5,42.19144,2.48263
5.8,60.0,22.9,87.0,1007.4,-1.0,-1.0,-1.0,-1.0,DD,2012-10-20 09:30:00,44.5,41.51175,2.38674
1.8,104.0,21.3,93.0,1010.6,-1.0,-1.0,-1.0,-1.0,DF,2012-10-20 09:30:00,28.6,41.97751,3.03543
2.0,263.0,9.0,97.0,803.5,-1.0,-1.0,-1.0,-1.0,DG,2012-10-20 09:30:00,1971.4,42.39848,2.15517
5.8,71.0,20.5,88.0,964.6,-1.0,-1.0,-1.0,-1.0,DI,2012-10-20 09:30:00,415,41.43292,1.62386
2.9,93.0,19.9,99.0,993.3,-1.0,-1.0,-1.0,-1.0,DJ,2012-10-20 09:30:00,176,42.11653,2.78969
10.4,46.0,23.2,86.0,1010.5,-1.0,-1.0,-1.0,-1.0,DK,2012-10-20 09:30:00,2,41.14677,1.41846
5.2,77.0,22.7,93.0,1009.4,-1.0,-1.0,-1.0,-1.0,DL,2012-10-20 09:30:00,0.5,40.70719,0.83449
1.1,94.0,20.6,95.0,995.9,-1.0,-1.0,-1.0,-1.0,DN,2012-10-20 09:30:00,150,41.96095,2.63108
2.5,74.0,20.4,92.0,1012.1,-1.0,-1.0,-1.0,-1.0,DO,2012-10-20 09:30:00,14,41.80857,3.03241
3.5,120.0,18.9,61.0,891.1,-1.0,-1.0,-1.0,-1.0,DP,2012-10-20 09:30:00,1097,42.38605,1.8664
4.7,93.0,21.4,72.0,978.1,-1.0,-1.0,-1.0,-1.0,DQ,2012-10-20 09:30:00,287,41.30728,1.36259
-1.0,-1.0,20.9,70.0,963.4,-1.0,-1.0,-1.0,-1.0,D1,2012-10-20 09:30:00,404,41.28521,0.75383
-1.0,-1.0,20.7,85.0,972.6,-1.0,-1.0,-1.0,-1.0,D2,2012-10-20 09:30:00,343,41.59252,1.915
3.4,111.0,20.2,96.0,982.7,-1.0,-1.0,-1.0,-1.0,D3,2012-10-20 09:30:00,252,41.38197,1.93564
4.1,99.0,21.1,89.0,1010.9,-1.0,-1.0,-1.0,-1.0,D4,2012-10-20 09:30:00,24,42.27065,3.18165
6.3,74.0,19.2,94.0,965.2,-1.0,-1.0,-1.0,-1.0,D5,2012-10-20 09:30:00,411.2,41.41843,2.12388
6.0,148.0,18.4,99.0,991.5,-1.0,-1.0,-1.0,-1.0,D6,2012-10-20 09:30:00,196,42.43515,3.16622
1.8,174.0,21.0,84.0,1003.5,-1.0,-1.0,-1.0,-1.0,D7,2012-10-20 09:30:00,53,41.18499,0.59376
6.2,92.0,18.5,83.0,950.4,-1.0,-1.0,-1.0,-1.0,D8,2012-10-20 09:30:00,515,40.95134,0.30565
4.7,96.0,24.0,78.0,1004.3,-1.0,-1.0,-1.0,-1.0,D9,2012-10-20 09:30:00,59,41.21553,1.52121
4.5,88.0,21.3,80.0,973.7,-1.0,-1.0,-1.0,-1.0,H1,2012-10-20 09:30:00,333,41.58642,1.65306
0.5,194.0,20.5,86.0,987.8,-1.0,-1.0,-1.0,-1.0,R1,2012-10-20 09:30:00,210,41.70637,1.87276
4.6,84.0,22.1,80.0,997.3,-1.0,-1.0,-1.0,-1.0,VQ,2012-10-20 09:30:00,112,41.1713,1.16774
10.3,196.0,6.5,99.0,775.1,-1.0,-1.0,-1.0,-1.0,VS,2012-10-20 09:30:00,2247,42.63835,0.77889
-1.0,-1.0,21.9,89.0,1007.7,-1.0,-1.0,6.6,57.0,WU,2012-10-20 09:30:00,42,41.45215,2.24757
3.2,97.0,23.7,79.0,1009.2,-1.0,-1.0,-1.0,-1.0,WZ,2012-10-20 09:30:00,17,41.20187,1.63346
6.3,97.0,16.5,93.0,923.7,-1.0,-1.0,-1.0,-1.0,XA,2012-10-20 09:30:00,785,41.60257,1.4007
5.5,102.0,22.6,83.0,995.4,-1.0,-1.0,-1.0,-1.0,XC,2012-10-20 09:30:00,147,41.47892,1.97546
4.8,118.0,18.8,72.0,932.9,-1.0,-1.0,-1.0,-1.0,XD,2012-10-20 09:30:00,687,41.32,0.8857
5.5,78.0,23.4,81.0,1009.8,-1.0,-1.0,-1.0,-1.0,XE,2012-10-20 09:30:00,5,41.10393,1.201
5.4,82.0,21.3,88.0,982.4,-1.0,-1.0,-1.0,-1.0,XF,2012-10-20 09:30:00,258,41.56568,2.06952
5.1,83.0,22.9,75.0,998.6,-1.0,-1.0,-1.0,-1.0,XG,2012-10-20 09:30:00,123,41.56734,2.22619
-1.0,-1.0,20.0,77.0,935.6,-1.0,-1.0,-1.0,-1.0,XH,2012-10-20 09:30:00,679,42.40533,1.12993
1.7,111.0,22.3,80.0,1005.1,-1.0,-1.0,-1.0,-1.0,XJ,2012-10-20 09:30:00,72,41.98223,2.80686
10.3,119.0,11.6,100.0,-1.0,-1.0,-1.0,-1.0,-1.0,XK,2012-10-20 09:30:00,1668,41.77362,2.43774
5.1,79.0,22.5,89.0,-1.0,-1.0,-1.0,-1.0,-1.0,XL,2012-10-20 09:30:00,8,41.34045,2.08022
-1.0,-1.0,19.3,87.0,-1.0,-1.0,-1.0,-1.0,-1.0,XO,2012-10-20 09:30:00,499,41.93497,2.23987
-1.0,-1.0,18.6,95.0,-1.0,2.7,103.0,-1.0,-1.0,XP,2012-10-20 09:30:00,349,41.06581,0.43006
5.8,94.0,18.8,75.0,934.4,-1.0,-1.0,-1.0,-1.0,XT,2012-10-20 09:30:00,691,41.98766,1.51165
4.7,85.0,21.6,86.0,1002.7,-1.0,-1.0,-1.0,-1.0,X8,2012-10-20 09:30:00,79,41.37919,2.1054
8.2,158.0,6.0,97.0,-1.0,-1.0,-1.0,-1.0,-1.0,ZB,2012-10-20 09:30:00,2451,42.51939,1.36597
6.7,73.0,6.7,99.0,-1.0,-1.0,-1.0,-1.0,-1.0,ZC,2012-10-20 09:30:00,2410,42.42117,2.24565
-1.0,-1.0,6.3,98.0,-1.0,-1.0,-1.0,7.9,109.0,Z1,2012-10-20 09:30:00,2266,42.64691,0.98486
-1.0,-1.0,5.0,98.0,-1.0,-1.0,-1.0,3.4,351.0,Z2,2012-10-20 09:30:00,2535,42.46602,0.88405
-1.0,-1.0,7.5,97.0,-1.0,-1.0,-1.0,3.4,109.0,Z3,2012-10-20 09:30:00,2230,42.46605,1.7785
-1.0,-1.0,6.0,100.0,-1.0,-1.0,-1.0,2.5,135.0,Z5,2012-10-20 09:30:00,2400,42.70029,1.27201
-1.0,-1.0,8.1,88.0,-1.0,-1.0,-1.0,1.3,35.0,Z6,2012-10-20 09:30:00,2228,42.77011,0.73198
3.4,257.0,5.1,98.0,-1.0,-1.0,-1.0,-1.0,-1.0,Z7,2012-10-20 09:30:00,2519,42.53412,1.05476
-1.0,-1.0,6.7,100.0,-1.0,-1.0,-1.0,13.3,117.0,Z8,2012-10-20 09:30:00,2316,42.18254,1.52407
9.4,112.0,7.6,97.0,-1.0,-1.0,-1.0,-1.0,-1.0,Z9,2012-10-20 09:30:00,2143,42.29265,1.71498
0.7,58.0,19.1,77.0,941.5,-1.0,-1.0,-1.0,-1.0,CC,2012-10-20 10:00:00,626,42.07398,2.20862
1.3,309.0,15.0,92.0,916.8,-1.0,-1.0,-1.0,-1.0,CD,2012-10-20 10:00:00,849,42.37083,1.43277
3.5,98.0,20.7,88.0,975.6,-1.0,-1.0,-1.0,-1.0,CE,2012-10-20 10:00:00,316,41.53109,1.80813
2.5,217.0,12.2,100.0,859.9,-1.0,-1.0,-1.0,-1.0,CG,2012-10-20 10:00:00,1405,42.37717,2.41456
1.7,56.0,15.1,93.0,917.7,-1.0,-1.0,-1.0,-1.0,CI,2012-10-20 10:00:00,852,42.25839,2.36429
1.6,20.0,19.4,77.0,948.4,-1.0,-1.0,-1.0,-1.0,CJ,2012-10-20 10:00:00,566.5,42.21624,1.33132
2.0,52.0,21.9,78.0,971.9,-1.0,-1.0,-1.0,-1.0,CL,2012-10-20 10:00:00,349,41.67399,1.76796
8.2,121.0,22.4,58.0,933.7,-1.0,-1.0,-1.0,-1.0,CP,2012-10-20 10:00:00,690,42.13924,1.03893
1.9,282.0,21.0,66.0,944.0,-1.0,-1.0,-1.0,-1.0,CQ,2012-10-20 10:00:00,594,41.99546,1.02569
2.6,75.0,16.7,89.0,915.7,-1.0,-1.0,-1.0,-1.0,CR,2012-10-20 10:00:00,873,42.08032,1.9624
0.7,192.0,17.9,83.0,918.5,-1.0,-1.0,-1.0,-1.0,CT,2012-10-20 10:00:00,823,42.39811,0.74362
0.5,347.0,11.1,94.0,898.8,-1.0,-1.0,-1.0,-1.0,CU,2012-10-20 10:00:00,1002,42.69856,0.79397
0.7,88.0,19.5,75.0,952.5,-1.0,-1.0,-1.0,-1.0,CV,2012-10-20 10:00:00,513.3,42.23939,0.96434
4.9,113.0,20.5,74.0,959.5,-1.0,-1.0,-1.0,-1.0,CW,2012-10-20 10:00:00,446,41.39241,1.09894
2.2,79.0,18.3,85.0,921.2,-1.0,-1.0,-1.0,-1.0,CY,2012-10-20 10:00:00,816,41.87813,2.17873
7.3,79.0,22.4,70.0,979.9,-1.0,-1.0,-1.0,-1.0,C6,2012-10-20 10:00:00,264,41.6566,0.95172
9.0,92.0,21.2,74.0,961.8,-1.0,-1.0,-1.0,-1.0,C7,2012-10-20 10:00:00,427,41.66695,1.16234
7.6,104.0,20.8,72.0,947.6,-1.0,-1.0,-1.0,-1.0,C8,2012-10-20 10:00:00,554,41.67555,1.29609
3.8,64.0,20.2,100.0,981.7,-1.0,-1.0,-1.0,-1.0,C9,2012-10-20 10:00:00,240,40.71825,0.39988
7.8,104.0,20.5,100.0,988.8,-1.0,-1.0,-1.0,-1.0,DB,2012-10-20 10:00:00,179,40.87287,0.71581
1.5,42.0,18.3,95.0,964.7,-1.0,-1.0,-1.0,-1.0,DC,2012-10-20 10:00:00,421.5,42.19144,2.48263
5.7,62.0,22.4,90.0,1007.6,-1.0,-1.0,-1.0,-1.0,DD,2012-10-20 10:00:00,44.5,41.51175,2.38674
2.3,115.0,22.0,90.0,1010.4,-1.0,-1.0,-1.0,-1.0,DF,2012-10-20 10:00:00,28.6,41.97751,3.03543
1.5,359.0,9.1,97.0,803.4,-1.0,-1.0,-1.0,-1.0,DG,2012-10-20 10:00:00,1971.4,42.39848,2.15517
6.8,83.0,21.2,84.0,964.7,-1.0,-1.0,-1.0,-1.0,DI,2012-10-20 10:00:00,415,41.43292,1.62386
2.2,99.0,20.0,99.0,993.2,-1.0,-1.0,-1.0,-1.0,DJ,2012-10-20 10:00:00,176,42.11653,2.78969
10.2,46.0,23.4,87.0,1010.4,-1.0,-1.0,-1.0,-1.0,DK,2012-10-20 10:00:00,2,41.14677,1.41846
5.3,81.0,22.9,93.0,1009.0,-1.0,-1.0,-1.0,-1.0,DL,2012-10-20 10:00:00,0.5,40.70719,0.83449
3.1,113.0,21.4,90.0,995.7,-1.0,-1.0,-1.0,-1.0,DN,2012-10-20 10:00:00,150,41.96095,2.63108
2.7,74.0,20.4,91.0,1011.9,-1.0,-1.0,-1.0,-1.0,DO,2012-10-20 10:00:00,14,41.80857,3.03241
5.0,131.0,17.5,68.0,891.0,-1.0,-1.0,-1.0,-1.0,DP,2012-10-20 10:00:00,1097,42.38605,1.8664
4.7,90.0,21.3,73.0,978.1,-1.0,-1.0,-1.0,-1.0,DQ,2012-10-20 10:00:00,287,41.30728,1.36259
-1.0,-1.0,21.5,69.0,963.4,-1.0,-1.0,-1.0,-1.0,D1,2012-10-20 10:00:00,404,41.28521,0.75383
-1.0,-1.0,21.3,82.0,972.5,-1.0,-1.0,-1.0,-1.0,D2,2012-10-20 10:00:00,343,41.59252,1.915
3.3,114.0,20.2,95.0,982.7,-1.0,-1.0,-1.0,-1.0,D3,2012-10-20 10:00:00,252,41.38197,1.93564
4.8,99.0,21.1,89.0,1010.9,-1.0,-1.0,-1.0,-1.0,D4,2012-10-20 10:00:00,24,42.27065,3.18165
6.1,79.0,19.2,94.0,965.3,-1.0,-1.0,-1.0,-1.0,D5,2012-10-20 10:00:00,411.2,41.41843,2.12388
6.9,166.0,18.3,99.0,991.3,-1.0,-1.0,-1.0,-1.0,D6,2012-10-20 10:00:00,196,42.43515,3.16622
3.9,108.0,23.3,69.0,1003.2,-1.0,-1.0,-1.0,-1.0,D7,2012-10-20 10:00:00,53,41.18499,0.59376
7.1,103.0,19.2,78.0,950.0,-1.0,-1.0,-1.0,-1.0,D8,2012-10-20 10:00:00,515,40.95134,0.30565
5.1,98.0,24.0,77.0,1004.2,-1.0,-1.0,-1.0,-1.0,D9,2012-10-20 10:00:00,59,41.21553,1.52121
5.1,105.0,21.4,81.0,973.5,-1.0,-1.0,-1.0,-1.0,H1,2012-10-20 10:00:00,333,41.58642,1.65306
1.2,35.0,23.0,74.0,987.4,-1.0,-1.0,-1.0,-1.0,R1,2012-10-20 10:00:00,210,41.70637,1.87276
-1.0,-1.0,21.9,92.0,-1.0,4.4,80.0,-1.0,-1.0,UA,2012-10-20 10:00:00,93,40.9091,0.76943
-1.0,-1.0,20.3,86.0,-1.0,3.3,118.0,-1.0,-1.0,UB,2012-10-20 10:00:00,15,42.05398,3.06195
-1.0,-1.0,20.7,88.0,-1.0,2.0,153.0,-1.0,-1.0,UC,2012-10-20 10:00:00,60,41.97726,2.99705
-1.0,-1.0,21.2,91.0,-1.0,-1.0,-1.0,-1.0,-1.0,UD,2012-10-20 10:00:00,12,42.02895,3.06227
-1.0,-1.0,21.3,90.0,-1.0,-1.0,-1.0,-1.0,-1.0,UE,2012-10-20 10:00:00,4,42.02306,3.15719
-1.0,-1.0,17.5,100.0,-1.0,2.5,75.0,-1.0,-1.0,UF,2012-10-20 10:00:00,573,41.28832,1.90775
-1.0,-1.0,23.4,86.0,-1.0,2.5,61.0,-1.0,-1.0,UG,2012-10-20 10:00:00,3,41.29928,2.03787
-1.0,-1.0,20.1,84.0,-1.0,1.4,77.0,2.4,85.0,UH,2012-10-20 10:00:00,545,41.34171,1.48769
-1.0,-1.0,12.3,99.0,-1.0,0.2,129.0,-1.0,-1.0,UI,2012-10-20 10:00:00,1386,42.26477,1.76218
-1.0,-1.0,18.3,81.0,-1.0,4.8,95.0,7.3,102.0,UJ,2012-10-20 10:00:00,709,41.52879,1.3683
-1.0,-1.0,24.7,68.0,-1.0,1.2,284.0,-1.0,-1.0,UK,2012-10-20 10:00:00,161,41.27861,1.80479
-1.0,-1.0,22.8,64.0,-1.0,3.6,101.0,-1.0,-1.0,UL,2012-10-20 10:00:00,228,41.52911,0.75303
-1.0,-1.0,22.0,62.0,-1.0,5.0,124.0,-1.0,-1.0,UM,2012-10-20 10:00:00,505,41.35991,0.66789
-1.0,-1.0,21.2,93.0,-1.0,1.6,98.0,-1.0,-1.0,UN,2012-10-20 10:00:00,171,41.87449,2.92694
-1.0,-1.0,23.0,83.0,-1.0,-1.0,-1.0,-1.0,-1.0,UO,2012-10-20 10:00:00,97,41.91461,2.82069
2.9,107.0,22.1,88.0,1003.1,-1.0,-1.0,-1.0,-1.0,UP,2012-10-20 10:00:00,81,41.51773,2.37702
-1.0,-1.0,19.3,88.0,-1.0,1.9,83.0,-1.0,-1.0,UQ,2012-10-20 10:00:00,460,41.61991,2.44532
-1.0,-1.0,21.8,96.0,-1.0,3.0,47.0,-1.0,-1.0,US,2012-10-20 10:00:00,24,40.55786,0.52329
6.6,79.0,22.2,92.0,1008.6,-1.0,-1.0,-1.0,-1.0,UU,2012-10-20 10:00:00,3,40.70776,0.6321
-1.0,-1.0,21.7,91.0,1009.0,4.2,83.0,-1.0,-1.0,UW,2012-10-20 10:00:00,0,40.62725,0.65922
-1.0,-1.0,20.8,98.0,-1.0,0.9,45.0,-1.0,-1.0,UX,2012-10-20 10:00:00,210,40.62652,0.37112
-1.0,-1.0,20.5,69.0,-1.0,3.0,94.0,6.0,97.0,UY,2012-10-20 10:00:00,576,41.87912,0.76103
-1.0,-1.0,21.1,90.0,-1.0,2.0,104.0,-1.0,-1.0,U1,2012-10-20 10:00:00,31,42.30648,2.95481
2.0,92.0,20.3,96.0,1013.6,-1.0,-1.0,-1.0,-1.0,U2,2012-10-20 10:00:00,4,42.17716,3.0968
-1.0,-1.0,22.0,74.0,-1.0,2.4,74.0,-1.0,-1.0,U3,2012-10-20 10:00:00,257,41.37491,1.63032
3.2,101.0,21.2,70.0,-1.0,2.0,105.0,-1.0,-1.0,U4,2012-10-20 10:00:00,507,41.83094,1.84699
-1.0,-1.0,15.5,90.0,-1.0,1.8,71.0,-1.0,-1.0,U5,2012-10-20 10:00:00,969,41.31349,0.99611
-1.0,-1.0,22.5,87.0,-1.0,5.7,79.0,-1.0,-1.0,U6,2012-10-20 10:00:00,29,41.08017,1.06661
-1.0,-1.0,23.1,77.0,-1.0,1.2,123.0,-1.0,-1.0,U7,2012-10-20 10:00:00,52,40.85936,0.50525
-1.0,-1.0,21.9,89.0,-1.0,2.2,64.0,-1.0,-1.0,U9,2012-10-20 10:00:00,62,40.76947,0.61635
-1.0,-1.0,21.3,80.0,-1.0,2.1,133.0,-1.0,-1.0,VA,2012-10-20 10:00:00,257,41.19645,0.51161
3.0,82.0,23.6,72.0,-1.0,-1.0,-1.0,-1.0,-1.0,VB,2012-10-20 10:00:00,32,41.06289,0.63517
-1.0,-1.0,19.3,86.0,-1.0,1.2,332.0,-1.0,-1.0,VC,2012-10-20 10:00:00,69,41.24415,0.43266
-1.0,-1.0,21.3,66.0,-1.0,2.1,89.0,-1.0,-1.0,VD,2012-10-20 10:00:00,429,41.68939,1.20381
-1.0,-1.0,23.4,75.0,-1.0,1.1,77.0,-1.0,-1.0,VE,2012-10-20 10:00:00,97,41.48692,0.46058
-1.0,-1.0,24.3,61.0,-1.0,2.3,64.0,-1.0,-1.0,VF,2012-10-20 10:00:00,122,41.56482,0.54999
-1.0,-1.0,22.7,69.0,-1.0,0.8,97.0,-1.0,-1.0,VH,2012-10-20 10:00:00,259,41.65814,0.39301
-1.0,-1.0,23.7,59.0,-1.0,2.8,92.0,-1.0,-1.0,VJ,2012-10-20 10:00:00,161,41.59957,0.6478
6.9,96.0,22.3,69.0,976.7,-1.0,-1.0,-1.0,-1.0,VK,2012-10-20 10:00:00,286,41.68328,0.4487
-1.0,-1.0,22.7,65.0,-1.0,3.2,89.0,-1.0,-1.0,VM,2012-10-20 10:00:00,222,41.7145,0.62839
-1.0,-1.0,23.5,82.0,-1.0,-1.0,-1.0,-1.0,-1.0,VN,2012-10-20 10:00:00,117,41.88244,2.74262
-1.0,-1.0,19.0,69.0,-1.0,1.9,85.0,-1.0,-1.0,VO,2012-10-20 10:00:00,785,42.08745,1.42792
-1.0,-1.0,19.2,79.0,-1.0,3.0,85.0,5.0,90.0,VP,2012-10-20 10:00:00,659,41.80483,1.53853
6.0,90.0,22.3,79.0,997.1,-1.0,-1.0,-1.0,-1.0,VQ,2012-10-20 10:00:00,112,41.1713,1.16774
-1.0,-1.0,22.5,68.0,-1.0,0.5,48.0,-1.0,-1.0,VR,2012-10-20 10:00:00,291,41.68994,1.04401
8.7,188.0,6.7,99.0,775.2,-1.0,-1.0,-1.0,-1.0,VS,2012-10-20 10:00:00,2247,42.63835,0.77889
-1.0,-1.0,22.4,81.0,-1.0,2.2,101.0,-1.0,-1.0,VT,2012-10-20 10:00:00,84,41.48401,2.12745
-1.0,-1.0,20.2,74.0,-1.0,2.6,86.0,-1.0,-1.0,VU,2012-10-20 10:00:00,421,41.63286,1.91718
1.6,150.0,19.4,89.0,-1.0,-1.0,-1.0,-1.0,-1.0,VV,2012-10-20 10:00:00,528,41.68129,2.02647
-1.0,-1.0,15.6,94.0,-1.0,3.0,181.0,-1.0,-1.0,VX,2012-10-20 10:00:00,1030,41.74761,2.30291
-1.0,-1.0,22.3,74.0,-1.0,-1.0,-1.0,-1.0,-1.0,VY,2012-10-20 10:00:00,240,41.25095,1.29863
-1.0,-1.0,21.3,87.0,-1.0,-1.0,-1.0,-1.0,-1.0,VZ,2012-10-20 10:00:00,83,42.38443,3.00736
-1.0,-1.0,22.9,63.0,-1.0,3.0,118.0,-1.0,-1.0,V1,2012-10-20 10:00:00,238,41.78487,0.82939
-1.0,-1.0,19.9,85.0,-1.0,1.4,82.0,-1.0,-1.0,V3,2012-10-20 10:00:00,509,41.95224,2.23271
-1.0,-1.0,18.5,81.0,936.3,-1.0,-1.0,0.4,249.0,V4,2012-10-20 10:00:00,684,42.11477,2.21483
-1.0,-1.0,17.5,86.0,-1.0,2.4,83.0,2.7,80.0,V5,2012-10-20 10:00:00,774,42.03947,2.11993
-1.0,-1.0,22.7,64.0,-1.0,2.7,84.0,-1.0,-1.0,V8,2012-10-20 10:00:00,223,41.67279,0.87741
-1.0,-1.0,21.3,65.0,-1.0,4.6,93.0,-1.0,-1.0,WA,2012-10-20 10:00:00,443,41.87694,1.1541
-1.0,-1.0,21.8,70.0,-1.0,5.8,98.0,-1.0,-1.0,WB,2012-10-20 10:00:00,267,41.76036,0.67022
-1.0,-1.0,22.1,66.0,-1.0,3.9,94.0,-1.0,-1.0,WC,2012-10-20 10:00:00,261,41.63642,0.92446
-1.0,-1.0,15.8,100.0,-1.0,1.0,318.0,-1.0,-1.0,WD,2012-10-20 10:00:00,382,41.08671,0.31884
-1.0,-1.0,21.7,82.0,-1.0,1.9,90.0,-1.0,-1.0,WE,2012-10-20 10:00:00,126,41.5444,2.30014
-1.0,-1.0,22.1,83.0,-1.0,-1.0,-1.0,-1.0,-1.0,WF,2012-10-20 10:00:00,108,41.95425,2.77578
-1.0,-1.0,22.0,64.0,-1.0,4.3,88.0,-1.0,-1.0,WG,2012-10-20 10:00:00,301,41.80104,0.64804
-1.0,-1.0,21.9,69.0,-1.0,4.4,131.0,-1.0,-1.0,WI,2012-10-20 10:00:00,350,41.35741,0.4809
-1.0,-1.0,23.0,71.0,-1.0,5.0,108.0,-1.0,-1.0,WJ,2012-10-20 10:00:00,141,41.1223,0.72182
-1.0,-1.0,22.4,63.0,-1.0,2.5,66.0,-1.0,-1.0,WK,2012-10-20 10:00:00,268,41.81949,0.57768
-1.0,-1.0,22.4,64.0,-1.0,6.9,102.0,-1.0,-1.0,WL,2012-10-20 10:00:00,413,41.57236,1.0882
3.7,135.0,15.0,86.0,-1.0,-1.0,-1.0,-1.0,-1.0,WM,2012-10-20 10:00:00,1167,42.10736,1.8267
-1.0,-1.0,16.0,99.0,-1.0,-1.0,-1.0,4.8,118.0,WN,2012-10-20 10:00:00,916,41.59539,1.83751
-1.0,-1.0,22.5,73.0,-1.0,-1.0,-1.0,-1.0,-1.0,WO,2012-10-20 10:00:00,185,41.27151,1.46717
-1.0,-1.0,20.9,89.0,-1.0,2.3,107.0,-1.0,-1.0,WP,2012-10-20 10:00:00,325,41.48518,1.69337
12.0,122.0,12.7,89.0,840.4,-1.0,-1.0,-1.0,-1.0,WQ,2012-10-20 10:00:00,1572,42.0513,0.72952
-1.0,-1.0,22.3,75.0,-1.0,1.9,130.0,-1.0,-1.0,WR,2012-10-20 10:00:00,300,41.2163,0.79748
2.9,110.0,15.6,96.0,906.2,-1.0,-1.0,-1.0,-1.0,WS,2012-10-20 10:00:00,953,41.84008,2.41877
3.2,83.0,22.9,91.0,1013.3,-1.0,-1.0,-1.0,-1.0,WT,2012-10-20 10:00:00,2,41.64707,2.75658
-1.0,-1.0,21.8,89.0,1007.8,-1.0,-1.0,7.2,56.0,WU,2012-10-20 10:00:00,42,41.45215,2.24757
1.6,11.0,17.0,87.0,925.4,-1.0,-1.0,-1.0,-1.0,WV,2012-10-20 10:00:00,788,42.23414,1.87485
-1.0,-1.0,23.0,66.0,-1.0,-1.0,-1.0,-1.0,-1.0,WW,2012-10-20 10:00:00,278,41.79423,1.9368
-1.0,-1.0,19.8,69.0,-1.0,4.8,90.0,-1.0,-1.0,WX,2012-10-20 10:00:00,668,41.9178,0.88175
-1.0,-1.0,22.7,79.0,-1.0,1.4,76.0,-1.0,-1.0,WY,2012-10-20 10:00:00,164,41.43386,1.79429
3.9,87.0,23.6,80.0,1009.0,-1.0,-1.0,-1.0,-1.0,WZ,2012-10-20 10:00:00,17,41.20187,1.63346
-1.0,-1.0,20.8,87.0,-1.0,-1.0,-1.0,-1.0,-1.0,W1,2012-10-20 10:00:00,2,42.24726,3.09021
-1.0,-1.0,20.5,94.0,-1.0,-1.0,-1.0,-1.0,-1.0,W2,2012-10-20 10:00:00,7,42.18259,3.05783
-1.0,-1.0,20.8,87.0,-1.0,-1.0,-1.0,-1.0,-1.0,W3,2012-10-20 10:00:00,4,42.15006,3.06494
-1.0,-1.0,22.7,71.0,-1.0,5.1,91.0,-1.0,-1.0,W4,2012-10-20 10:00:00,240,41.36619,1.72857
-1.0,-1.0,22.0,66.0,-1.0,2.0,96.0,-1.0,-1.0,W5,2012-10-20 10:00:00,490,42.07683,1.31489
-1.0,-1.0,21.8,80.0,-1.0,1.9,100.0,-1.0,-1.0,W6,2012-10-20 10:00:00,158,41.13738,1.0187
-1.0,-1.0,21.2,74.0,-1.0,-1.0,-1.0,-1.0,-1.0,W8,2012-10-20 10:00:00,438,41.44237,1.15998
-1.0,-1.0,17.4,98.0,-1.0,0.5,339.0,-1.0,-1.0,W9,2012-10-20 10:00:00,461,42.14557,2.45451
6.7,106.0,16.8,94.0,923.5,-1.0,-1.0,-1.0,-1.0,XA,2012-10-20 10:00:00,785,41.60257,1.4007
-1.0,-1.0,18.5,90.0,-1.0,-1.0,-1.0,-1.0,-1.0,XB,2012-10-20 10:00:00,584,41.4779,1.53529
4.5,117.0,22.6,82.0,995.4,-1.0,-1.0,-1.0,-1.0,XC,2012-10-20 10:00:00,147,41.47892,1.97546
5.4,108.0,19.3,70.0,932.7,-1.0,-1.0,-1.0,-1.0,XD,2012-10-20 10:00:00,687,41.32,0.8857
5.4,75.0,23.4,82.0,1009.7,-1.0,-1.0,-1.0,-1.0,XE,2012-10-20 10:00:00,5,41.10393,1.201
6.3,88.0,21.3,86.0,982.4,-1.0,-1.0,-1.0,-1.0,XF,2012-10-20 10:00:00,258,41.56568,2.06952
5.2,94.0,22.9,74.0,998.7,-1.0,-1.0,-1.0,-1.0,XG,2012-10-20 10:00:00,123,41.56734,2.22619
-1.0,-1.0,20.8,70.0,935.6,-1.0,-1.0,-1.0,-1.0,XH,2012-10-20 10:00:00,679,42.40533,1.12993
-1.0,-1.0,23.0,61.0,981.8,4.7,103.0,-1.0,-1.0,XI,2012-10-20 10:00:00,247,41.61817,0.87182
2.0,110.0,22.8,77.0,1004.9,-1.0,-1.0,-1.0,-1.0,XJ,2012-10-20 10:00:00,72,41.98223,2.80686
9.8,118.0,11.7,100.0,-1.0,-1.0,-1.0,-1.0,-1.0,XK,2012-10-20 10:00:00,1668,41.77362,2.43774
5.5,75.0,22.5,89.0,-1.0,-1.0,-1.0,-1.0,-1.0,XL,2012-10-20 10:00:00,8,41.34045,2.08022
-1.0,-1.0,22.8,64.0,-1.0,4.3,110.0,-1.0,-1.0,XM,2012-10-20 10:00:00,235,41.59522,0.73507
-1.0,-1.0,22.0,82.0,-1.0,0.5,196.0,-1.0,-1.0,XN,2012-10-20 10:00:00,89,41.46379,0.42765
-1.0,-1.0,20.6,83.0,-1.0,-1.0,-1.0,-1.0,-1.0,XO,2012-10-20 10:00:00,499,41.93497,2.23987
-1.0,-1.0,19.0,93.0,-1.0,2.6,108.0,-1.0,-1.0,XP,2012-10-20 10:00:00,349,41.06581,0.43006
5.1,86.0,18.7,77.0,934.1,-1.0,-1.0,-1.0,-1.0,XT,2012-10-20 10:00:00,691,41.98766,1.51165
7.3,97.0,20.7,84.0,969.1,-1.0,-1.0,-1.0,-1.0,X1,2012-10-20 10:00:00,359,41.15374,0.81953
-1.0,-1.0,22.3,90.0,-1.0,-1.0,-1.0,-1.0,-1.0,X2,2012-10-20 10:00:00,7,41.38943,2.18847
11.9,95.0,20.9,73.0,967.0,-1.0,-1.0,-1.0,-1.0,X3,2012-10-20 10:00:00,370,41.74281,0.5358
4.6,74.0,22.3,89.0,1008.0,-1.0,-1.0,-1.0,-1.0,X4,2012-10-20 10:00:00,33,41.3839,2.16775
8.3,46.0,13.9,95.0,891.6,-1.0,-1.0,-1.0,-1.0,X5,2012-10-20 10:00:00,1055,40.79705,0.31822
-1.0,-1.0,22.5,64.0,-1.0,3.8,95.0,-1.0,-1.0,X6,2012-10-20 10:00:00,366,41.92173,1.02901
-1.0,-1.0,24.0,60.0,-1.0,4.9,97.0,-1.0,-1.0,X7,2012-10-20 10:00:00,215,41.51909,0.55314
5.3,81.0,21.4,87.0,1002.7,-1.0,-1.0,-1.0,-1.0,X8,2012-10-20 10:00:00,79,41.37919,2.1054
3.1,103.0,22.8,75.0,992.6,-1.0,-1.0,-1.0,-1.0,X9,2012-10-20 10:00:00,176,41.61265,2.16836
6.2,173.0,6.2,97.0,-1.0,-1.0,-1.0,-1.0,-1.0,ZB,2012-10-20 10:00:00,2451,42.51939,1.36597
8.8,70.0,6.8,99.0,-1.0,-1.0,-1.0,-1.0,-1.0,ZC,2012-10-20 10:00:00,2410,42.42117,2.24565
-1.0,-1.0,6.6,98.0,-1.0,-1.0,-1.0,5.9,118.0,Z1,2012-10-20 10:00:00,2266,42.64691,0.98486
-1.0,-1.0,5.0,98.0,-1.0,-1.0,-1.0,2.4,316.0,Z2,2012-10-20 10:00:00,2535,42.46602,0.88405
-1.0,-1.0,7.6,97.0,-1.0,-1.0,-1.0,3.0,112.0,Z3,2012-10-20 10:00:00,2230,42.46605,1.7785
-1.0,-1.0,6.3,100.0,-1.0,-1.0,-1.0,3.4,137.0,Z5,2012-10-20 10:00:00,2400,42.70029,1.27201
-1.0,-1.0,8.2,87.0,-1.0,-1.0,-1.0,1.6,26.0,Z6,2012-10-20 10:00:00,2228,42.77011,0.73198
3.4,255.0,5.3,98.0,-1.0,-1.0,-1.0,-1.0,-1.0,Z7,2012-10-20 10:00:00,2519,42.53412,1.05476
-1.0,-1.0,7.1,100.0,-1.0,-1.0,-1.0,13.1,120.0,Z8,2012-10-20 10:00:00,2316,42.18254,1.52407
7.9,111.0,8.1,97.0,-1.0,-1.0,-1.0,-1.0,-1.0,Z9,2012-10-20 10:00:00,2143,42.29265,1.71498
1.0,202.0,19.0,79.0,941.4,-1.0,-1.0,-1.0,-1.0,CC,2012-10-20 10:30:00,626,42.07398,2.20862
1.3,9.0,15.8,88.0,916.5,-1.0,-1.0,-1.0,-1.0,CD,2012-10-20 10:30:00,849,42.37083,1.43277
3.8,98.0,20.8,86.0,975.4,-1.0,-1.0,-1.0,-1.0,CE,2012-10-20 10:30:00,316,41.53109,1.80813
2.8,199.0,12.5,100.0,859.6,-1.0,-1.0,-1.0,-1.0,CG,2012-10-20 10:30:00,1405,42.37717,2.41456
1.5,31.0,15.0,94.0,917.5,-1.0,-1.0,-1.0,-1.0,CI,2012-10-20 10:30:00,852,42.25839,2.36429
2.9,12.0,19.1,77.0,947.9,-1.0,-1.0,-1.0,-1.0,CJ,2012-10-20 10:30:00,566.5,42.21624,1.33132
2.7,110.0,22.4,75.0,971.8,-1.0,-1.0,-1.0,-1.0,CL,2012-10-20 10:30:00,349,41.67399,1.76796
8.6,118.0,23.2,55.0,933.6,-1.0,-1.0,-1.0,-1.0,CP,2012-10-20 10:30:00,690,42.13924,1.03893
2.6,245.0,20.6,69.0,944.0,-1.0,-1.0,-1.0,-1.0,CQ,2012-10-20 10:30:00,594,41.99546,1.02569
3.7,69.0,17.8,84.0,915.4,-1.0,-1.0,-1.0,-1.0,CR,2012-10-20 10:30:00,873,42.08032,1.9624
1.6,169.0,18.8,77.0,918.1,-1.0,-1.0,-1.0,-1.0,CT,2012-10-20 10:30:00,823,42.39811,0.74362
0.7,332.0,11.5,94.0,898.5,-1.0,-1.0,-1.0,-1.0,CU,2012-10-20 10:30:00,1002,42.69856,0.79397
0.7,261.0,20.3,73.0,952.2,-1.0,-1.0,-1.0,-1.0,CV,2012-10-20 10:30:00,513.3,42.23939,0.96434
4.4,109.0,20.8,73.0,959.4,-1.0,-1.0,-1.0,-1.0,CW,2012-10-20 10:30:00,446,41.39241,1.09894
1.8,79.0,18.5,84.0,921.1,-1.0,-1.0,-1.0,-1.0,CY,2012-10-20 10:30:00,816,41.87813,2.17873
7.2,72.0,22.5,72.0,979.5,-1.0,-1.0,-1.0,-1.0,C6,2012-10-20 10:30:00,264,41.6566,0.95172
8.3,100.0,21.5,75.0,961.6,-1.0,-1.0,-1.0,-1.0,C7,2012-10-20 10:30:00,427,41.66695,1.16234
8.1,104.0,21.1,72.0,947.3,-1.0,-1.0,-1.0,-1.0,C8,2012-10-20 10:30:00,554,41.67555,1.29609
3.7,76.0,20.2,99.0,981.7,-1.0,-1.0,-1.0,-1.0,C9,2012-10-20 10:30:00,240,40.71825,0.39988
7.3,106.0,20.6,100.0,988.4,-1.0,-1.0,-1.0,-1.0,DB,2012-10-20 10:30:00,179,40.87287,0.71581
1.7,42.0,18.3,95.0,964.6,-1.0,-1.0,-1.0,-1.0,DC,2012-10-20 10:30:00,421.5,42.19144,2.48263
5.8,59.0,22.8,88.0,1007.4,-1.0,-1.0,-1.0,-1.0,DD,2012-10-20 10:30:00,44.5,41.51175,2.38674
2.7,124.0,22.2,89.0,1010.3,-1.0,-1.0,-1.0,-1.0,DF,2012-10-20 10:30:00,28.6,41.97751,3.03543
2.1,356.0,9.3,97.0,803.2,-1.0,-1.0,-1.0,-1.0,DG,2012-10-20 10:30:00,1971.4,42.39848,2.15517
7.0,81.0,21.2,82.0,964.4,-1.0,-1.0,-1.0,-1.0,DI,2012-10-20 10:30:00,415,41.43292,1.62386
2.4,120.0,20.0,99.0,993.1,-1.0,-1.0,-1.0,-1.0,DJ,2012-10-20 10:30:00,176,42.11653,2.78969
10.4,50.0,23.3,87.0,1010.4,-1.0,-1.0,-1.0,-1.0,DK,2012-10-20 10:30:00,2,41.14677,1.41846
5.9,82.0,22.8,93.0,1008.6,-1.0,-1.0,-1.0,-1.0,DL,2012-10-20 10:30:00,0.5,40.70719,0.83449
2.7,119.0,21.7,88.0,995.6,-1.0,-1.0,-1.0,-1.0,DN,2012-10-20 10:30:00,150,41.96095,2.63108
3.5,78.0,20.6,90.0,1011.9,-1.0,-1.0,-1.0,-1.0,DO,2012-10-20 10:30:00,14,41.80857,3.03241
4.1,90.0,15.8,79.0,891.0,-1.0,-1.0,-1.0,-1.0,DP,2012-10-20 10:30:00,1097,42.38605,1.8664
5.1,108.0,21.7,70.0,978.1,-1.0,-1.0,-1.0,-1.0,DQ,2012-10-20 10:30:00,287,41.30728,1.36259
-1.0,-1.0,21.7,68.0,963.0,-1.0,-1.0,-1.0,-1.0,D1,2012-10-20 10:30:00,404,41.28521,0.75383
-1.0,-1.0,21.3,81.0,972.4,-1.0,-1.0,-1.0,-1.0,D2,2012-10-20 10:30:00,343,41.59252,1.915
3.4,114.0,20.7,93.0,982.4,-1.0,-1.0,-1.0,-1.0,D3,2012-10-20 10:30:00,252,41.38197,1.93564
4.4,94.0,20.9,90.0,1010.8,-1.0,-1.0,-1.0,-1.0,D4,2012-10-20 10:30:00,24,42.27065,3.18165
6.7,73.0,19.4,94.0,964.9,-1.0,-1.0,-1.0,-1.0,D5,2012-10-20 10:30:00,411.2,41.41843,2.12388
6.4,160.0,18.3,99.0,991.2,-1.0,-1.0,-1.0,-1.0,D6,2012-10-20 10:30:00,196,42.43515,3.16622
3.6,113.0,23.6,67.0,1002.9,-1.0,-1.0,-1.0,-1.0,D7,2012-10-20 10:30:00,53,41.18499,0.59376
5.5,96.0,19.4,76.0,950.0,-1.0,-1.0,-1.0,-1.0,D8,2012-10-20 10:30:00,515,40.95134,0.30565
5.5,108.0,24.4,75.0,1004.2,-1.0,-1.0,-1.0,-1.0,D9,2012-10-20 10:30:00,59,41.21553,1.52121
5.3,98.0,21.6,79.0,973.4,-1.0,-1.0,-1.0,-1.0,H1,2012-10-20 10:30:00,333,41.58642,1.65306
1.9,134.0,24.0,65.0,987.4,-1.0,-1.0,-1.0,-1.0,R1,2012-10-20 10:30:00,210,41.70637,1.87276
7.0,92.0,22.6,79.0,997.0,-1.0,-1.0,-1.0,-1.0,VQ,2012-10-20 10:30:00,112,41.1713,1.16774
9.9,191.0,6.9,99.0,775.0,-1.0,-1.0,-1.0,-1.0,VS,2012-10-20 10:30:00,2247,42.63835,0.77889
-1.0,-1.0,21.9,89.0,1007.5,-1.0,-1.0,6.8,55.0,WU,2012-10-20 10:30:00,42,41.45215,2.24757
3.0,107.0,23.9,78.0,1009.2,-1.0,-1.0,-1.0,-1.0,WZ,2012-10-20 10:30:00,17,41.20187,1.63346
7.8,105.0,17.3,91.0,923.1,-1.0,-1.0,-1.0,-1.0,XA,2012-10-20 10:30:00,785,41.60257,1.4007
5.7,108.0,23.1,80.0,995.1,-1.0,-1.0,-1.0,-1.0,XC,2012-10-20 10:30:00,147,41.47892,1.97546
4.4,118.0,19.5,69.0,932.5,-1.0,-1.0,-1.0,-1.0,XD,2012-10-20 10:30:00,687,41.32,0.8857
6.2,81.0,23.7,82.0,1009.6,-1.0,-1.0,-1.0,-1.0,XE,2012-10-20 10:30:00,5,41.10393,1.201
6.1,89.0,21.5,86.0,982.3,-1.0,-1.0,-1.0,-1.0,XF,2012-10-20 10:30:00,258,41.56568,2.06952
4.5,89.0,23.0,74.0,998.6,-1.0,-1.0,-1.0,-1.0,XG,2012-10-20 10:30:00,123,41.56734,2.22619
-1.0,-1.0,21.3,60.0,935.2,-1.0,-1.0,-1.0,-1.0,XH,2012-10-20 10:30:00,679,42.40533,1.12993
3.3,123.0,23.0,75.0,1004.9,-1.0,-1.0,-1.0,-1.0,XJ,2012-10-20 10:30:00,72,41.98223,2.80686
10.3,120.0,11.7,100.0,-1.0,-1.0,-1.0,-1.0,-1.0,XK,2012-10-20 10:30:00,1668,41.77362,2.43774
6.0,72.0,23.0,87.0,-1.0,-1.0,-1.0,-1.0,-1.0,XL,2012-10-20 10:30:00,8,41.34045,2.08022
-1.0,-1.0,21.6,78.0,-1.0,-1.0,-1.0,-1.0,-1.0,XO,2012-10-20 10:30:00,499,41.93497,2.23987
-1.0,-1.0,19.1,94.0,-1.0,2.2,94.0,-1.0,-1.0,XP,2012-10-20 10:30:00,349,41.06581,0.43006
5.0,89.0,18.9,77.0,933.8,-1.0,-1.0,-1.0,-1.0,XT,2012-10-20 10:30:00,691,41.98766,1.51165
5.3,83.0,22.2,83.0,1002.3,-1.0,-1.0,-1.0,-1.0,X8,2012-10-20 10:30:00,79,41.37919,2.1054
7.7,168.0,6.2,97.0,-1.0,-1.0,-1.0,-1.0,-1.0,ZB,2012-10-20 10:30:00,2451,42.51939,1.36597
7.8,71.0,7.1,99.0,-1.0,-1.0,-1.0,-1.0,-1.0,ZC,2012-10-20 10:30:00,2410,42.42117,2.24565
-1.0,-1.0,6.9,96.0,-1.0,-1.0,-1.0,4.9,121.0,Z1,2012-10-20 10:30:00,2266,42.64691,0.98486
-1.0,-1.0,5.2,98.0,-1.0,-1.0,-1.0,3.2,271.0,Z2,2012-10-20 10:30:00,2535,42.46602,0.88405
-1.0,-1.0,7.8,97.0,-1.0,-1.0,-1.0,2.8,115.0,Z3,2012-10-20 10:30:00,2230,42.46605,1.7785
-1.0,-1.0,6.4,100.0,-1.0,-1.0,-1.0,3.3,143.0,Z5,2012-10-20 10:30:00,2400,42.70029,1.27201
-1.0,-1.0,8.5,84.0,-1.0,-1.0,-1.0,1.8,44.0,Z6,2012-10-20 10:30:00,2228,42.77011,0.73198
4.0,256.0,5.5,98.0,-1.0,-1.0,-1.0,-1.0,-1.0,Z7,2012-10-20 10:30:00,2519,42.53412,1.05476
-1.0,-1.0,7.6,100.0,-1.0,-1.0,-1.0,13.9,117.0,Z8,2012-10-20 10:30:00,2316,42.18254,1.52407
6.1,104.0,8.4,97.0,-1.0,-1.0,-1.0,-1.0,-1.0,Z9,2012-10-20 10:30:00,2143,42.29265,1.71498
0.6,229.0,19.5,78.0,941.3,-1.0,-1.0,-1.0,-1.0,CC,2012-10-20 11:00:00,626,42.07398,2.20862
1.0,220.0,16.2,89.0,916.2,-1.0,-1.0,-1.0,-1.0,CD,2012-10-20 11:00:00,849,42.37083,1.43277
3.8,101.0,21.2,84.0,975.2,-1.0,-1.0,-1.0,-1.0,CE,2012-10-20 11:00:00,316,41.53109,1.80813
3.9,197.0,12.7,100.0,859.6,-1.0,-1.0,-1.0,-1.0,CG,2012-10-20 11:00:00,1405,42.37717,2.41456
1.3,51.0,15.3,94.0,917.4,-1.0,-1.0,-1.0,-1.0,CI,2012-10-20 11:00:00,852,42.25839,2.36429
2.3,14.0,18.8,79.0,947.8,-1.0,-1.0,-1.0,-1.0,CJ,2012-10-20 11:00:00,566.5,42.21624,1.33132
3.1,109.0,22.5,75.0,971.4,-1.0,-1.0,-1.0,-1.0,CL,2012-10-20 11:00:00,349,41.67399,1.76796
8.9,112.0,22.1,59.0,933.5,-1.0,-1.0,-1.0,-1.0,CP,2012-10-20 11:00:00,690,42.13924,1.03893
2.9,335.0,20.9,68.0,943.6,-1.0,-1.0,-1.0,-1.0,CQ,2012-10-20 11:00:00,594,41.99546,1.02569
3.9,73.0,17.8,86.0,915.2,-1.0,-1.0,-1.0,-1.0,CR,2012-10-20 11:00:00,873,42.08032,1.9624
1.9,175.0,19.3,66.0,917.9,-1.0,-1.0,-1.0,-1.0,CT,2012-10-20 11:00:00,823,42.39811,0.74362
1.2,10.0,12.0,93.0,898.1,-1.0,-1.0,-1.0,-1.0,CU,2012-10-20 11:00:00,1002,42.69856,0.79397
0.9,294.0,21.2,67.0,952.0,-1.0,-1.0,-1.0,-1.0,CV,2012-10-20 11:00:00,513.3,42.23939,0.96434
4.4,113.0,20.8,74.0,959.2,-1.0,-1.0,-1.0,-1.0,CW,2012-10-20 11:00:00,446,41.39241,1.09894
3.7,93.0,18.6,81.0,920.8,-1.0,-1.0,-1.0,-1.0,CY,2012-10-20 11:00:00,816,41.87813,2.17873
6.7,93.0,23.4,65.0,979.3,-1.0,-1.0,-1.0,-1.0,C6,2012-10-20 11:00:00,264,41.6566,0.95172
7.5,110.0,21.8,72.0,961.5,-1.0,-1.0,-1.0,-1.0,C7,2012-10-20 11:00:00,427,41.66695,1.16234
10.4,121.0,21.1,71.0,947.0,-1.0,-1.0,-1.0,-1.0,C8,2012-10-20 11:00:00,554,41.67555,1.29609
3.4,83.0,20.3,99.0,981.6,-1.0,-1.0,-1.0,-1.0,C9,2012-10-20 11:00:00,240,40.71825,0.39988
6.9,106.0,20.6,100.0,988.4,-1.0,-1.0,-1.0,-1.0,DB,2012-10-20 11:00:00,179,40.87287,0.71581
1.6,29.0,18.6,97.0,964.4,-1.0,-1.0,-1.0,-1.0,DC,2012-10-20 11:00:00,421.5,42.19144,2.48263
6.0,63.0,22.7,88.0,1007.0,-1.0,-1.0,-1.0,-1.0,DD,2012-10-20 11:00:00,44.5,41.51175,2.38674
2.5,119.0,22.5,88.0,1010.2,-1.0,-1.0,-1.0,-1.0,DF,2012-10-20 11:00:00,28.6,41.97751,3.03543
2.6,322.0,9.6,97.0,803.0,-1.0,-1.0,-1.0,-1.0,DG,2012-10-20 11:00:00,1971.4,42.39848,2.15517
6.5,82.0,20.8,84.0,964.2,-1.0,-1.0,-1.0,-1.0,DI,2012-10-20 11:00:00,415,41.43292,1.62386
2.6,119.0,20.2,99.0,993.0,-1.0,-1.0,-1.0,-1.0,DJ,2012-10-20 11:00:00,176,42.11653,2.78969
9.9,45.0,23.2,87.0,1009.8,-1.0,-1.0,-1.0,-1.0,DK,2012-10-20 11:00:00,2,41.14677,1.41846
5.7,98.0,22.5,93.0,1008.6,-1.0,-1.0,-1.0,-1.0,DL,2012-10-20 11:00:00,0.5,40.70719,0.83449
3.5,114.0,21.7,87.0,995.4,-1.0,-1.0,-1.0,-1.0,DN,2012-10-20 11:00:00,150,41.96095,2.63108
2.9,78.0,20.4,90.0,1011.7,-1.0,-1.0,-1.0,-1.0,DO,2012-10-20 11:00:00,14,41.80857,3.03241
3.2,84.0,16.6,75.0,890.5,-1.0,-1.0,-1.0,-1.0,DP,2012-10-20 11:00:00,1097,42.38605,1.8664
4.5,108.0,22.0,69.0,977.6,-1.0,-1.0,-1.0,-1.0,DQ,2012-10-20 11:00:00,287,41.30728,1.36259
-1.0,-1.0,21.2,71.0,962.9,-1.0,-1.0,-1.0,-1.0,D1,2012-10-20 11:00:00,404,41.28521,0.75383
-1.0,-1.0,21.9,79.0,972.0,-1.0,-1.0,-1.0,-1.0,D2,2012-10-20 11:00:00,343,41.59252,1.915
4.1,127.0,20.9,90.0,982.2,-1.0,-1.0,-1.0,-1.0,D3,2012-10-20 11:00:00,252,41.38197,1.93564
4.1,109.0,20.8,91.0,1010.6,-1.0,-1.0,-1.0,-1.0,D4,2012-10-20 11:00:00,24,42.27065,3.18165
6.4,75.0,19.5,94.0,964.8,-1.0,-1.0,-1.0,-1.0,D5,2012-10-20 11:00:00,411.2,41.41843,2.12388
6.1,175.0,18.2,99.0,990.9,-1.0,-1.0,-1.0,-1.0,D6,2012-10-20 11:00:00,196,42.43515,3.16622
3.3,110.0,23.5,68.0,1002.8,-1.0,-1.0,-1.0,-1.0,D7,2012-10-20 11:00:00,53,41.18499,0.59376
6.6,84.0,18.8,84.0,949.2,-1.0,-1.0,-1.0,-1.0,D8,2012-10-20 11:00:00,515,40.95134,0.30565
5.9,97.0,24.1,76.0,1003.7,-1.0,-1.0,-1.0,-1.0,D9,2012-10-20 11:00:00,59,41.21553,1.52121
5.4,106.0,22.4,75.0,973.1,-1.0,-1.0,-1.0,-1.0,H1,2012-10-20 11:00:00,333,41.58642,1.65306
1.7,126.0,24.6,61.0,986.9,-1.0,-1.0,-1.0,-1.0,R1,2012-10-20 11:00:00,210,41.70637,1.87276
-1.0,-1.0,21.8,92.0,-1.0,4.4,83.0,-1.0,-1.0,UA,2012-10-20 11:00:00,93,40.9091,0.76943
-1.0,-1.0,21.2,84.0,-1.0,3.6,120.0,-1.0,-1.0,UB,2012-10-20 11:00:00,15,42.05398,3.06195
-1.0,-1.0,21.3,84.0,-1.0,1.9,149.0,-1.0,-1.0,UC,2012-10-20 11:00:00,60,41.97726,2.99705
-1.0,-1.0,22.4,87.0,-1.0,-1.0,-1.0,-1.0,-1.0,UD,2012-10-20 11:00:00,12,42.02895,3.06227
-1.0,-1.0,21.8,87.0,-1.0,-1.0,-1.0,-1.0,-1.0,UE,2012-10-20 11:00:00,4,42.02306,3.15719
-1.0,-1.0,17.6,100.0,-1.0,2.1,69.0,-1.0,-1.0,UF,2012-10-20 11:00:00,573,41.28832,1.90775
-1.0,-1.0,23.2,87.0,-1.0,2.4,58.0,-1.0,-1.0,UG,2012-10-20 11:00:00,3,41.29928,2.03787
-1.0,-1.0,20.3,79.0,-1.0,1.5,72.0,2.5,82.0,UH,2012-10-20 11:00:00,545,41.34171,1.48769
-1.0,-1.0,12.5,99.0,-1.0,0.3,33.0,-1.0,-1.0,UI,2012-10-20 11:00:00,1386,42.26477,1.76218
-1.0,-1.0,18.5,79.0,-1.0,4.6,88.0,6.9,96.0,UJ,2012-10-20 11:00:00,709,41.52879,1.3683
-1.0,-1.0,24.6,68.0,-1.0,1.2,276.0,-1.0,-1.0,UK,2012-10-20 11:00:00,161,41.27861,1.80479
-1.0,-1.0,23.4,62.0,-1.0,3.3,102.0,-1.0,-1.0,UL,2012-10-20 11:00:00,228,41.52911,0.75303
-1.0,-1.0,21.0,65.0,-1.0,4.9,124.0,-1.0,-1.0,UM,2012-10-20 11:00:00,505,41.35991,0.66789
-1.0,-1.0,21.6,91.0,-1.0,2.1,101.0,-1.0,-1.0,UN,2012-10-20 11:00:00,171,41.87449,2.92694
-1.0,-1.0,23.7,78.0,-1.0,-1.0,-1.0,-1.0,-1.0,UO,2012-10-20 11:00:00,97,41.91461,2.82069
2.7,99.0,22.1,87.0,1002.5,-1.0,-1.0,-1.0,-1.0,UP,2012-10-20 11:00:00,81,41.51773,2.37702
-1.0,-1.0,19.6,86.0,-1.0,1.7,84.0,-1.0,-1.0,UQ,2012-10-20 11:00:00,460,41.61991,2.44532
-1.0,-1.0,21.9,95.0,-1.0,2.5,43.0,-1.0,-1.0,US,2012-10-20 11:00:00,24,40.55786,0.52329
5.0,91.0,22.0,92.0,1008.4,-1.0,-1.0,-1.0,-1.0,UU,2012-10-20 11:00:00,3,40.70776,0.6321
-1.0,-1.0,21.4,91.0,1008.9,2.7,98.0,-1.0,-1.0,UW,2012-10-20 11:00:00,0,40.62725,0.65922
-1.0,-1.0,20.4,92.0,-1.0,0.9,91.0,-1.0,-1.0,UX,2012-10-20 11:00:00,210,40.62652,0.37112
-1.0,-1.0,20.4,71.0,-1.0,2.6,95.0,5.1,101.0,UY,2012-10-20 11:00:00,576,41.87912,0.76103
-1.0,-1.0,20.9,91.0,-1.0,1.5,116.0,-1.0,-1.0,U1,2012-10-20 11:00:00,31,42.30648,2.95481
3.8,117.0,20.5,96.0,1013.3,-1.0,-1.0,-1.0,-1.0,U2,2012-10-20 11:00:00,4,42.17716,3.0968
-1.0,-1.0,22.2,70.0,-1.0,2.6,86.0,-1.0,-1.0,U3,2012-10-20 11:00:00,257,41.37491,1.63032
3.6,105.0,21.9,66.0,-1.0,2.4,108.0,-1.0,-1.0,U4,2012-10-20 11:00:00,507,41.83094,1.84699
-1.0,-1.0,15.7,89.0,-1.0,1.9,67.0,-1.0,-1.0,U5,2012-10-20 11:00:00,969,41.31349,0.99611
-1.0,-1.0,22.6,86.0,-1.0,6.4,74.0,-1.0,-1.0,U6,2012-10-20 11:00:00,29,41.08017,1.06661
-1.0,-1.0,22.4,80.0,-1.0,2.1,127.0,-1.0,-1.0,U7,2012-10-20 11:00:00,52,40.85936,0.50525
-1.0,-1.0,21.7,90.0,-1.0,1.9,65.0,-1.0,-1.0,U9,2012-10-20 11:00:00,62,40.76947,0.61635
-1.0,-1.0,21.4,77.0,-1.0,2.3,114.0,-1.0,-1.0,VA,2012-10-20 11:00:00,257,41.19645,0.51161
3.7,92.0,23.5,71.0,-1.0,-1.0,-1.0,-1.0,-1.0,VB,2012-10-20 11:00:00,32,41.06289,0.63517
-1.0,-1.0,21.1,81.0,-1.0,2.1,39.0,-1.0,-1.0,VC,2012-10-20 11:00:00,69,41.24415,0.43266
-1.0,-1.0,21.9,64.0,-1.0,2.4,107.0,-1.0,-1.0,VD,2012-10-20 11:00:00,429,41.68939,1.20381
-1.0,-1.0,24.7,62.0,-1.0,1.3,74.0,-1.0,-1.0,VE,2012-10-20 11:00:00,97,41.48692,0.46058
-1.0,-1.0,24.4,60.0,-1.0,2.4,62.0,-1.0,-1.0,VF,2012-10-20 11:00:00,122,41.56482,0.54999
-1.0,-1.0,22.8,69.0,-1.0,2.0,81.0,-1.0,-1.0,VH,2012-10-20 11:00:00,259,41.65814,0.39301
-1.0,-1.0,24.0,58.0,-1.0,3.1,86.0,-1.0,-1.0,VJ,2012-10-20 11:00:00,161,41.59957,0.6478
7.0,97.0,22.8,69.0,976.0,-1.0,-1.0,-1.0,-1.0,VK,2012-10-20 11:00:00,286,41.68328,0.4487
-1.0,-1.0,23.0,65.0,-1.0,3.6,81.0,-1.0,-1.0,VM,2012-10-20 11:00:00,222,41.7145,0.62839
-1.0,-1.0,23.0,82.0,-1.0,-1.0,-1.0,-1.0,-1.0,VN,2012-10-20 11:00:00,117,41.88244,2.74262
-1.0,-1.0,19.7,67.0,-1.0,2.3,98.0,-1.0,-1.0,VO,2012-10-20 11:00:00,785,42.08745,1.42792
-1.0,-1.0,20.8,72.0,-1.0,2.8,101.0,4.7,103.0,VP,2012-10-20 11:00:00,659,41.80483,1.53853
7.1,89.0,22.4,80.0,996.6,-1.0,-1.0,-1.0,-1.0,VQ,2012-10-20 11:00:00,112,41.1713,1.16774
-1.0,-1.0,23.0,66.0,-1.0,1.0,133.0,-1.0,-1.0,VR,2012-10-20 11:00:00,291,41.68994,1.04401
8.6,188.0,7.3,100.0,774.8,-1.0,-1.0,-1.0,-1.0,VS,2012-10-20 11:00:00,2247,42.63835,0.77889
-1.0,-1.0,22.5,78.0,-1.0,2.6,104.0,-1.0,-1.0,VT,2012-10-20 11:00:00,84,41.48401,2.12745
-1.0,-1.0,20.9,71.0,-1.0,2.8,88.0,-1.0,-1.0,VU,2012-10-20 11:00:00,421,41.63286,1.91718
1.6,99.0,19.6,87.0,-1.0,-1.0,-1.0,-1.0,-1.0,VV,2012-10-20 11:00:00,528,41.68129,2.02647
-1.0,-1.0,15.9,93.0,-1.0,2.5,192.0,-1.0,-1.0,VX,2012-10-20 11:00:00,1030,41.74761,2.30291
-1.0,-1.0,22.3,73.0,-1.0,-1.0,-1.0,-1.0,-1.0,VY,2012-10-20 11:00:00,240,41.25095,1.29863
-1.0,-1.0,21.2,87.0,-1.0,-1.0,-1.0,-1.0,-1.0,VZ,2012-10-20 11:00:00,83,42.38443,3.00736
-1.0,-1.0,23.5,62.0,-1.0,3.6,122.0,-1.0,-1.0,V1,2012-10-20 11:00:00,238,41.78487,0.82939
-1.0,-1.0,20.9,81.0,-1.0,2.6,101.0,-1.0,-1.0,V3,2012-10-20 11:00:00,509,41.95224,2.23271
-1.0,-1.0,19.2,80.0,935.9,-1.0,-1.0,0.6,182.0,V4,2012-10-20 11:00:00,684,42.11477,2.21483
-1.0,-1.0,18.7,83.0,-1.0,3.1,104.0,3.4,98.0,V5,2012-10-20 11:00:00,774,42.03947,2.11993
-1.0,-1.0,23.1,62.0,-1.0,2.4,87.0,-1.0,-1.0,V8,2012-10-20 11:00:00,223,41.67279,0.87741
-1.0,-1.0,21.5,66.0,-1.0,4.3,92.0,-1.0,-1.0,WA,2012-10-20 11:00:00,443,41.87694,1.1541
-1.0,-1.0,22.2,70.0,-1.0,5.4,87.0,-1.0,-1.0,WB,2012-10-20 11:00:00,267,41.76036,0.67022
-1.0,-1.0,23.1,59.0,-1.0,4.0,106.0,-1.0,-1.0,WC,2012-10-20 11:00:00,261,41.63642,0.92446
-1.0,-1.0,18.1,100.0,-1.0,2.3,95.0,-1.0,-1.0,WD,2012-10-20 11:00:00,382,41.08671,0.31884
-1.0,-1.0,22.0,81.0,-1.0,1.8,91.0,-1.0,-1.0,WE,2012-10-20 11:00:00,126,41.5444,2.30014
-1.0,-1.0,22.7,80.0,-1.0,-1.0,-1.0,-1.0,-1.0,WF,2012-10-20 11:00:00,108,41.95425,2.77578
-1.0,-1.0,22.2,66.0,-1.0,4.4,86.0,-1.0,-1.0,WG,2012-10-20 11:00:00,301,41.80104,0.64804
-1.0,-1.0,21.6,70.0,-1.0,4.3,128.0,-1.0,-1.0,WI,2012-10-20 11:00:00,350,41.35741,0.4809
-1.0,-1.0,22.6,72.0,-1.0,5.0,114.0,-1.0,-1.0,WJ,2012-10-20 11:00:00,141,41.1223,0.72182
-1.0,-1.0,23.2,63.0,-1.0,2.3,56.0,-1.0,-1.0,WK,2012-10-20 11:00:00,268,41.81949,0.57768
-1.0,-1.0,23.4,59.0,-1.0,6.3,105.0,-1.0,-1.0,WL,2012-10-20 11:00:00,413,41.57236,1.0882
2.7,101.0,16.0,84.0,-1.0,-1.0,-1.0,-1.0,-1.0,WM,2012-10-20 11:00:00,1167,42.10736,1.8267
-1.0,-1.0,16.1,98.0,-1.0,-1.0,-1.0,4.4,110.0,WN,2012-10-20 11:00:00,916,41.59539,1.83751
-1.0,-1.0,22.5,69.0,-1.0,-1.0,-1.0,-1.0,-1.0,WO,2012-10-20 11:00:00,185,41.27151,1.46717
-1.0,-1.0,21.0,85.0,-1.0,2.9,97.0,-1.0,-1.0,WP,2012-10-20 11:00:00,325,41.48518,1.69337
10.7,133.0,12.3,94.0,840.1,-1.0,-1.0,-1.0,-1.0,WQ,2012-10-20 11:00:00,1572,42.0513,0.72952
-1.0,-1.0,21.9,75.0,-1.0,2.6,117.0,-1.0,-1.0,WR,2012-10-20 11:00:00,300,41.2163,0.79748
3.4,104.0,15.7,96.0,905.9,-1.0,-1.0,-1.0,-1.0,WS,2012-10-20 11:00:00,953,41.84008,2.41877
3.5,77.0,23.2,90.0,1012.7,-1.0,-1.0,-1.0,-1.0,WT,2012-10-20 11:00:00,2,41.64707,2.75658
-1.0,-1.0,21.9,89.0,1007.3,-1.0,-1.0,7.0,55.0,WU,2012-10-20 11:00:00,42,41.45215,2.24757
1.2,347.0,17.2,88.0,925.0,-1.0,-1.0,-1.0,-1.0,WV,2012-10-20 11:00:00,788,42.23414,1.87485
-1.0,-1.0,23.1,66.0,-1.0,-1.0,-1.0,-1.0,-1.0,WW,2012-10-20 11:00:00,278,41.79423,1.9368
-1.0,-1.0,19.6,72.0,-1.0,4.2,98.0,-1.0,-1.0,WX,2012-10-20 11:00:00,668,41.9178,0.88175
-1.0,-1.0,23.1,75.0,-1.0,1.7,87.0,-1.0,-1.0,WY,2012-10-20 11:00:00,164,41.43386,1.79429
3.9,89.0,24.3,78.0,1008.6,-1.0,-1.0,-1.0,-1.0,WZ,2012-10-20 11:00:00,17,41.20187,1.63346
-1.0,-1.0,20.5,88.0,-1.0,-1.0,-1.0,-1.0,-1.0,W1,2012-10-20 11:00:00,2,42.24726,3.09021
-1.0,-1.0,20.6,94.0,-1.0,-1.0,-1.0,-1.0,-1.0,W2,2012-10-20 11:00:00,7,42.18259,3.05783
-1.0,-1.0,21.2,85.0,-1.0,-1.0,-1.0,-1.0,-1.0,W3,2012-10-20 11:00:00,4,42.15006,3.06494
-1.0,-1.0,22.8,70.0,-1.0,5.2,92.0,-1.0,-1.0,W4,2012-10-20 11:00:00,240,41.36619,1.72857
-1.0,-1.0,22.2,67.0,-1.0,1.5,112.0,-1.0,-1.0,W5,2012-10-20 11:00:00,490,42.07683,1.31489
-1.0,-1.0,21.9,80.0,-1.0,2.0,100.0,-1.0,-1.0,W6,2012-10-20 11:00:00,158,41.13738,1.0187
-1.0,-1.0,21.4,71.0,-1.0,-1.0,-1.0,-1.0,-1.0,W8,2012-10-20 11:00:00,438,41.44237,1.15998
-1.0,-1.0,18.1,98.0,-1.0,0.8,350.0,-1.0,-1.0,W9,2012-10-20 11:00:00,461,42.14557,2.45451
8.8,108.0,17.5,88.0,922.8,-1.0,-1.0,-1.0,-1.0,XA,2012-10-20 11:00:00,785,41.60257,1.4007
-1.0,-1.0,18.8,86.0,-1.0,-1.0,-1.0,-1.0,-1.0,XB,2012-10-20 11:00:00,584,41.4779,1.53529
6.2,100.0,23.4,78.0,994.8,-1.0,-1.0,-1.0,-1.0,XC,2012-10-20 11:00:00,147,41.47892,1.97546
5.1,123.0,19.6,68.0,932.3,-1.0,-1.0,-1.0,-1.0,XD,2012-10-20 11:00:00,687,41.32,0.8857
5.6,79.0,23.7,82.0,1009.2,-1.0,-1.0,-1.0,-1.0,XE,2012-10-20 11:00:00,5,41.10393,1.201
6.5,93.0,21.8,84.0,981.9,-1.0,-1.0,-1.0,-1.0,XF,2012-10-20 11:00:00,258,41.56568,2.06952
5.1,83.0,22.8,75.0,998.3,-1.0,-1.0,-1.0,-1.0,XG,2012-10-20 11:00:00,123,41.56734,2.22619
-1.0,-1.0,21.2,58.0,935.1,-1.0,-1.0,-1.0,-1.0,XH,2012-10-20 11:00:00,679,42.40533,1.12993
-1.0,-1.0,23.7,57.0,981.2,4.8,111.0,-1.0,-1.0,XI,2012-10-20 11:00:00,247,41.61817,0.87182
3.8,130.0,23.2,73.0,1004.7,-1.0,-1.0,-1.0,-1.0,XJ,2012-10-20 11:00:00,72,41.98223,2.80686
10.5,115.0,11.9,100.0,-1.0,-1.0,-1.0,-1.0,-1.0,XK,2012-10-20 11:00:00,1668,41.77362,2.43774
4.9,77.0,23.0,88.0,-1.0,-1.0,-1.0,-1.0,-1.0,XL,2012-10-20 11:00:00,8,41.34045,2.08022
-1.0,-1.0,23.2,63.0,-1.0,4.8,110.0,-1.0,-1.0,XM,2012-10-20 11:00:00,235,41.59522,0.73507
-1.0,-1.0,24.5,64.0,-1.0,2.3,111.0,-1.0,-1.0,XN,2012-10-20 11:00:00,89,41.46379,0.42765
-1.0,-1.0,21.2,78.0,-1.0,-1.0,-1.0,-1.0,-1.0,XO,2012-10-20 11:00:00,499,41.93497,2.23987
-1.0,-1.0,19.4,91.0,-1.0,2.8,90.0,-1.0,-1.0,XP,2012-10-20 11:00:00,349,41.06581,0.43006
4.7,84.0,19.2,77.0,933.5,-1.0,-1.0,-1.0,-1.0,XT,2012-10-20 11:00:00,691,41.98766,1.51165
7.6,97.0,20.8,83.0,968.6,-1.0,-1.0,-1.0,-1.0,X1,2012-10-20 11:00:00,359,41.15374,0.81953
-1.0,-1.0,22.4,90.0,-1.0,-1.0,-1.0,-1.0,-1.0,X2,2012-10-20 11:00:00,7,41.38943,2.18847
11.9,91.0,21.6,73.0,966.3,-1.0,-1.0,-1.0,-1.0,X3,2012-10-20 11:00:00,370,41.74281,0.5358
4.5,74.0,22.4,88.0,1007.4,-1.0,-1.0,-1.0,-1.0,X4,2012-10-20 11:00:00,33,41.3839,2.16775
6.3,350.0,14.1,95.0,890.6,-1.0,-1.0,-1.0,-1.0,X5,2012-10-20 11:00:00,1055,40.79705,0.31822
-1.0,-1.0,22.1,66.0,-1.0,4.3,96.0,-1.0,-1.0,X6,2012-10-20 11:00:00,366,41.92173,1.02901
-1.0,-1.0,24.5,56.0,-1.0,4.8,113.0,-1.0,-1.0,X7,2012-10-20 11:00:00,215,41.51909,0.55314
5.6,84.0,21.8,86.0,1002.2,-1.0,-1.0,-1.0,-1.0,X8,2012-10-20 11:00:00,79,41.37919,2.1054
3.3,100.0,22.8,74.0,992.1,-1.0,-1.0,-1.0,-1.0,X9,2012-10-20 11:00:00,176,41.61265,2.16836
7.2,170.0,6.3,97.0,-1.0,-1.0,-1.0,-1.0,-1.0,ZB,2012-10-20 11:00:00,2451,42.51939,1.36597
10.9,74.0,7.3,98.0,-1.0,-1.0,-1.0,-1.0,-1.0,ZC,2012-10-20 11:00:00,2410,42.42117,2.24565
-1.0,-1.0,7.1,96.0,-1.0,-1.0,-1.0,6.2,108.0,Z1,2012-10-20 11:00:00,2266,42.64691,0.98486
-1.0,-1.0,5.4,98.0,-1.0,-1.0,-1.0,1.9,305.0,Z2,2012-10-20 11:00:00,2535,42.46602,0.88405
-1.0,-1.0,8.0,97.0,-1.0,-1.0,-1.0,3.5,108.0,Z3,2012-10-20 11:00:00,2230,42.46605,1.7785
-1.0,-1.0,6.5,100.0,-1.0,-1.0,-1.0,3.0,146.0,Z5,2012-10-20 11:00:00,2400,42.70029,1.27201
-1.0,-1.0,8.8,85.0,-1.0,-1.0,-1.0,1.7,20.0,Z6,2012-10-20 11:00:00,2228,42.77011,0.73198
4.4,254.0,5.6,98.0,-1.0,-1.0,-1.0,-1.0,-1.0,Z7,2012-10-20 11:00:00,2519,42.53412,1.05476
-1.0,-1.0,7.6,100.0,-1.0,-1.0,-1.0,14.6,120.0,Z8,2012-10-20 11:00:00,2316,42.18254,1.52407
9.2,112.0,8.3,97.0,-1.0,-1.0,-1.0,-1.0,-1.0,Z9,2012-10-20 11:00:00,2143,42.29265,1.71498
1.3,112.0,20.3,75.0,940.8,-1.0,-1.0,-1.0,-1.0,CC,2012-10-20 11:30:00,626,42.07398,2.20862
1.8,358.0,16.3,87.0,916.1,-1.0,-1.0,-1.0,-1.0,CD,2012-10-20 11:30:00,849,42.37083,1.43277
3.7,100.0,21.2,81.0,974.7,-1.0,-1.0,-1.0,-1.0,CE,2012-10-20 11:30:00,316,41.53109,1.80813
4.0,196.0,12.7,100.0,859.2,-1.0,-1.0,-1.0,-1.0,CG,2012-10-20 11:30:00,1405,42.37717,2.41456
1.4,39.0,15.4,95.0,917.1,-1.0,-1.0,-1.0,-1.0,CI,2012-10-20 11:30:00,852,42.25839,2.36429
3.4,14.0,19.1,79.0,947.4,-1.0,-1.0,-1.0,-1.0,CJ,2012-10-20 11:30:00,566.5,42.21624,1.33132
3.9,110.0,22.5,73.0,971.1,-1.0,-1.0,-1.0,-1.0,CL,2012-10-20 11:30:00,349,41.67399,1.76796
7.6,122.0,21.7,62.0,933.3,-1.0,-1.0,-1.0,-1.0,CP,2012-10-20 11:30:00,690,42.13924,1.03893
2.0,234.0,20.2,71.0,943.6,-1.0,-1.0,-1.0,-1.0,CQ,2012-10-20 11:30:00,594,41.99546,1.02569
2.3,76.0,19.1,82.0,914.8,-1.0,-1.0,-1.0,-1.0,CR,2012-10-20 11:30:00,873,42.08032,1.9624
2.0,179.0,19.3,65.0,917.6,-1.0,-1.0,-1.0,-1.0,CT,2012-10-20 11:30:00,823,42.39811,0.74362
1.0,43.0,12.5,90.0,897.8,-1.0,-1.0,-1.0,-1.0,CU,2012-10-20 11:30:00,1002,42.69856,0.79397
1.4,186.0,22.5,57.0,951.5,-1.0,-1.0,-1.0,-1.0,CV,2012-10-20 11:30:00,513.3,42.23939,0.96434
3.4,96.0,21.0,73.0,958.6,-1.0,-1.0,-1.0,-1.0,CW,2012-10-20 11:30:00,446,41.39241,1.09894
4.2,99.0,19.2,77.0,920.4,-1.0,-1.0,-1.0,-1.0,CY,2012-10-20 11:30:00,816,41.87813,2.17873
7.9,88.0,23.5,63.0,978.9,-1.0,-1.0,-1.0,-1.0,C6,2012-10-20 11:30:00,264,41.6566,0.95172
8.2,113.0,22.1,69.0,961.1,-1.0,-1.0,-1.0,-1.0,C7,2012-10-20 11:30:00,427,41.66695,1.16234
9.2,125.0,21.7,68.0,946.7,-1.0,-1.0,-1.0,-1.0,C8,2012-10-20 11:30:00,554,41.67555,1.29609
3.1,97.0,20.3,99.0,981.4,-1.0,-1.0,-1.0,-1.0,C9,2012-10-20 11:30:00,240,40.71825,0.39988
4.4,113.0,20.5,100.0,988.4,-1.0,-1.0,-1.0,-1.0,DB,2012-10-20 11:30:00,179,40.87287,0.71581
1.4,28.0,19.0,97.0,964.1,-1.0,-1.0,-1.0,-1.0,DC,2012-10-20 11:30:00,421.5,42.19144,2.48263
6.0,59.0,22.3,89.0,1006.6,-1.0,-1.0,-1.0,-1.0,DD,2012-10-20 11:30:00,44.5,41.51175,2.38674
1.8,106.0,22.2,88.0,1010.0,-1.0,-1.0,-1.0,-1.0,DF,2012-10-20 11:30:00,28.6,41.97751,3.03543
2.8,309.0,9.7,97.0,802.5,-1.0,-1.0,-1.0,-1.0,DG,2012-10-20 11:30:00,1971.4,42.39848,2.15517
6.5,73.0,20.8,83.0,963.7,-1.0,-1.0,-1.0,-1.0,DI,2012-10-20 11:30:00,415,41.43292,1.62386
2.4,90.0,20.4,99.0,992.7,-1.0,-1.0,-1.0,-1.0,DJ,2012-10-20 11:30:00,176,42.11653,2.78969
10.4,46.0,23.0,87.0,1009.4,-1.0,-1.0,-1.0,-1.0,DK,2012-10-20 11:30:00,2,41.14677,1.41846
4.5,103.0,22.4,91.0,1008.7,-1.0,-1.0,-1.0,-1.0,DL,2012-10-20 11:30:00,0.5,40.70719,0.83449
3.5,116.0,22.1,85.0,995.2,-1.0,-1.0,-1.0,-1.0,DN,2012-10-20 11:30:00,150,41.96095,2.63108
2.6,77.0,20.5,90.0,1011.4,-1.0,-1.0,-1.0,-1.0,DO,2012-10-20 11:30:00,14,41.80857,3.03241
2.0,51.0,15.5,85.0,890.4,-1.0,-1.0,-1.0,-1.0,DP,2012-10-20 11:30:00,1097,42.38605,1.8664
5.0,98.0,21.7,69.0,977.0,-1.0,-1.0,-1.0,-1.0,DQ,2012-10-20 11:30:00,287,41.30728,1.36259
-1.0,-1.0,21.4,69.0,962.4,-1.0,-1.0,-1.0,-1.0,D1,2012-10-20 11:30:00,404,41.28521,0.75383
-1.0,-1.0,22.6,76.0,971.6,-1.0,-1.0,-1.0,-1.0,D2,2012-10-20 11:30:00,343,41.59252,1.915
3.3,111.0,20.9,90.0,981.7,-1.0,-1.0,-1.0,-1.0,D3,2012-10-20 11:30:00,252,41.38197,1.93564
3.5,112.0,20.8,91.0,1010.6,-1.0,-1.0,-1.0,-1.0,D4,2012-10-20 11:30:00,24,42.27065,3.18165
6.2,76.0,19.5,94.0,964.2,-1.0,-1.0,-1.0,-1.0,D5,2012-10-20 11:30:00,411.2,41.41843,2.12388
7.8,175.0,18.2,99.0,990.8,-1.0,-1.0,-1.0,-1.0,D6,2012-10-20 11:30:00,196,42.43515,3.16622
3.9,106.0,23.3,68.0,1002.4,-1.0,-1.0,-1.0,-1.0,D7,2012-10-20 11:30:00,53,41.18499,0.59376
7.0,95.0,18.9,82.0,948.6,-1.0,-1.0,-1.0,-1.0,D8,2012-10-20 11:30:00,515,40.95134,0.30565
4.5,94.0,23.9,77.0,1003.1,-1.0,-1.0,-1.0,-1.0,D9,2012-10-20 11:30:00,59,41.21553,1.52121
5.2,95.0,22.3,74.0,972.7,-1.0,-1.0,-1.0,-1.0,H1,2012-10-20 11:30:00,333,41.58642,1.65306
2.2,137.0,25.4,57.0,986.6,-1.0,-1.0,-1.0,-1.0,R1,2012-10-20 11:30:00,210,41.70637,1.87276
6.5,93.0,22.0,81.0,996.2,-1.0,-1.0,-1.0,-1.0,VQ,2012-10-20 11:30:00,112,41.1713,1.16774
8.9,184.0,7.3,100.0,774.5,-1.0,-1.0,-1.0,-1.0,VS,2012-10-20 11:30:00,2247,42.63835,0.77889
-1.0,-1.0,21.9,88.0,1006.8,-1.0,-1.0,6.7,55.0,WU,2012-10-20 11:30:00,42,41.45215,2.24757
4.2,90.0,24.0,78.0,1008.0,-1.0,-1.0,-1.0,-1.0,WZ,2012-10-20 11:30:00,17,41.20187,1.63346
7.4,103.0,17.8,87.0,922.8,-1.0,-1.0,-1.0,-1.0,XA,2012-10-20 11:30:00,785,41.60257,1.4007
6.2,106.0,23.5,76.0,994.4,-1.0,-1.0,-1.0,-1.0,XC,2012-10-20 11:30:00,147,41.47892,1.97546
4.5,117.0,19.2,70.0,931.9,-1.0,-1.0,-1.0,-1.0,XD,2012-10-20 11:30:00,687,41.32,0.8857
5.6,79.0,23.1,83.0,1008.7,-1.0,-1.0,-1.0,-1.0,XE,2012-10-20 11:30:00,5,41.10393,1.201
6.2,81.0,21.7,84.0,981.6,-1.0,-1.0,-1.0,-1.0,XF,2012-10-20 11:30:00,258,41.56568,2.06952
4.8,84.0,23.0,73.0,997.9,-1.0,-1.0,-1.0,-1.0,XG,2012-10-20 11:30:00,123,41.56734,2.22619
-1.0,-1.0,21.8,57.0,934.8,-1.0,-1.0,-1.0,-1.0,XH,2012-10-20 11:30:00,679,42.40533,1.12993
4.0,129.0,23.6,70.0,1004.4,-1.0,-1.0,-1.0,-1.0,XJ,2012-10-20 11:30:00,72,41.98223,2.80686
10.1,112.0,11.9,100.0,-1.0,-1.0,-1.0,-1.0,-1.0,XK,2012-10-20 11:30:00,1668,41.77362,2.43774
5.8,72.0,23.1,87.0,-1.0,-1.0,-1.0,-1.0,-1.0,XL,2012-10-20 11:30:00,8,41.34045,2.08022
-1.0,-1.0,21.0,77.0,-1.0,-1.0,-1.0,-1.0,-1.0,XO,2012-10-20 11:30:00,499,41.93497,2.23987
-1.0,-1.0,19.6,90.0,-1.0,3.4,101.0,-1.0,-1.0,XP,2012-10-20 11:30:00,349,41.06581,0.43006
4.8,95.0,19.6,76.0,933.2,-1.0,-1.0,-1.0,-1.0,XT,2012-10-20 11:30:00,691,41.98766,1.51165
5.2,77.0,22.0,84.0,1001.6,-1.0,-1.0,-1.0,-1.0,X8,2012-10-20 11:30:00,79,41.37919,2.1054
8.7,175.0,6.5,97.0,-1.0,-1.0,-1.0,-1.0,-1.0,ZB,2012-10-20 11:30:00,2451,42.51939,1.36597
10.9,73.0,7.4,98.0,-1.0,-1.0,-1.0,-1.0,-1.0,ZC,2012-10-20 11:30:00,2410,42.42117,2.24565
-1.0,-1.0,7.2,96.0,-1.0,-1.0,-1.0,5.9,105.0,Z1,2012-10-20 11:30:00,2266,42.64691,0.98486
-1.0,-1.0,5.5,98.0,-1.0,-1.0,-1.0,2.2,322.0,Z2,2012-10-20 11:30:00,2535,42.46602,0.88405
-1.0,-1.0,8.1,97.0,-1.0,-1.0,-1.0,1.9,100.0,Z3,2012-10-20 11:30:00,2230,42.46605,1.7785
-1.0,-1.0,6.6,100.0,-1.0,-1.0,-1.0,2.2,209.0,Z5,2012-10-20 11:30:00,2400,42.70029,1.27201
-1.0,-1.0,9.0,83.0,-1.0,-1.0,-1.0,1.9,43.0,Z6,2012-10-20 11:30:00,2228,42.77011,0.73198
4.8,246.0,5.8,98.0,-1.0,-1.0,-1.0,-1.0,-1.0,Z7,2012-10-20 11:30:00,2519,42.53412,1.05476
-1.0,-1.0,7.5,100.0,-1.0,-1.0,-1.0,14.0,118.0,Z8,2012-10-20 11:30:00,2316,42.18254,1.52407
11.1,114.0,8.3,97.0,-1.0,-1.0,-1.0,-1.0,-1.0,Z9,2012-10-20 11:30:00,2143,42.29265,1.71498
2.1,150.0,20.3,73.0,940.7,-1.0,-1.0,-1.0,-1.0,CC,2012-10-20 12:00:00,626,42.07398,2.20862
1.1,285.0,17.2,81.0,915.6,-1.0,-1.0,-1.0,-1.0,CD,2012-10-20 12:00:00,849,42.37083,1.43277
3.7,100.0,21.7,80.0,974.1,-1.0,-1.0,-1.0,-1.0,CE,2012-10-20 12:00:00,316,41.53109,1.80813
4.8,193.0,12.7,100.0,859.0,-1.0,-1.0,-1.0,-1.0,CG,2012-10-20 12:00:00,1405,42.37717,2.41456
1.8,44.0,15.4,95.0,916.9,-1.0,-1.0,-1.0,-1.0,CI,2012-10-20 12:00:00,852,42.25839,2.36429
3.3,16.0,19.0,80.0,947.0,-1.0,-1.0,-1.0,-1.0,CJ,2012-10-20 12:00:00,566.5,42.21624,1.33132
3.9,112.0,23.5,68.0,970.5,-1.0,-1.0,-1.0,-1.0,CL,2012-10-20 12:00:00,349,41.67399,1.76796
7.5,124.0,21.3,63.0,933.0,-1.0,-1.0,-1.0,-1.0,CP,2012-10-20 12:00:00,690,42.13924,1.03893
2.4,199.0,20.2,72.0,943.0,-1.0,-1.0,-1.0,-1.0,CQ,2012-10-20 12:00:00,594,41.99546,1.02569
2.6,74.0,19.1,81.0,914.6,-1.0,-1.0,-1.0,-1.0,CR,2012-10-20 12:00:00,873,42.08032,1.9624
1.2,176.0,18.8,70.0,917.3,-1.0,-1.0,-1.0,-1.0,CT,2012-10-20 12:00:00,823,42.39811,0.74362
1.0,6.0,12.5,90.0,897.3,-1.0,-1.0,-1.0,-1.0,CU,2012-10-20 12:00:00,1002,42.69856,0.79397
0.5,288.0,22.4,59.0,951.3,-1.0,-1.0,-1.0,-1.0,CV,2012-10-20 12:00:00,513.3,42.23939,0.96434
3.9,107.0,20.6,73.0,958.4,-1.0,-1.0,-1.0,-1.0,CW,2012-10-20 12:00:00,446,41.39241,1.09894
3.8,85.0,19.6,77.0,920.1,-1.0,-1.0,-1.0,-1.0,CY,2012-10-20 12:00:00,816,41.87813,2.17873
8.1,87.0,23.4,63.0,978.4,-1.0,-1.0,-1.0,-1.0,C6,2012-10-20 12:00:00,264,41.6566,0.95172
9.1,116.0,21.8,69.0,960.4,-1.0,-1.0,-1.0,-1.0,C7,2012-10-20 12:00:00,427,41.66695,1.16234
9.3,121.0,21.7,67.0,946.1,-1.0,-1.0,-1.0,-1.0,C8,2012-10-20 12:00:00,554,41.67555,1.29609
2.9,136.0,19.8,99.0,981.1,-1.0,-1.0,-1.0,-1.0,C9,2012-10-20 12:00:00,240,40.71825,0.39988
5.4,113.0,20.5,100.0,988.1,-1.0,-1.0,-1.0,-1.0,DB,2012-10-20 12:00:00,179,40.87287,0.71581
1.2,45.0,19.6,93.0,963.9,-1.0,-1.0,-1.0,-1.0,DC,2012-10-20 12:00:00,421.5,42.19144,2.48263
5.6,60.0,22.5,89.0,1006.1,-1.0,-1.0,-1.0,-1.0,DD,2012-10-20 12:00:00,44.5,41.51175,2.38674
1.6,98.0,22.0,90.0,1009.7,-1.0,-1.0,-1.0,-1.0,DF,2012-10-20 12:00:00,28.6,41.97751,3.03543
2.7,274.0,9.6,97.0,802.6,-1.0,-1.0,-1.0,-1.0,DG,2012-10-20 12:00:00,1971.4,42.39848,2.15517
5.9,74.0,20.3,85.0,963.2,-1.0,-1.0,-1.0,-1.0,DI,2012-10-20 12:00:00,415,41.43292,1.62386
2.8,104.0,20.7,98.0,992.5,-1.0,-1.0,-1.0,-1.0,DJ,2012-10-20 12:00:00,176,42.11653,2.78969
10.1,47.0,22.8,89.0,1009.3,-1.0,-1.0,-1.0,-1.0,DK,2012-10-20 12:00:00,2,41.14677,1.41846
4.1,78.0,22.6,92.0,1008.4,-1.0,-1.0,-1.0,-1.0,DL,2012-10-20 12:00:00,0.5,40.70719,0.83449
2.9,109.0,22.1,83.0,994.8,-1.0,-1.0,-1.0,-1.0,DN,2012-10-20 12:00:00,150,41.96095,2.63108
2.9,77.0,20.6,90.0,1010.9,-1.0,-1.0,-1.0,-1.0,DO,2012-10-20 12:00:00,14,41.80857,3.03241
2.2,349.0,15.7,86.0,890.2,-1.0,-1.0,-1.0,-1.0,DP,2012-10-20 12:00:00,1097,42.38605,1.8664
4.8,97.0,21.3,71.0,976.8,-1.0,-1.0,-1.0,-1.0,DQ,2012-10-20 12:00:00,287,41.30728,1.36259
-1.0,-1.0,20.2,79.0,962.2,-1.0,-1.0,-1.0,-1.0,D1,2012-10-20 12:00:00,404,41.28521,0.75383
-1.0,-1.0,22.1,76.0,971.0,-1.0,-1.0,-1.0,-1.0,D2,2012-10-20 12:00:00,343,41.59252,1.915
4.4,112.0,20.9,89.0,981.3,-1.0,-1.0,-1.0,-1.0,D3,2012-10-20 12:00:00,252,41.38197,1.93564
3.0,104.0,20.8,91.0,1010.3,-1.0,-1.0,-1.0,-1.0,D4,2012-10-20 12:00:00,24,42.27065,3.18165
7.1,72.0,19.3,94.0,963.7,-1.0,-1.0,-1.0,-1.0,D5,2012-10-20 12:00:00,411.2,41.41843,2.12388
7.9,167.0,18.2,99.0,990.5,-1.0,-1.0,-1.0,-1.0,D6,2012-10-20 12:00:00,196,42.43515,3.16622
3.0,128.0,21.7,79.0,1002.1,-1.0,-1.0,-1.0,-1.0,D7,2012-10-20 12:00:00,53,41.18499,0.59376
9.4,114.0,18.6,80.0,948.2,-1.0,-1.0,-1.0,-1.0,D8,2012-10-20 12:00:00,515,40.95134,0.30565
5.5,105.0,23.2,79.0,1003.0,-1.0,-1.0,-1.0,-1.0,D9,2012-10-20 12:00:00,59,41.21553,1.52121
6.4,109.0,22.1,72.0,972.1,-1.0,-1.0,-1.0,-1.0,H1,2012-10-20 12:00:00,333,41.58642,1.65306
2.3,144.0,25.8,55.0,986.0,-1.0,-1.0,-1.0,-1.0,R1,2012-10-20 12:00:00,210,41.70637,1.87276
-1.0,-1.0,21.6,95.0,-1.0,4.1,88.0,-1.0,-1.0,UA,2012-10-20 12:00:00,93,40.9091,0.76943
-1.0,-1.0,20.7,85.0,-1.0,3.1,115.0,-1.0,-1.0,UB,2012-10-20 12:00:00,15,42.05398,3.06195
-1.0,-1.0,21.3,85.0,-1.0,0.7,73.0,-1.0,-1.0,UC,2012-10-20 12:00:00,60,41.97726,2.99705
-1.0,-1.0,21.6,90.0,-1.0,-1.0,-1.0,-1.0,-1.0,UD,2012-10-20 12:00:00,12,42.02895,3.06227
-1.0,-1.0,21.0,89.0,-1.0,-1.0,-1.0,-1.0,-1.0,UE,2012-10-20 12:00:00,4,42.02306,3.15719
-1.0,-1.0,17.6,100.0,-1.0,2.4,72.0,-1.0,-1.0,UF,2012-10-20 12:00:00,573,41.28832,1.90775
-1.0,-1.0,23.4,86.0,-1.0,2.4,62.0,-1.0,-1.0,UG,2012-10-20 12:00:00,3,41.29928,2.03787
-1.0,-1.0,19.4,83.0,-1.0,1.3,78.0,2.1,86.0,UH,2012-10-20 12:00:00,545,41.34171,1.48769
-1.0,-1.0,12.9,99.0,-1.0,0.3,333.0,-1.0,-1.0,UI,2012-10-20 12:00:00,1386,42.26477,1.76218
-1.0,-1.0,18.5,79.0,-1.0,5.4,81.0,7.8,90.0,UJ,2012-10-20 12:00:00,709,41.52879,1.3683
-1.0,-1.0,23.3,73.0,-1.0,1.1,278.0,-1.0,-1.0,UK,2012-10-20 12:00:00,161,41.27861,1.80479
-1.0,-1.0,22.7,67.0,-1.0,2.1,108.0,-1.0,-1.0,UL,2012-10-20 12:00:00,228,41.52911,0.75303
-1.0,-1.0,19.5,75.0,-1.0,4.3,115.0,-1.0,-1.0,UM,2012-10-20 12:00:00,505,41.35991,0.66789
-1.0,-1.0,21.5,91.0,-1.0,1.3,90.0,-1.0,-1.0,UN,2012-10-20 12:00:00,171,41.87449,2.92694
-1.0,-1.0,23.8,76.0,-1.0,-1.0,-1.0,-1.0,-1.0,UO,2012-10-20 12:00:00,97,41.91461,2.82069
2.4,93.0,22.0,87.0,1001.7,-1.0,-1.0,-1.0,-1.0,UP,2012-10-20 12:00:00,81,41.51773,2.37702
-1.0,-1.0,20.0,83.0,-1.0,1.7,75.0,-1.0,-1.0,UQ,2012-10-20 12:00:00,460,41.61991,2.44532
-1.0,-1.0,21.5,97.0,-1.0,1.4,60.0,-1.0,-1.0,US,2012-10-20 12:00:00,24,40.55786,0.52329
4.5,95.0,21.7,93.0,1007.9,-1.0,-1.0,-1.0,-1.0,UU,2012-10-20 12:00:00,3,40.70776,0.6321
-1.0,-1.0,21.3,89.0,1008.4,2.2,106.0,-1.0,-1.0,UW,2012-10-20 12:00:00,0,40.62725,0.65922
-1.0,-1.0,20.0,90.0,-1.0,1.4,112.0,-1.0,-1.0,UX,2012-10-20 12:00:00,210,40.62652,0.37112
-1.0,-1.0,20.8,71.0,-1.0,2.7,94.0,5.6,97.0,UY,2012-10-20 12:00:00,576,41.87912,0.76103
-1.0,-1.0,20.5,93.0,-1.0,1.3,116.0,-1.0,-1.0,U1,2012-10-20 12:00:00,31,42.30648,2.95481
4.5,114.0,20.8,96.0,1012.8,-1.0,-1.0,-1.0,-1.0,U2,2012-10-20 12:00:00,4,42.17716,3.0968
-1.0,-1.0,21.4,74.0,-1.0,2.2,82.0,-1.0,-1.0,U3,2012-10-20 12:00:00,257,41.37491,1.63032
3.6,97.0,21.9,65.0,-1.0,2.5,102.0,-1.0,-1.0,U4,2012-10-20 12:00:00,507,41.83094,1.84699
-1.0,-1.0,15.5,92.0,-1.0,2.0,57.0,-1.0,-1.0,U5,2012-10-20 12:00:00,969,41.31349,0.99611
-1.0,-1.0,22.1,90.0,-1.0,5.3,77.0,-1.0,-1.0,U6,2012-10-20 12:00:00,29,41.08017,1.06661
-1.0,-1.0,21.1,87.0,-1.0,2.3,136.0,-1.0,-1.0,U7,2012-10-20 12:00:00,52,40.85936,0.50525
-1.0,-1.0,21.4,92.0,-1.0,1.9,75.0,-1.0,-1.0,U9,2012-10-20 12:00:00,62,40.76947,0.61635
-1.0,-1.0,19.6,90.0,-1.0,2.1,126.0,-1.0,-1.0,VA,2012-10-20 12:00:00,257,41.19645,0.51161
4.6,113.0,22.4,74.0,-1.0,-1.0,-1.0,-1.0,-1.0,VB,2012-10-20 12:00:00,32,41.06289,0.63517
-1.0,-1.0,21.1,84.0,-1.0,1.9,83.0,-1.0,-1.0,VC,2012-10-20 12:00:00,69,41.24415,0.43266
-1.0,-1.0,21.6,63.0,-1.0,2.8,113.0,-1.0,-1.0,VD,2012-10-20 12:00:00,429,41.68939,1.20381
-1.0,-1.0,24.1,64.0,-1.0,1.1,71.0,-1.0,-1.0,VE,2012-10-20 12:00:00,97,41.48692,0.46058
-1.0,-1.0,24.0,61.0,-1.0,1.5,69.0,-1.0,-1.0,VF,2012-10-20 12:00:00,122,41.56482,0.54999
-1.0,-1.0,22.8,67.0,-1.0,0.7,93.0,-1.0,-1.0,VH,2012-10-20 12:00:00,259,41.65814,0.39301
-1.0,-1.0,23.4,61.0,-1.0,2.9,99.0,-1.0,-1.0,VJ,2012-10-20 12:00:00,161,41.59957,0.6478
5.0,99.0,22.7,69.0,975.2,-1.0,-1.0,-1.0,-1.0,VK,2012-10-20 12:00:00,286,41.68328,0.4487
-1.0,-1.0,23.3,63.0,-1.0,3.4,86.0,-1.0,-1.0,VM,2012-10-20 12:00:00,222,41.7145,0.62839
-1.0,-1.0,22.8,82.0,-1.0,-1.0,-1.0,-1.0,-1.0,VN,2012-10-20 12:00:00,117,41.88244,2.74262
-1.0,-1.0,19.9,67.0,-1.0,2.1,94.0,-1.0,-1.0,VO,2012-10-20 12:00:00,785,42.08745,1.42792
-1.0,-1.0,20.8,69.0,-1.0,2.9,105.0,5.1,105.0,VP,2012-10-20 12:00:00,659,41.80483,1.53853
6.1,92.0,21.8,82.0,996.0,-1.0,-1.0,-1.0,-1.0,VQ,2012-10-20 12:00:00,112,41.1713,1.16774
-1.0,-1.0,22.9,65.0,-1.0,1.0,128.0,-1.0,-1.0,VR,2012-10-20 12:00:00,291,41.68994,1.04401
13.1,191.0,7.6,100.0,773.6,-1.0,-1.0,-1.0,-1.0,VS,2012-10-20 12:00:00,2247,42.63835,0.77889
-1.0,-1.0,22.4,78.0,-1.0,2.9,106.0,-1.0,-1.0,VT,2012-10-20 12:00:00,84,41.48401,2.12745
-1.0,-1.0,20.8,70.0,-1.0,3.3,88.0,-1.0,-1.0,VU,2012-10-20 12:00:00,421,41.63286,1.91718
1.6,117.0,19.9,85.0,-1.0,-1.0,-1.0,-1.0,-1.0,VV,2012-10-20 12:00:00,528,41.68129,2.02647
-1.0,-1.0,17.1,83.0,-1.0,3.1,178.0,-1.0,-1.0,VX,2012-10-20 12:00:00,1030,41.74761,2.30291
-1.0,-1.0,21.1,79.0,-1.0,-1.0,-1.0,-1.0,-1.0,VY,2012-10-20 12:00:00,240,41.25095,1.29863
-1.0,-1.0,21.6,86.0,-1.0,-1.0,-1.0,-1.0,-1.0,VZ,2012-10-20 12:00:00,83,42.38443,3.00736
-1.0,-1.0,23.7,60.0,-1.0,3.8,126.0,-1.0,-1.0,V1,2012-10-20 12:00:00,238,41.78487,0.82939
-1.0,-1.0,20.7,79.0,-1.0,3.4,101.0,-1.0,-1.0,V3,2012-10-20 12:00:00,509,41.95224,2.23271
-1.0,-1.0,20.4,74.0,935.4,-1.0,-1.0,1.1,131.0,V4,2012-10-20 12:00:00,684,42.11477,2.21483
-1.0,-1.0,19.3,79.0,-1.0,3.8,90.0,4.3,86.0,V5,2012-10-20 12:00:00,774,42.03947,2.11993
-1.0,-1.0,23.0,61.0,-1.0,2.5,93.0,-1.0,-1.0,V8,2012-10-20 12:00:00,223,41.67279,0.87741
-1.0,-1.0,21.6,65.0,-1.0,3.3,89.0,-1.0,-1.0,WA,2012-10-20 12:00:00,443,41.87694,1.1541
-1.0,-1.0,22.9,67.0,-1.0,6.4,95.0,-1.0,-1.0,WB,2012-10-20 12:00:00,267,41.76036,0.67022
-1.0,-1.0,22.9,60.0,-1.0,4.1,109.0,-1.0,-1.0,WC,2012-10-20 12:00:00,261,41.63642,0.92446
-1.0,-1.0,18.9,98.0,-1.0,3.0,124.0,-1.0,-1.0,WD,2012-10-20 12:00:00,382,41.08671,0.31884
-1.0,-1.0,21.9,81.0,-1.0,2.1,90.0,-1.0,-1.0,WE,2012-10-20 12:00:00,126,41.5444,2.30014
-1.0,-1.0,22.8,77.0,-1.0,-1.0,-1.0,-1.0,-1.0,WF,2012-10-20 12:00:00,108,41.95425,2.77578
-1.0,-1.0,23.0,62.0,-1.0,4.4,93.0,-1.0,-1.0,WG,2012-10-20 12:00:00,301,41.80104,0.64804
-1.0,-1.0,20.4,77.0,-1.0,4.2,133.0,-1.0,-1.0,WI,2012-10-20 12:00:00,350,41.35741,0.4809
-1.0,-1.0,21.5,74.0,-1.0,4.9,122.0,-1.0,-1.0,WJ,2012-10-20 12:00:00,141,41.1223,0.72182
-1.0,-1.0,23.3,62.0,-1.0,2.5,62.0,-1.0,-1.0,WK,2012-10-20 12:00:00,268,41.81949,0.57768
-1.0,-1.0,22.5,63.0,-1.0,5.5,103.0,-1.0,-1.0,WL,2012-10-20 12:00:00,413,41.57236,1.0882
3.5,122.0,16.6,83.0,-1.0,-1.0,-1.0,-1.0,-1.0,WM,2012-10-20 12:00:00,1167,42.10736,1.8267
-1.0,-1.0,16.1,96.0,-1.0,-1.0,-1.0,4.0,109.0,WN,2012-10-20 12:00:00,916,41.59539,1.83751
-1.0,-1.0,21.8,73.0,-1.0,-1.0,-1.0,-1.0,-1.0,WO,2012-10-20 12:00:00,185,41.27151,1.46717
-1.0,-1.0,20.6,85.0,-1.0,2.8,96.0,-1.0,-1.0,WP,2012-10-20 12:00:00,325,41.48518,1.69337
12.8,132.0,12.6,94.0,839.2,-1.0,-1.0,-1.0,-1.0,WQ,2012-10-20 12:00:00,1572,42.0513,0.72952
-1.0,-1.0,20.4,86.0,-1.0,2.5,120.0,-1.0,-1.0,WR,2012-10-20 12:00:00,300,41.2163,0.79748
3.9,102.0,15.6,96.0,905.2,-1.0,-1.0,-1.0,-1.0,WS,2012-10-20 12:00:00,953,41.84008,2.41877
3.7,73.0,23.6,88.0,1011.9,-1.0,-1.0,-1.0,-1.0,WT,2012-10-20 12:00:00,2,41.64707,2.75658
-1.0,-1.0,21.9,88.0,1006.3,-1.0,-1.0,7.1,55.0,WU,2012-10-20 12:00:00,42,41.45215,2.24757
1.1,285.0,17.8,88.0,924.2,-1.0,-1.0,-1.0,-1.0,WV,2012-10-20 12:00:00,788,42.23414,1.87485
-1.0,-1.0,23.3,62.0,-1.0,-1.0,-1.0,-1.0,-1.0,WW,2012-10-20 12:00:00,278,41.79423,1.9368
-1.0,-1.0,20.1,70.0,-1.0,4.9,104.0,-1.0,-1.0,WX,2012-10-20 12:00:00,668,41.9178,0.88175
-1.0,-1.0,22.5,77.0,-1.0,1.5,76.0,-1.0,-1.0,WY,2012-10-20 12:00:00,164,41.43386,1.79429
3.4,92.0,23.2,82.0,1007.9,-1.0,-1.0,-1.0,-1.0,WZ,2012-10-20 12:00:00,17,41.20187,1.63346
-1.0,-1.0,20.2,89.0,-1.0,-1.0,-1.0,-1.0,-1.0,W1,2012-10-20 12:00:00,2,42.24726,3.09021
-1.0,-1.0,20.9,94.0,-1.0,-1.0,-1.0,-1.0,-1.0,W2,2012-10-20 12:00:00,7,42.18259,3.05783
-1.0,-1.0,21.0,87.0,-1.0,-1.0,-1.0,-1.0,-1.0,W3,2012-10-20 12:00:00,4,42.15006,3.06494
-1.0,-1.0,21.9,74.0,-1.0,4.5,93.0,-1.0,-1.0,W4,2012-10-20 12:00:00,240,41.36619,1.72857
-1.0,-1.0,22.3,66.0,-1.0,1.2,89.0,-1.0,-1.0,W5,2012-10-20 12:00:00,490,42.07683,1.31489
-1.0,-1.0,21.2,84.0,-1.0,1.8,100.0,-1.0,-1.0,W6,2012-10-20 12:00:00,158,41.13738,1.0187
-1.0,-1.0,21.1,73.0,-1.0,-1.0,-1.0,-1.0,-1.0,W8,2012-10-20 12:00:00,438,41.44237,1.15998
-1.0,-1.0,18.9,92.0,-1.0,0.8,259.0,-1.0,-1.0,W9,2012-10-20 12:00:00,461,42.14557,2.45451
7.9,94.0,17.8,86.0,922.2,-1.0,-1.0,-1.0,-1.0,XA,2012-10-20 12:00:00,785,41.60257,1.4007
-1.0,-1.0,18.5,87.0,-1.0,-1.0,-1.0,-1.0,-1.0,XB,2012-10-20 12:00:00,584,41.4779,1.53529
5.5,102.0,23.0,78.0,994.0,-1.0,-1.0,-1.0,-1.0,XC,2012-10-20 12:00:00,147,41.47892,1.97546
4.2,105.0,18.8,73.0,931.7,-1.0,-1.0,-1.0,-1.0,XD,2012-10-20 12:00:00,687,41.32,0.8857
5.1,80.0,22.7,85.0,1008.7,-1.0,-1.0,-1.0,-1.0,XE,2012-10-20 12:00:00,5,41.10393,1.201
6.3,75.0,21.7,83.0,981.0,-1.0,-1.0,-1.0,-1.0,XF,2012-10-20 12:00:00,258,41.56568,2.06952
5.5,87.0,22.9,72.0,997.4,-1.0,-1.0,-1.0,-1.0,XG,2012-10-20 12:00:00,123,41.56734,2.22619
-1.0,-1.0,21.5,58.0,934.3,-1.0,-1.0,-1.0,-1.0,XH,2012-10-20 12:00:00,679,42.40533,1.12993
-1.0,-1.0,23.5,56.0,980.4,5.2,116.0,-1.0,-1.0,XI,2012-10-20 12:00:00,247,41.61817,0.87182
3.5,131.0,23.2,71.0,1004.1,-1.0,-1.0,-1.0,-1.0,XJ,2012-10-20 12:00:00,72,41.98223,2.80686
10.1,103.0,11.7,100.0,-1.0,-1.0,-1.0,-1.0,-1.0,XK,2012-10-20 12:00:00,1668,41.77362,2.43774
5.3,76.0,22.9,87.0,-1.0,-1.0,-1.0,-1.0,-1.0,XL,2012-10-20 12:00:00,8,41.34045,2.08022
-1.0,-1.0,22.5,66.0,-1.0,5.7,119.0,-1.0,-1.0,XM,2012-10-20 12:00:00,235,41.59522,0.73507
-1.0,-1.0,24.2,64.0,-1.0,2.7,116.0,-1.0,-1.0,XN,2012-10-20 12:00:00,89,41.46379,0.42765
-1.0,-1.0,20.9,78.0,-1.0,-1.0,-1.0,-1.0,-1.0,XO,2012-10-20 12:00:00,499,41.93497,2.23987
-1.0,-1.0,18.6,96.0,-1.0,4.0,127.0,-1.0,-1.0,XP,2012-10-20 12:00:00,349,41.06581,0.43006
4.6,89.0,19.6,77.0,932.8,-1.0,-1.0,-1.0,-1.0,XT,2012-10-20 12:00:00,691,41.98766,1.51165
6.9,102.0,19.5,91.0,968.2,-1.0,-1.0,-1.0,-1.0,X1,2012-10-20 12:00:00,359,41.15374,0.81953
-1.0,-1.0,22.3,90.0,-1.0,-1.0,-1.0,-1.0,-1.0,X2,2012-10-20 12:00:00,7,41.38943,2.18847
12.4,91.0,21.7,70.0,965.4,-1.0,-1.0,-1.0,-1.0,X3,2012-10-20 12:00:00,370,41.74281,0.5358
4.2,75.0,22.4,88.0,1006.6,-1.0,-1.0,-1.0,-1.0,X4,2012-10-20 12:00:00,33,41.3839,2.16775
5.7,281.0,13.2,95.0,890.1,-1.0,-1.0,-1.0,-1.0,X5,2012-10-20 12:00:00,1055,40.79705,0.31822
-1.0,-1.0,22.4,65.0,-1.0,3.6,107.0,-1.0,-1.0,X6,2012-10-20 12:00:00,366,41.92173,1.02901
-1.0,-1.0,23.2,62.0,-1.0,6.0,125.0,-1.0,-1.0,X7,2012-10-20 12:00:00,215,41.51909,0.55314
5.0,77.0,22.0,83.0,1001.2,-1.0,-1.0,-1.0,-1.0,X8,2012-10-20 12:00:00,79,41.37919,2.1054
3.5,105.0,23.1,70.0,991.2,-1.0,-1.0,-1.0,-1.0,X9,2012-10-20 12:00:00,176,41.61265,2.16836
7.6,166.0,6.5,97.0,-1.0,-1.0,-1.0,-1.0,-1.0,ZB,2012-10-20 12:00:00,2451,42.51939,1.36597
10.1,78.0,7.4,98.0,-1.0,-1.0,-1.0,-1.0,-1.0,ZC,2012-10-20 12:00:00,2410,42.42117,2.24565
-1.0,-1.0,7.4,95.0,-1.0,-1.0,-1.0,5.9,102.0,Z1,2012-10-20 12:00:00,2266,42.64691,0.98486
-1.0,-1.0,5.7,98.0,-1.0,-1.0,-1.0,3.1,316.0,Z2,2012-10-20 12:00:00,2535,42.46602,0.88405
-1.0,-1.0,8.1,97.0,-1.0,-1.0,-1.0,1.5,133.0,Z3,2012-10-20 12:00:00,2230,42.46605,1.7785
-1.0,-1.0,6.7,100.0,-1.0,-1.0,-1.0,3.6,137.0,Z5,2012-10-20 12:00:00,2400,42.70029,1.27201
-1.0,-1.0,8.9,82.0,-1.0,-1.0,-1.0,2.9,52.0,Z6,2012-10-20 12:00:00,2228,42.77011,0.73198
3.1,243.0,6.0,98.0,-1.0,-1.0,-1.0,-1.0,-1.0,Z7,2012-10-20 12:00:00,2519,42.53412,1.05476
-1.0,-1.0,7.6,100.0,-1.0,-1.0,-1.0,14.5,119.0,Z8,2012-10-20 12:00:00,2316,42.18254,1.52407
10.0,113.0,8.3,97.0,-1.0,-1.0,-1.0,-1.0,-1.0,Z9,2012-10-20 12:00:00,2143,42.29265,1.71498
1.6,75.0,20.7,71.0,940.2,-1.0,-1.0,-1.0,-1.0,CC,2012-10-20 12:30:00,626,42.07398,2.20862
1.2,312.0,17.5,77.0,915.3,-1.0,-1.0,-1.0,-1.0,CD,2012-10-20 12:30:00,849,42.37083,1.43277
4.1,104.0,20.9,84.0,974.0,-1.0,-1.0,-1.0,-1.0,CE,2012-10-20 12:30:00,316,41.53109,1.80813
4.5,199.0,12.7,100.0,858.9,-1.0,-1.0,-1.0,-1.0,CG,2012-10-20 12:30:00,1405,42.37717,2.41456
2.5,50.0,15.3,95.0,916.6,-1.0,-1.0,-1.0,-1.0,CI,2012-10-20 12:30:00,852,42.25839,2.36429
3.0,19.0,19.5,78.0,946.6,-1.0,-1.0,-1.0,-1.0,CJ,2012-10-20 12:30:00,566.5,42.21624,1.33132
3.1,118.0,22.5,72.0,970.1,-1.0,-1.0,-1.0,-1.0,CL,2012-10-20 12:30:00,349,41.67399,1.76796
7.5,114.0,21.1,63.0,932.3,-1.0,-1.0,-1.0,-1.0,CP,2012-10-20 12:30:00,690,42.13924,1.03893
2.5,181.0,21.0,69.0,942.4,-1.0,-1.0,-1.0,-1.0,CQ,2012-10-20 12:30:00,594,41.99546,1.02569
2.9,79.0,18.7,82.0,914.1,-1.0,-1.0,-1.0,-1.0,CR,2012-10-20 12:30:00,873,42.08032,1.9624
1.4,170.0,19.2,68.0,916.9,-1.0,-1.0,-1.0,-1.0,CT,2012-10-20 12:30:00,823,42.39811,0.74362
1.3,14.0,12.6,89.0,896.6,-1.0,-1.0,-1.0,-1.0,CU,2012-10-20 12:30:00,1002,42.69856,0.79397
1.3,153.0,23.6,54.0,950.8,-1.0,-1.0,-1.0,-1.0,CV,2012-10-20 12:30:00,513.3,42.23939,0.96434
3.9,120.0,20.0,77.0,958.2,-1.0,-1.0,-1.0,-1.0,CW,2012-10-20 12:30:00,446,41.39241,1.09894
4.2,66.0,19.1,83.0,919.6,-1.0,-1.0,-1.0,-1.0,CY,2012-10-20 12:30:00,816,41.87813,2.17873
6.9,99.0,23.1,65.0,978.1,-1.0,-1.0,-1.0,-1.0,C6,2012-10-20 12:30:00,264,41.6566,0.95172
9.0,117.0,21.6,72.0,960.4,-1.0,-1.0,-1.0,-1.0,C7,2012-10-20 12:30:00,427,41.66695,1.16234
8.4,121.0,20.9,69.0,946.1,-1.0,-1.0,-1.0,-1.0,C8,2012-10-20 12:30:00,554,41.67555,1.29609
1.5,142.0,19.4,98.0,980.7,-1.0,-1.0,-1.0,-1.0,C9,2012-10-20 12:30:00,240,40.71825,0.39988
5.6,123.0,20.5,100.0,987.6,-1.0,-1.0,-1.0,-1.0,DB,2012-10-20 12:30:00,179,40.87287,0.71581
1.9,35.0,19.9,88.0,963.7,-1.0,-1.0,-1.0,-1.0,DC,2012-10-20 12:30:00,421.5,42.19144,2.48263
5.4,57.0,22.4,89.0,1005.9,-1.0,-1.0,-1.0,-1.0,DD,2012-10-20 12:30:00,44.5,41.51175,2.38674
1.7,103.0,21.9,90.0,1009.4,-1.0,-1.0,-1.0,-1.0,DF,2012-10-20 12:30:00,28.6,41.97751,3.03543
3.1,271.0,9.7,97.0,802.3,-1.0,-1.0,-1.0,-1.0,DG,2012-10-20 12:30:00,1971.4,42.39848,2.15517
5.7,79.0,19.9,88.0,963.2,-1.0,-1.0,-1.0,-1.0,DI,2012-10-20 12:30:00,415,41.43292,1.62386
3.0,103.0,21.1,94.0,992.1,-1.0,-1.0,-1.0,-1.0,DJ,2012-10-20 12:30:00,176,42.11653,2.78969
9.0,46.0,22.7,90.0,1009.1,-1.0,-1.0,-1.0,-1.0,DK,2012-10-20 12:30:00,2,41.14677,1.41846
4.7,81.0,22.4,96.0,1008.1,-1.0,-1.0,-1.0,-1.0,DL,2012-10-20 12:30:00,0.5,40.70719,0.83449
3.2,115.0,22.2,82.0,994.4,-1.0,-1.0,-1.0,-1.0,DN,2012-10-20 12:30:00,150,41.96095,2.63108
2.8,76.0,20.6,90.0,1010.6,-1.0,-1.0,-1.0,-1.0,DO,2012-10-20 12:30:00,14,41.80857,3.03241
3.4,36.0,15.9,81.0,889.7,-1.0,-1.0,-1.0,-1.0,DP,2012-10-20 12:30:00,1097,42.38605,1.8664
4.2,100.0,20.6,76.0,976.9,-1.0,-1.0,-1.0,-1.0,DQ,2012-10-20 12:30:00,287,41.30728,1.36259
-1.0,-1.0,19.1,89.0,962.1,-1.0,-1.0,-1.0,-1.0,D1,2012-10-20 12:30:00,404,41.28521,0.75383
-1.0,-1.0,21.6,78.0,970.8,-1.0,-1.0,-1.0,-1.0,D2,2012-10-20 12:30:00,343,41.59252,1.915
3.2,114.0,20.8,91.0,981.2,-1.0,-1.0,-1.0,-1.0,D3,2012-10-20 12:30:00,252,41.38197,1.93564
3.5,90.0,20.5,92.0,1010.1,-1.0,-1.0,-1.0,-1.0,D4,2012-10-20 12:30:00,24,42.27065,3.18165
6.5,76.0,19.2,94.0,963.6,-1.0,-1.0,-1.0,-1.0,D5,2012-10-20 12:30:00,411.2,41.41843,2.12388
8.0,166.0,18.3,99.0,990.4,-1.0,-1.0,-1.0,-1.0,D6,2012-10-20 12:30:00,196,42.43515,3.16622
3.1,125.0,19.9,95.0,1001.9,-1.0,-1.0,-1.0,-1.0,D7,2012-10-20 12:30:00,53,41.18499,0.59376
9.3,121.0,17.9,86.0,948.2,-1.0,-1.0,-1.0,-1.0,D8,2012-10-20 12:30:00,515,40.95134,0.30565
4.6,95.0,22.7,82.0,1002.8,-1.0,-1.0,-1.0,-1.0,D9,2012-10-20 12:30:00,59,41.21553,1.52121
6.2,109.0,21.8,73.0,971.9,-1.0,-1.0,-1.0,-1.0,H1,2012-10-20 12:30:00,333,41.58642,1.65306
2.5,161.0,24.5,59.0,985.7,-1.0,-1.0,-1.0,-1.0,R1,2012-10-20 12:30:00,210,41.70637,1.87276
5.9,95.0,21.5,86.0,996.1,-1.0,-1.0,-1.0,-1.0,VQ,2012-10-20 12:30:00,112,41.1713,1.16774
11.0,188.0,7.9,100.0,773.5,-1.0,-1.0,-1.0,-1.0,VS,2012-10-20 12:30:00,2247,42.63835,0.77889
-1.0,-1.0,21.8,89.0,1006.1,-1.0,-1.0,7.0,56.0,WU,2012-10-20 12:30:00,42,41.45215,2.24757
3.3,89.0,22.9,85.0,1007.6,-1.0,-1.0,-1.0,-1.0,WZ,2012-10-20 12:30:00,17,41.20187,1.63346
6.8,96.0,17.5,88.0,922.1,-1.0,-1.0,-1.0,-1.0,XA,2012-10-20 12:30:00,785,41.60257,1.4007
5.2,113.0,22.7,80.0,993.9,-1.0,-1.0,-1.0,-1.0,XC,2012-10-20 12:30:00,147,41.47892,1.97546
5.1,116.0,17.8,79.0,931.4,-1.0,-1.0,-1.0,-1.0,XD,2012-10-20 12:30:00,687,41.32,0.8857
5.4,75.0,22.5,89.0,1008.6,-1.0,-1.0,-1.0,-1.0,XE,2012-10-20 12:30:00,5,41.10393,1.201
7.2,88.0,21.5,84.0,980.8,-1.0,-1.0,-1.0,-1.0,XF,2012-10-20 12:30:00,258,41.56568,2.06952
5.9,92.0,22.7,73.0,997.2,-1.0,-1.0,-1.0,-1.0,XG,2012-10-20 12:30:00,123,41.56734,2.22619
-1.0,-1.0,21.8,56.0,934.0,-1.0,-1.0,-1.0,-1.0,XH,2012-10-20 12:30:00,679,42.40533,1.12993
2.7,116.0,23.6,70.0,1003.7,-1.0,-1.0,-1.0,-1.0,XJ,2012-10-20 12:30:00,72,41.98223,2.80686
9.9,99.0,11.7,100.0,-1.0,-1.0,-1.0,-1.0,-1.0,XK,2012-10-20 12:30:00,1668,41.77362,2.43774
5.1,81.0,22.9,87.0,-1.0,-1.0,-1.0,-1.0,-1.0,XL,2012-10-20 12:30:00,8,41.34045,2.08022
-1.0,-1.0,21.0,77.0,-1.0,-1.0,-1.0,-1.0,-1.0,XO,2012-10-20 12:30:00,499,41.93497,2.23987
-1.0,-1.0,18.6,95.0,-1.0,3.7,130.0,-1.0,-1.0,XP,2012-10-20 12:30:00,349,41.06581,0.43006
4.8,91.0,19.9,74.0,932.4,-1.0,-1.0,-1.0,-1.0,XT,2012-10-20 12:30:00,691,41.98766,1.51165
5.0,84.0,21.6,84.0,1001.0,-1.0,-1.0,-1.0,-1.0,X8,2012-10-20 12:30:00,79,41.37919,2.1054
8.9,173.0,6.4,97.0,-1.0,-1.0,-1.0,-1.0,-1.0,ZB,2012-10-20 12:30:00,2451,42.51939,1.36597
7.2,107.0,7.4,98.0,-1.0,-1.0,-1.0,-1.0,-1.0,ZC,2012-10-20 12:30:00,2410,42.42117,2.24565
-1.0,-1.0,7.5,96.0,-1.0,-1.0,-1.0,5.9,114.0,Z1,2012-10-20 12:30:00,2266,42.64691,0.98486
-1.0,-1.0,5.7,98.0,-1.0,-1.0,-1.0,2.8,304.0,Z2,2012-10-20 12:30:00,2535,42.46602,0.88405
-1.0,-1.0,7.9,97.0,-1.0,-1.0,-1.0,3.2,106.0,Z3,2012-10-20 12:30:00,2230,42.46605,1.7785
-1.0,-1.0,6.8,100.0,-1.0,-1.0,-1.0,3.5,139.0,Z5,2012-10-20 12:30:00,2400,42.70029,1.27201
-1.0,-1.0,9.2,81.0,-1.0,-1.0,-1.0,2.2,42.0,Z6,2012-10-20 12:30:00,2228,42.77011,0.73198
3.9,249.0,5.9,98.0,-1.0,-1.0,-1.0,-1.0,-1.0,Z7,2012-10-20 12:30:00,2519,42.53412,1.05476
-1.0,-1.0,7.7,100.0,-1.0,-1.0,-1.0,12.9,120.0,Z8,2012-10-20 12:30:00,2316,42.18254,1.52407
10.1,113.0,8.3,97.0,-1.0,-1.0,-1.0,-1.0,-1.0,Z9,2012-10-20 12:30:00,2143,42.29265,1.71498
2.1,84.0,20.7,69.0,940.0,-1.0,-1.0,-1.0,-1.0,CC,2012-10-20 13:00:00,626,42.07398,2.20862
1.5,26.0,18.2,72.0,914.9,-1.0,-1.0,-1.0,-1.0,CD,2012-10-20 13:00:00,849,42.37083,1.43277
4.2,99.0,20.6,87.0,973.7,-1.0,-1.0,-1.0,-1.0,CE,2012-10-20 13:00:00,316,41.53109,1.80813
4.5,187.0,12.7,100.0,858.8,-1.0,-1.0,-1.0,-1.0,CG,2012-10-20 13:00:00,1405,42.37717,2.41456
2.0,55.0,15.4,95.0,916.6,-1.0,-1.0,-1.0,-1.0,CI,2012-10-20 13:00:00,852,42.25839,2.36429
2.8,16.0,20.4,74.0,946.1,-1.0,-1.0,-1.0,-1.0,CJ,2012-10-20 13:00:00,566.5,42.21624,1.33132
3.2,122.0,22.1,74.0,970.2,-1.0,-1.0,-1.0,-1.0,CL,2012-10-20 13:00:00,349,41.67399,1.76796
8.0,105.0,21.5,61.0,931.7,-1.0,-1.0,-1.0,-1.0,CP,2012-10-20 13:00:00,690,42.13924,1.03893
2.5,197.0,20.6,69.0,941.9,-1.0,-1.0,-1.0,-1.0,CQ,2012-10-20 13:00:00,594,41.99546,1.02569
2.8,76.0,18.5,82.0,914.0,-1.0,-1.0,-1.0,-1.0,CR,2012-10-20 13:00:00,873,42.08032,1.9624
1.2,218.0,19.5,68.0,916.4,-1.0,-1.0,-1.0,-1.0,CT,2012-10-20 13:00:00,823,42.39811,0.74362
0.8,40.0,12.4,90.0,896.4,-1.0,-1.0,-1.0,-1.0,CU,2012-10-20 13:00:00,1002,42.69856,0.79397
2.3,166.0,23.5,53.0,950.0,-1.0,-1.0,-1.0,-1.0,CV,2012-10-20 13:00:00,513.3,42.23939,0.96434
4.9,116.0,18.5,88.0,957.9,-1.0,-1.0,-1.0,-1.0,CW,2012-10-20 13:00:00,446,41.39241,1.09894
4.6,63.0,18.1,86.0,919.7,-1.0,-1.0,-1.0,-1.0,CY,2012-10-20 13:00:00,816,41.87813,2.17873
7.8,100.0,23.1,67.0,977.6,-1.0,-1.0,-1.0,-1.0,C6,2012-10-20 13:00:00,264,41.6566,0.95172
9.3,110.0,21.4,74.0,960.2,-1.0,-1.0,-1.0,-1.0,C7,2012-10-20 13:00:00,427,41.66695,1.16234
7.5,115.0,20.3,73.0,946.1,-1.0,-1.0,-1.0,-1.0,C8,2012-10-20 13:00:00,554,41.67555,1.29609
1.0,182.0,19.3,98.0,980.1,-1.0,-1.0,-1.0,-1.0,C9,2012-10-20 13:00:00,240,40.71825,0.39988
5.9,120.0,20.5,100.0,987.2,-1.0,-1.0,-1.0,-1.0,DB,2012-10-20 13:00:00,179,40.87287,0.71581
2.0,17.0,19.6,94.0,963.5,-1.0,-1.0,-1.0,-1.0,DC,2012-10-20 13:00:00,421.5,42.19144,2.48263
5.0,55.0,22.3,89.0,1005.8,-1.0,-1.0,-1.0,-1.0,DD,2012-10-20 13:00:00,44.5,41.51175,2.38674
1.8,80.0,21.8,91.0,1009.1,-1.0,-1.0,-1.0,-1.0,DF,2012-10-20 13:00:00,28.6,41.97751,3.03543
3.2,287.0,9.4,97.0,802.2,-1.0,-1.0,-1.0,-1.0,DG,2012-10-20 13:00:00,1971.4,42.39848,2.15517
5.3,73.0,19.7,88.0,963.1,-1.0,-1.0,-1.0,-1.0,DI,2012-10-20 13:00:00,415,41.43292,1.62386
2.7,90.0,20.8,95.0,991.9,-1.0,-1.0,-1.0,-1.0,DJ,2012-10-20 13:00:00,176,42.11653,2.78969
8.2,44.0,22.5,92.0,1009.1,-1.0,-1.0,-1.0,-1.0,DK,2012-10-20 13:00:00,2,41.14677,1.41846
5.6,89.0,22.4,95.0,1007.5,-1.0,-1.0,-1.0,-1.0,DL,2012-10-20 13:00:00,0.5,40.70719,0.83449
2.8,127.0,22.4,81.0,994.2,-1.0,-1.0,-1.0,-1.0,DN,2012-10-20 13:00:00,150,41.96095,2.63108
2.6,81.0,20.6,90.0,1010.4,-1.0,-1.0,-1.0,-1.0,DO,2012-10-20 13:00:00,14,41.80857,3.03241
3.8,69.0,16.5,75.0,889.5,-1.0,-1.0,-1.0,-1.0,DP,2012-10-20 13:00:00,1097,42.38605,1.8664
3.7,99.0,20.0,82.0,976.9,-1.0,-1.0,-1.0,-1.0,DQ,2012-10-20 13:00:00,287,41.30728,1.36259
-1.0,-1.0,19.3,83.0,961.6,-1.0,-1.0,-1.0,-1.0,D1,2012-10-20 13:00:00,404,41.28521,0.75383
-1.0,-1.0,21.4,79.0,970.7,-1.0,-1.0,-1.0,-1.0,D2,2012-10-20 13:00:00,343,41.59252,1.915
3.2,105.0,20.6,90.0,980.9,-1.0,-1.0,-1.0,-1.0,D3,2012-10-20 13:00:00,252,41.38197,1.93564
3.3,95.0,20.4,93.0,1009.9,-1.0,-1.0,-1.0,-1.0,D4,2012-10-20 13:00:00,24,42.27065,3.18165
7.1,72.0,19.1,94.0,963.4,-1.0,-1.0,-1.0,-1.0,D5,2012-10-20 13:00:00,411.2,41.41843,2.12388
7.6,161.0,18.3,99.0,990.1,-1.0,-1.0,-1.0,-1.0,D6,2012-10-20 13:00:00,196,42.43515,3.16622
2.9,113.0,20.6,87.0,1001.6,-1.0,-1.0,-1.0,-1.0,D7,2012-10-20 13:00:00,53,41.18499,0.59376
6.7,123.0,17.7,89.0,948.4,-1.0,-1.0,-1.0,-1.0,D8,2012-10-20 13:00:00,515,40.95134,0.30565
4.1,96.0,22.6,84.0,1002.8,-1.0,-1.0,-1.0,-1.0,D9,2012-10-20 13:00:00,59,41.21553,1.52121
5.2,98.0,21.2,77.0,971.9,-1.0,-1.0,-1.0,-1.0,H1,2012-10-20 13:00:00,333,41.58642,1.65306
2.3,154.0,24.2,60.0,985.8,-1.0,-1.0,-1.0,-1.0,R1,2012-10-20 13:00:00,210,41.70637,1.87276
-1.0,-1.0,21.4,95.0,-1.0,4.5,88.0,-1.0,-1.0,UA,2012-10-20 13:00:00,93,40.9091,0.76943
-1.0,-1.0,20.2,87.0,-1.0,3.2,112.0,-1.0,-1.0,UB,2012-10-20 13:00:00,15,42.05398,3.06195
-1.0,-1.0,21.1,86.0,-1.0,0.9,69.0,-1.0,-1.0,UC,2012-10-20 13:00:00,60,41.97726,2.99705
-1.0,-1.0,21.0,92.0,-1.0,-1.0,-1.0,-1.0,-1.0,UD,2012-10-20 13:00:00,12,42.02895,3.06227
-1.0,-1.0,20.5,91.0,-1.0,-1.0,-1.0,-1.0,-1.0,UE,2012-10-20 13:00:00,4,42.02306,3.15719
-1.0,-1.0,17.5,100.0,-1.0,2.8,77.0,-1.0,-1.0,UF,2012-10-20 13:00:00,573,41.28832,1.90775
-1.0,-1.0,22.7,88.0,-1.0,2.3,58.0,-1.0,-1.0,UG,2012-10-20 13:00:00,3,41.29928,2.03787
-1.0,-1.0,18.6,87.0,-1.0,1.2,83.0,1.9,89.0,UH,2012-10-20 13:00:00,545,41.34171,1.48769
-1.0,-1.0,13.1,99.0,-1.0,0.3,288.0,-1.0,-1.0,UI,2012-10-20 13:00:00,1386,42.26477,1.76218
-1.0,-1.0,17.3,87.0,-1.0,4.5,84.0,6.6,92.0,UJ,2012-10-20 13:00:00,709,41.52879,1.3683
-1.0,-1.0,22.2,76.0,-1.0,1.1,293.0,-1.0,-1.0,UK,2012-10-20 13:00:00,161,41.27861,1.80479
-1.0,-1.0,20.7,82.0,-1.0,2.5,102.0,-1.0,-1.0,UL,2012-10-20 13:00:00,228,41.52911,0.75303
-1.0,-1.0,18.6,82.0,-1.0,4.0,115.0,-1.0,-1.0,UM,2012-10-20 13:00:00,505,41.35991,0.66789
-1.0,-1.0,21.3,91.0,-1.0,1.6,97.0,-1.0,-1.0,UN,2012-10-20 13:00:00,171,41.87449,2.92694
-1.0,-1.0,22.9,78.0,-1.0,-1.0,-1.0,-1.0,-1.0,UO,2012-10-20 13:00:00,97,41.91461,2.82069
2.2,72.0,21.8,87.0,1001.3,-1.0,-1.0,-1.0,-1.0,UP,2012-10-20 13:00:00,81,41.51773,2.37702
-1.0,-1.0,19.6,83.0,-1.0,1.8,73.0,-1.0,-1.0,UQ,2012-10-20 13:00:00,460,41.61991,2.44532
-1.0,-1.0,21.2,97.0,-1.0,2.3,50.0,-1.0,-1.0,US,2012-10-20 13:00:00,24,40.55786,0.52329
6.8,89.0,21.8,95.0,1006.9,-1.0,-1.0,-1.0,-1.0,UU,2012-10-20 13:00:00,3,40.70776,0.6321
-1.0,-1.0,21.4,90.0,1007.5,3.5,94.0,-1.0,-1.0,UW,2012-10-20 13:00:00,0,40.62725,0.65922
-1.0,-1.0,19.7,98.0,-1.0,1.3,133.0,-1.0,-1.0,UX,2012-10-20 13:00:00,210,40.62652,0.37112
-1.0,-1.0,20.2,73.0,-1.0,2.4,97.0,4.6,103.0,UY,2012-10-20 13:00:00,576,41.87912,0.76103
-1.0,-1.0,20.4,94.0,-1.0,1.7,99.0,-1.0,-1.0,U1,2012-10-20 13:00:00,31,42.30648,2.95481
2.6,121.0,20.3,97.0,1012.4,-1.0,-1.0,-1.0,-1.0,U2,2012-10-20 13:00:00,4,42.17716,3.0968
-1.0,-1.0,21.0,76.0,-1.0,1.8,77.0,-1.0,-1.0,U3,2012-10-20 13:00:00,257,41.37491,1.63032
2.9,119.0,21.7,64.0,-1.0,1.5,120.0,-1.0,-1.0,U4,2012-10-20 13:00:00,507,41.83094,1.84699
-1.0,-1.0,15.0,92.0,-1.0,1.9,24.0,-1.0,-1.0,U5,2012-10-20 13:00:00,969,41.31349,0.99611
-1.0,-1.0,21.8,93.0,-1.0,4.5,76.0,-1.0,-1.0,U6,2012-10-20 13:00:00,29,41.08017,1.06661
-1.0,-1.0,21.7,83.0,-1.0,2.5,120.0,-1.0,-1.0,U7,2012-10-20 13:00:00,52,40.85936,0.50525
-1.0,-1.0,21.4,93.0,-1.0,2.2,72.0,-1.0,-1.0,U9,2012-10-20 13:00:00,62,40.76947,0.61635
-1.0,-1.0,19.7,90.0,-1.0,1.6,113.0,-1.0,-1.0,VA,2012-10-20 13:00:00,257,41.19645,0.51161
5.5,115.0,23.8,63.0,-1.0,-1.0,-1.0,-1.0,-1.0,VB,2012-10-20 13:00:00,32,41.06289,0.63517
-1.0,-1.0,20.5,87.0,-1.0,1.5,55.0,-1.0,-1.0,VC,2012-10-20 13:00:00,69,41.24415,0.43266
-1.0,-1.0,21.2,66.0,-1.0,2.5,111.0,-1.0,-1.0,VD,2012-10-20 13:00:00,429,41.68939,1.20381
-1.0,-1.0,22.5,74.0,-1.0,0.7,76.0,-1.0,-1.0,VE,2012-10-20 13:00:00,97,41.48692,0.46058
-1.0,-1.0,22.4,71.0,-1.0,1.7,75.0,-1.0,-1.0,VF,2012-10-20 13:00:00,122,41.56482,0.54999
-1.0,-1.0,21.1,76.0,-1.0,1.4,141.0,-1.0,-1.0,VH,2012-10-20 13:00:00,259,41.65814,0.39301
-1.0,-1.0,21.9,71.0,-1.0,2.7,106.0,-1.0,-1.0,VJ,2012-10-20 13:00:00,161,41.59957,0.6478
5.4,122.0,21.1,76.0,975.0,-1.0,-1.0,-1.0,-1.0,VK,2012-10-20 13:00:00,286,41.68328,0.4487
-1.0,-1.0,21.9,69.0,-1.0,3.5,109.0,-1.0,-1.0,VM,2012-10-20 13:00:00,222,41.7145,0.62839
-1.0,-1.0,22.4,83.0,-1.0,-1.0,-1.0,-1.0,-1.0,VN,2012-10-20 13:00:00,117,41.88244,2.74262
-1.0,-1.0,19.9,67.0,-1.0,2.5,97.0,-1.0,-1.0,VO,2012-10-20 13:00:00,785,42.08745,1.42792
-1.0,-1.0,19.7,74.0,-1.0,2.6,103.0,4.6,104.0,VP,2012-10-20 13:00:00,659,41.80483,1.53853
5.3,84.0,21.0,94.0,995.8,-1.0,-1.0,-1.0,-1.0,VQ,2012-10-20 13:00:00,112,41.1713,1.16774
-1.0,-1.0,22.8,67.0,-1.0,1.7,126.0,-1.0,-1.0,VR,2012-10-20 13:00:00,291,41.68994,1.04401
14.3,192.0,7.9,99.0,773.0,-1.0,-1.0,-1.0,-1.0,VS,2012-10-20 13:00:00,2247,42.63835,0.77889
-1.0,-1.0,22.3,76.0,-1.0,2.6,102.0,-1.0,-1.0,VT,2012-10-20 13:00:00,84,41.48401,2.12745
-1.0,-1.0,20.3,72.0,-1.0,3.1,76.0,-1.0,-1.0,VU,2012-10-20 13:00:00,421,41.63286,1.91718
1.7,111.0,19.7,86.0,-1.0,-1.0,-1.0,-1.0,-1.0,VV,2012-10-20 13:00:00,528,41.68129,2.02647
-1.0,-1.0,16.4,86.0,-1.0,2.8,123.0,-1.0,-1.0,VX,2012-10-20 13:00:00,1030,41.74761,2.30291
-1.0,-1.0,20.1,87.0,-1.0,-1.0,-1.0,-1.0,-1.0,VY,2012-10-20 13:00:00,240,41.25095,1.29863
-1.0,-1.0,20.8,89.0,-1.0,-1.0,-1.0,-1.0,-1.0,VZ,2012-10-20 13:00:00,83,42.38443,3.00736
-1.0,-1.0,22.6,66.0,-1.0,4.3,130.0,-1.0,-1.0,V1,2012-10-20 13:00:00,238,41.78487,0.82939
-1.0,-1.0,20.3,80.0,-1.0,2.9,82.0,-1.0,-1.0,V3,2012-10-20 13:00:00,509,41.95224,2.23271
-1.0,-1.0,20.0,73.0,935.1,-1.0,-1.0,1.0,121.0,V4,2012-10-20 13:00:00,684,42.11477,2.21483
-1.0,-1.0,18.8,78.0,-1.0,3.5,89.0,3.9,86.0,V5,2012-10-20 13:00:00,774,42.03947,2.11993
-1.0,-1.0,22.3,66.0,-1.0,2.4,97.0,-1.0,-1.0,V8,2012-10-20 13:00:00,223,41.67279,0.87741
-1.0,-1.0,21.8,64.0,-1.0,4.2,100.0,-1.0,-1.0,WA,2012-10-20 13:00:00,443,41.87694,1.1541
-1.0,-1.0,21.4,74.0,-1.0,4.8,105.0,-1.0,-1.0,WB,2012-10-20 13:00:00,267,41.76036,0.67022
-1.0,-1.0,21.8,69.0,-1.0,4.6,119.0,-1.0,-1.0,WC,2012-10-20 13:00:00,261,41.63642,0.92446
-1.0,-1.0,17.6,95.0,-1.0,1.5,165.0,-1.0,-1.0,WD,2012-10-20 13:00:00,382,41.08671,0.31884
-1.0,-1.0,21.7,79.0,-1.0,2.2,86.0,-1.0,-1.0,WE,2012-10-20 13:00:00,126,41.5444,2.30014
-1.0,-1.0,22.9,75.0,-1.0,-1.0,-1.0,-1.0,-1.0,WF,2012-10-20 13:00:00,108,41.95425,2.77578
-1.0,-1.0,21.4,70.0,-1.0,3.3,99.0,-1.0,-1.0,WG,2012-10-20 13:00:00,301,41.80104,0.64804
-1.0,-1.0,18.6,91.0,-1.0,2.5,143.0,-1.0,-1.0,WI,2012-10-20 13:00:00,350,41.35741,0.4809
-1.0,-1.0,20.6,83.0,-1.0,2.2,166.0,-1.0,-1.0,WJ,2012-10-20 13:00:00,141,41.1223,0.72182
-1.0,-1.0,21.6,70.0,-1.0,1.9,70.0,-1.0,-1.0,WK,2012-10-20 13:00:00,268,41.81949,0.57768
-1.0,-1.0,20.8,77.0,-1.0,5.4,97.0,-1.0,-1.0,WL,2012-10-20 13:00:00,413,41.57236,1.0882
3.5,112.0,16.0,84.0,-1.0,-1.0,-1.0,-1.0,-1.0,WM,2012-10-20 13:00:00,1167,42.10736,1.8267
-1.0,-1.0,15.8,97.0,-1.0,-1.0,-1.0,4.9,103.0,WN,2012-10-20 13:00:00,916,41.59539,1.83751
-1.0,-1.0,21.2,78.0,-1.0,-1.0,-1.0,-1.0,-1.0,WO,2012-10-20 13:00:00,185,41.27151,1.46717
-1.0,-1.0,20.1,89.0,-1.0,2.9,90.0,-1.0,-1.0,WP,2012-10-20 13:00:00,325,41.48518,1.69337
11.3,136.0,12.3,95.0,838.7,-1.0,-1.0,-1.0,-1.0,WQ,2012-10-20 13:00:00,1572,42.0513,0.72952
-1.0,-1.0,20.0,86.0,-1.0,2.4,115.0,-1.0,-1.0,WR,2012-10-20 13:00:00,300,41.2163,0.79748
2.8,104.0,15.6,96.0,905.1,-1.0,-1.0,-1.0,-1.0,WS,2012-10-20 13:00:00,953,41.84008,2.41877
3.5,69.0,22.4,92.0,1011.6,-1.0,-1.0,-1.0,-1.0,WT,2012-10-20 13:00:00,2,41.64707,2.75658
-1.0,-1.0,21.9,88.0,1005.8,-1.0,-1.0,6.6,53.0,WU,2012-10-20 13:00:00,42,41.45215,2.24757
1.4,272.0,18.1,85.0,923.8,-1.0,-1.0,-1.0,-1.0,WV,2012-10-20 13:00:00,788,42.23414,1.87485
-1.0,-1.0,23.0,62.0,-1.0,-1.0,-1.0,-1.0,-1.0,WW,2012-10-20 13:00:00,278,41.79423,1.9368
-1.0,-1.0,19.6,71.0,-1.0,4.5,106.0,-1.0,-1.0,WX,2012-10-20 13:00:00,668,41.9178,0.88175
-1.0,-1.0,22.0,78.0,-1.0,1.7,81.0,-1.0,-1.0,WY,2012-10-20 13:00:00,164,41.43386,1.79429
2.3,95.0,22.7,85.0,1007.6,-1.0,-1.0,-1.0,-1.0,WZ,2012-10-20 13:00:00,17,41.20187,1.63346
-1.0,-1.0,20.2,90.0,-1.0,-1.0,-1.0,-1.0,-1.0,W1,2012-10-20 13:00:00,2,42.24726,3.09021
-1.0,-1.0,20.6,95.0,-1.0,-1.0,-1.0,-1.0,-1.0,W2,2012-10-20 13:00:00,7,42.18259,3.05783
-1.0,-1.0,20.9,87.0,-1.0,-1.0,-1.0,-1.0,-1.0,W3,2012-10-20 13:00:00,4,42.15006,3.06494
-1.0,-1.0,21.4,75.0,-1.0,3.8,91.0,-1.0,-1.0,W4,2012-10-20 13:00:00,240,41.36619,1.72857
-1.0,-1.0,22.1,67.0,-1.0,1.2,82.0,-1.0,-1.0,W5,2012-10-20 13:00:00,490,42.07683,1.31489
-1.0,-1.0,20.6,90.0,-1.0,1.8,93.0,-1.0,-1.0,W6,2012-10-20 13:00:00,158,41.13738,1.0187
-1.0,-1.0,19.4,86.0,-1.0,-1.0,-1.0,-1.0,-1.0,W8,2012-10-20 13:00:00,438,41.44237,1.15998
-1.0,-1.0,19.0,94.0,-1.0,0.5,2.0,-1.0,-1.0,W9,2012-10-20 13:00:00,461,42.14557,2.45451
6.1,96.0,17.2,90.0,922.1,-1.0,-1.0,-1.0,-1.0,XA,2012-10-20 13:00:00,785,41.60257,1.4007
-1.0,-1.0,18.0,90.0,-1.0,-1.0,-1.0,-1.0,-1.0,XB,2012-10-20 13:00:00,584,41.4779,1.53529
5.5,107.0,22.3,81.0,993.7,-1.0,-1.0,-1.0,-1.0,XC,2012-10-20 13:00:00,147,41.47892,1.97546
7.1,131.0,17.5,78.0,931.2,-1.0,-1.0,-1.0,-1.0,XD,2012-10-20 13:00:00,687,41.32,0.8857
4.8,70.0,22.0,92.0,1008.2,-1.0,-1.0,-1.0,-1.0,XE,2012-10-20 13:00:00,5,41.10393,1.201
6.8,84.0,21.5,84.0,980.7,-1.0,-1.0,-1.0,-1.0,XF,2012-10-20 13:00:00,258,41.56568,2.06952
4.6,87.0,22.9,71.0,997.1,-1.0,-1.0,-1.0,-1.0,XG,2012-10-20 13:00:00,123,41.56734,2.22619
-1.0,-1.0,21.5,57.0,933.6,-1.0,-1.0,-1.0,-1.0,XH,2012-10-20 13:00:00,679,42.40533,1.12993
-1.0,-1.0,21.8,69.0,980.0,5.1,122.0,-1.0,-1.0,XI,2012-10-20 13:00:00,247,41.61817,0.87182
3.2,102.0,23.3,72.0,1003.5,-1.0,-1.0,-1.0,-1.0,XJ,2012-10-20 13:00:00,72,41.98223,2.80686
9.6,96.0,11.5,100.0,-1.0,-1.0,-1.0,-1.0,-1.0,XK,2012-10-20 13:00:00,1668,41.77362,2.43774
5.9,75.0,22.4,88.0,-1.0,-1.0,-1.0,-1.0,-1.0,XL,2012-10-20 13:00:00,8,41.34045,2.08022
-1.0,-1.0,20.8,78.0,-1.0,4.9,119.0,-1.0,-1.0,XM,2012-10-20 13:00:00,235,41.59522,0.73507
-1.0,-1.0,21.7,80.0,-1.0,1.6,145.0,-1.0,-1.0,XN,2012-10-20 13:00:00,89,41.46379,0.42765
-1.0,-1.0,20.7,78.0,-1.0,-1.0,-1.0,-1.0,-1.0,XO,2012-10-20 13:00:00,499,41.93497,2.23987
-1.0,-1.0,19.0,91.0,-1.0,3.0,123.0,-1.0,-1.0,XP,2012-10-20 13:00:00,349,41.06581,0.43006
6.0,97.0,19.8,75.0,932.2,-1.0,-1.0,-1.0,-1.0,XT,2012-10-20 13:00:00,691,41.98766,1.51165
6.5,102.0,19.3,90.0,967.4,-1.0,-1.0,-1.0,-1.0,X1,2012-10-20 13:00:00,359,41.15374,0.81953
-1.0,-1.0,22.0,91.0,-1.0,-1.0,-1.0,-1.0,-1.0,X2,2012-10-20 13:00:00,7,41.38943,2.18847
9.4,102.0,20.7,74.0,965.3,-1.0,-1.0,-1.0,-1.0,X3,2012-10-20 13:00:00,370,41.74281,0.5358
4.2,71.0,22.1,89.0,1006.2,-1.0,-1.0,-1.0,-1.0,X4,2012-10-20 13:00:00,33,41.3839,2.16775
5.5,267.0,13.2,95.0,889.7,-1.0,-1.0,-1.0,-1.0,X5,2012-10-20 13:00:00,1055,40.79705,0.31822
-1.0,-1.0,22.3,65.0,-1.0,3.8,120.0,-1.0,-1.0,X6,2012-10-20 13:00:00,366,41.92173,1.02901
-1.0,-1.0,21.4,75.0,-1.0,4.6,113.0,-1.0,-1.0,X7,2012-10-20 13:00:00,215,41.51909,0.55314
5.9,79.0,21.5,83.0,1000.7,-1.0,-1.0,-1.0,-1.0,X8,2012-10-20 13:00:00,79,41.37919,2.1054
2.9,96.0,22.4,71.0,991.0,-1.0,-1.0,-1.0,-1.0,X9,2012-10-20 13:00:00,176,41.61265,2.16836
8.5,169.0,6.4,97.0,-1.0,-1.0,-1.0,-1.0,-1.0,ZB,2012-10-20 13:00:00,2451,42.51939,1.36597
8.8,81.0,7.4,98.0,-1.0,-1.0,-1.0,-1.0,-1.0,ZC,2012-10-20 13:00:00,2410,42.42117,2.24565
-1.0,-1.0,7.5,96.0,-1.0,-1.0,-1.0,5.5,115.0,Z1,2012-10-20 13:00:00,2266,42.64691,0.98486
-1.0,-1.0,5.7,98.0,-1.0,-1.0,-1.0,5.2,13.0,Z2,2012-10-20 13:00:00,2535,42.46602,0.88405
-1.0,-1.0,7.7,97.0,-1.0,-1.0,-1.0,3.0,116.0,Z3,2012-10-20 13:00:00,2230,42.46605,1.7785
-1.0,-1.0,6.9,100.0,-1.0,-1.0,-1.0,4.8,128.0,Z5,2012-10-20 13:00:00,2400,42.70029,1.27201
-1.0,-1.0,9.4,79.0,-1.0,-1.0,-1.0,2.8,64.0,Z6,2012-10-20 13:00:00,2228,42.77011,0.73198
4.5,254.0,6.0,98.0,-1.0,-1.0,-1.0,-1.0,-1.0,Z7,2012-10-20 13:00:00,2519,42.53412,1.05476
-1.0,-1.0,7.8,100.0,-1.0,-1.0,-1.0,13.7,121.0,Z8,2012-10-20 13:00:00,2316,42.18254,1.52407
9.7,111.0,8.4,97.0,-1.0,-1.0,-1.0,-1.0,-1.0,Z9,2012-10-20 13:00:00,2143,42.29265,1.71498
1.5,110.0,20.3,69.0,940.1,-1.0,-1.0,-1.0,-1.0,CC,2012-10-20 13:30:00,626,42.07398,2.20862
1.0,248.0,18.7,72.0,914.4,-1.0,-1.0,-1.0,-1.0,CD,2012-10-20 13:30:00,849,42.37083,1.43277
3.8,96.0,20.5,86.0,973.6,-1.0,-1.0,-1.0,-1.0,CE,2012-10-20 13:30:00,316,41.53109,1.80813
4.7,194.0,12.6,100.0,858.7,-1.0,-1.0,-1.0,-1.0,CG,2012-10-20 13:30:00,1405,42.37717,2.41456
1.8,36.0,15.5,95.0,916.5,-1.0,-1.0,-1.0,-1.0,CI,2012-10-20 13:30:00,852,42.25839,2.36429
2.2,14.0,20.0,76.0,945.6,-1.0,-1.0,-1.0,-1.0,CJ,2012-10-20 13:30:00,566.5,42.21624,1.33132
3.2,108.0,21.7,74.0,970.0,-1.0,-1.0,-1.0,-1.0,CL,2012-10-20 13:30:00,349,41.67399,1.76796
6.7,114.0,21.2,62.0,931.5,-1.0,-1.0,-1.0,-1.0,CP,2012-10-20 13:30:00,690,42.13924,1.03893
3.3,166.0,20.5,70.0,941.7,-1.0,-1.0,-1.0,-1.0,CQ,2012-10-20 13:30:00,594,41.99546,1.02569
3.0,73.0,18.1,82.0,914.1,-1.0,-1.0,-1.0,-1.0,CR,2012-10-20 13:30:00,873,42.08032,1.9624
2.0,158.0,19.6,66.0,915.9,-1.0,-1.0,-1.0,-1.0,CT,2012-10-20 13:30:00,823,42.39811,0.74362
0.9,3.0,12.2,91.0,896.2,-1.0,-1.0,-1.0,-1.0,CU,2012-10-20 13:30:00,1002,42.69856,0.79397
1.8,178.0,23.2,53.0,949.9,-1.0,-1.0,-1.0,-1.0,CV,2012-10-20 13:30:00,513.3,42.23939,0.96434
4.6,115.0,18.5,89.0,957.8,-1.0,-1.0,-1.0,-1.0,CW,2012-10-20 13:30:00,446,41.39241,1.09894
3.5,62.0,18.1,86.0,919.7,-1.0,-1.0,-1.0,-1.0,CY,2012-10-20 13:30:00,816,41.87813,2.17873
7.7,99.0,22.2,74.0,977.6,-1.0,-1.0,-1.0,-1.0,C6,2012-10-20 13:30:00,264,41.6566,0.95172
8.8,112.0,20.8,82.0,960.0,-1.0,-1.0,-1.0,-1.0,C7,2012-10-20 13:30:00,427,41.66695,1.16234
7.1,113.0,19.7,78.0,945.8,-1.0,-1.0,-1.0,-1.0,C8,2012-10-20 13:30:00,554,41.67555,1.29609
1.2,229.0,19.3,98.0,979.7,-1.0,-1.0,-1.0,-1.0,C9,2012-10-20 13:30:00,240,40.71825,0.39988
6.1,117.0,20.3,100.0,986.8,-1.0,-1.0,-1.0,-1.0,DB,2012-10-20 13:30:00,179,40.87287,0.71581
1.8,20.0,19.5,95.0,963.4,-1.0,-1.0,-1.0,-1.0,DC,2012-10-20 13:30:00,421.5,42.19144,2.48263
5.3,54.0,22.0,89.0,1005.6,-1.0,-1.0,-1.0,-1.0,DD,2012-10-20 13:30:00,44.5,41.51175,2.38674
2.8,57.0,21.1,93.0,1009.1,-1.0,-1.0,-1.0,-1.0,DF,2012-10-20 13:30:00,28.6,41.97751,3.03543
2.7,288.0,9.6,97.0,802.1,-1.0,-1.0,-1.0,-1.0,DG,2012-10-20 13:30:00,1971.4,42.39848,2.15517
5.6,77.0,19.6,88.0,963.0,-1.0,-1.0,-1.0,-1.0,DI,2012-10-20 13:30:00,415,41.43292,1.62386
3.0,86.0,20.6,95.0,991.9,-1.0,-1.0,-1.0,-1.0,DJ,2012-10-20 13:30:00,176,42.11653,2.78969
8.3,43.0,22.3,93.0,1008.8,-1.0,-1.0,-1.0,-1.0,DK,2012-10-20 13:30:00,2,41.14677,1.41846
5.7,93.0,22.6,93.0,1007.4,-1.0,-1.0,-1.0,-1.0,DL,2012-10-20 13:30:00,0.5,40.70719,0.83449
2.9,125.0,22.6,80.0,994.2,-1.0,-1.0,-1.0,-1.0,DN,2012-10-20 13:30:00,150,41.96095,2.63108
2.8,84.0,20.3,91.0,1010.4,-1.0,-1.0,-1.0,-1.0,DO,2012-10-20 13:30:00,14,41.80857,3.03241
5.3,97.0,16.9,71.0,889.4,-1.0,-1.0,-1.0,-1.0,DP,2012-10-20 13:30:00,1097,42.38605,1.8664
3.4,92.0,19.5,86.0,976.6,-1.0,-1.0,-1.0,-1.0,DQ,2012-10-20 13:30:00,287,41.30728,1.36259
-1.0,-1.0,19.4,80.0,961.1,-1.0,-1.0,-1.0,-1.0,D1,2012-10-20 13:30:00,404,41.28521,0.75383
-1.0,-1.0,20.9,80.0,970.6,-1.0,-1.0,-1.0,-1.0,D2,2012-10-20 13:30:00,343,41.59252,1.915
2.6,111.0,20.5,91.0,980.9,-1.0,-1.0,-1.0,-1.0,D3,2012-10-20 13:30:00,252,41.38197,1.93564
3.2,98.0,20.3,93.0,1009.7,-1.0,-1.0,-1.0,-1.0,D4,2012-10-20 13:30:00,24,42.27065,3.18165
7.8,74.0,19.0,94.0,963.2,-1.0,-1.0,-1.0,-1.0,D5,2012-10-20 13:30:00,411.2,41.41843,2.12388
6.8,171.0,18.2,99.0,990.0,-1.0,-1.0,-1.0,-1.0,D6,2012-10-20 13:30:00,196,42.43515,3.16622
3.2,117.0,20.9,82.0,1001.2,-1.0,-1.0,-1.0,-1.0,D7,2012-10-20 13:30:00,53,41.18499,0.59376
3.9,1.0,14.7,97.0,948.6,-1.0,-1.0,-1.0,-1.0,D8,2012-10-20 13:30:00,515,40.95134,0.30565
3.6,88.0,22.2,85.0,1002.6,-1.0,-1.0,-1.0,-1.0,D9,2012-10-20 13:30:00,59,41.21553,1.52121
5.0,103.0,21.0,78.0,971.7,-1.0,-1.0,-1.0,-1.0,H1,2012-10-20 13:30:00,333,41.58642,1.65306
1.5,92.0,23.4,64.0,985.6,-1.0,-1.0,-1.0,-1.0,R1,2012-10-20 13:30:00,210,41.70637,1.87276
5.7,78.0,20.9,99.0,995.4,-1.0,-1.0,-1.0,-1.0,VQ,2012-10-20 13:30:00,112,41.1713,1.16774
11.8,189.0,8.7,91.0,772.9,-1.0,-1.0,-1.0,-1.0,VS,2012-10-20 13:30:00,2247,42.63835,0.77889
-1.0,-1.0,21.9,88.0,1005.7,-1.0,-1.0,6.9,55.0,WU,2012-10-20 13:30:00,42,41.45215,2.24757
2.9,83.0,22.6,84.0,1007.4,-1.0,-1.0,-1.0,-1.0,WZ,2012-10-20 13:30:00,17,41.20187,1.63346
6.6,100.0,16.7,94.0,921.7,-1.0,-1.0,-1.0,-1.0,XA,2012-10-20 13:30:00,785,41.60257,1.4007
5.7,99.0,22.0,81.0,993.6,-1.0,-1.0,-1.0,-1.0,XC,2012-10-20 13:30:00,147,41.47892,1.97546
4.8,119.0,17.5,79.0,930.7,-1.0,-1.0,-1.0,-1.0,XD,2012-10-20 13:30:00,687,41.32,0.8857
5.2,73.0,21.9,93.0,1007.9,-1.0,-1.0,-1.0,-1.0,XE,2012-10-20 13:30:00,5,41.10393,1.201
6.6,81.0,21.2,83.0,980.4,-1.0,-1.0,-1.0,-1.0,XF,2012-10-20 13:30:00,258,41.56568,2.06952
5.1,85.0,22.4,72.0,996.8,-1.0,-1.0,-1.0,-1.0,XG,2012-10-20 13:30:00,123,41.56734,2.22619
-1.0,-1.0,21.7,54.0,933.0,-1.0,-1.0,-1.0,-1.0,XH,2012-10-20 13:30:00,679,42.40533,1.12993
3.0,101.0,22.9,74.0,1003.6,-1.0,-1.0,-1.0,-1.0,XJ,2012-10-20 13:30:00,72,41.98223,2.80686
10.4,92.0,11.3,100.0,-1.0,-1.0,-1.0,-1.0,-1.0,XK,2012-10-20 13:30:00,1668,41.77362,2.43774
5.7,75.0,22.3,89.0,-1.0,-1.0,-1.0,-1.0,-1.0,XL,2012-10-20 13:30:00,8,41.34045,2.08022
-1.0,-1.0,20.7,79.0,-1.0,-1.0,-1.0,-1.0,-1.0,XO,2012-10-20 13:30:00,499,41.93497,2.23987
-1.0,-1.0,18.5,94.0,-1.0,2.3,120.0,-1.0,-1.0,XP,2012-10-20 13:30:00,349,41.06581,0.43006
7.0,100.0,20.2,73.0,931.9,-1.0,-1.0,-1.0,-1.0,XT,2012-10-20 13:30:00,691,41.98766,1.51165
5.8,80.0,21.2,85.0,1000.6,-1.0,-1.0,-1.0,-1.0,X8,2012-10-20 13:30:00,79,41.37919,2.1054
9.8,173.0,6.5,97.0,-1.0,-1.0,-1.0,-1.0,-1.0,ZB,2012-10-20 13:30:00,2451,42.51939,1.36597
11.4,82.0,7.1,99.0,-1.0,-1.0,-1.0,-1.0,-1.0,ZC,2012-10-20 13:30:00,2410,42.42117,2.24565
-1.0,-1.0,7.8,93.0,-1.0,-1.0,-1.0,5.9,105.0,Z1,2012-10-20 13:30:00,2266,42.64691,0.98486
-1.0,-1.0,5.9,97.0,-1.0,-1.0,-1.0,3.1,311.0,Z2,2012-10-20 13:30:00,2535,42.46602,0.88405
-1.0,-1.0,7.7,97.0,-1.0,-1.0,-1.0,3.3,112.0,Z3,2012-10-20 13:30:00,2230,42.46605,1.7785
-1.0,-1.0,7.0,100.0,-1.0,-1.0,-1.0,5.4,130.0,Z5,2012-10-20 13:30:00,2400,42.70029,1.27201
-1.0,-1.0,9.5,79.0,-1.0,-1.0,-1.0,3.2,67.0,Z6,2012-10-20 13:30:00,2228,42.77011,0.73198
4.9,261.0,6.0,98.0,-1.0,-1.0,-1.0,-1.0,-1.0,Z7,2012-10-20 13:30:00,2519,42.53412,1.05476
-1.0,-1.0,7.7,100.0,-1.0,-1.0,-1.0,16.4,120.0,Z8,2012-10-20 13:30:00,2316,42.18254,1.52407
11.6,110.0,8.4,97.0,-1.0,-1.0,-1.0,-1.0,-1.0,Z9,2012-10-20 13:30:00,2143,42.29265,1.71498
2.0,65.0,20.1,70.0,939.9,-1.0,-1.0,-1.0,-1.0,CC,2012-10-20 14:00:00,626,42.07398,2.20862
1.2,0.0,18.6,70.0,914.1,-1.0,-1.0,-1.0,-1.0,CD,2012-10-20 14:00:00,849,42.37083,1.43277
4.5,96.0,20.4,85.0,973.6,-1.0,-1.0,-1.0,-1.0,CE,2012-10-20 14:00:00,316,41.53109,1.80813
4.0,186.0,12.6,100.0,858.6,-1.0,-1.0,-1.0,-1.0,CG,2012-10-20 14:00:00,1405,42.37717,2.41456
1.6,52.0,15.4,95.0,916.5,-1.0,-1.0,-1.0,-1.0,CI,2012-10-20 14:00:00,852,42.25839,2.36429
1.5,7.0,20.4,76.0,945.3,-1.0,-1.0,-1.0,-1.0,CJ,2012-10-20 14:00:00,566.5,42.21624,1.33132
3.5,117.0,21.5,74.0,969.9,-1.0,-1.0,-1.0,-1.0,CL,2012-10-20 14:00:00,349,41.67399,1.76796
8.2,113.0,20.9,62.0,931.3,-1.0,-1.0,-1.0,-1.0,CP,2012-10-20 14:00:00,690,42.13924,1.03893
4.2,172.0,20.3,70.0,941.7,-1.0,-1.0,-1.0,-1.0,CQ,2012-10-20 14:00:00,594,41.99546,1.02569
4.0,71.0,17.6,83.0,913.9,-1.0,-1.0,-1.0,-1.0,CR,2012-10-20 14:00:00,873,42.08032,1.9624
2.0,160.0,19.1,66.0,915.8,-1.0,-1.0,-1.0,-1.0,CT,2012-10-20 14:00:00,823,42.39811,0.74362
1.3,48.0,12.2,92.0,895.9,-1.0,-1.0,-1.0,-1.0,CU,2012-10-20 14:00:00,1002,42.69856,0.79397
2.2,135.0,23.2,51.0,949.7,-1.0,-1.0,-1.0,-1.0,CV,2012-10-20 14:00:00,513.3,42.23939,0.96434
3.4,105.0,18.4,89.0,957.7,-1.0,-1.0,-1.0,-1.0,CW,2012-10-20 14:00:00,446,41.39241,1.09894
4.0,62.0,17.8,87.0,919.4,-1.0,-1.0,-1.0,-1.0,CY,2012-10-20 14:00:00,816,41.87813,2.17873
7.3,105.0,21.2,83.0,978.0,-1.0,-1.0,-1.0,-1.0,C6,2012-10-20 14:00:00,264,41.6566,0.95172
7.9,109.0,20.1,88.0,960.1,-1.0,-1.0,-1.0,-1.0,C7,2012-10-20 14:00:00,427,41.66695,1.16234
6.3,111.0,19.5,80.0,945.7,-1.0,-1.0,-1.0,-1.0,C8,2012-10-20 14:00:00,554,41.67555,1.29609
3.0,202.0,18.4,99.0,979.6,-1.0,-1.0,-1.0,-1.0,C9,2012-10-20 14:00:00,240,40.71825,0.39988
5.3,109.0,20.4,100.0,986.7,-1.0,-1.0,-1.0,-1.0,DB,2012-10-20 14:00:00,179,40.87287,0.71581
2.0,20.0,19.3,95.0,963.4,-1.0,-1.0,-1.0,-1.0,DC,2012-10-20 14:00:00,421.5,42.19144,2.48263
5.5,56.0,21.9,89.0,1005.6,-1.0,-1.0,-1.0,-1.0,DD,2012-10-20 14:00:00,44.5,41.51175,2.38674
1.9,56.0,20.8,94.0,1009.2,-1.0,-1.0,-1.0,-1.0,DF,2012-10-20 14:00:00,28.6,41.97751,3.03543
3.3,296.0,9.4,97.0,802.0,-1.0,-1.0,-1.0,-1.0,DG,2012-10-20 14:00:00,1971.4,42.39848,2.15517
5.5,75.0,19.2,91.0,962.9,-1.0,-1.0,-1.0,-1.0,DI,2012-10-20 14:00:00,415,41.43292,1.62386
3.5,89.0,20.4,96.0,991.9,-1.0,-1.0,-1.0,-1.0,DJ,2012-10-20 14:00:00,176,42.11653,2.78969
8.1,42.0,22.1,93.0,1008.5,-1.0,-1.0,-1.0,-1.0,DK,2012-10-20 14:00:00,2,41.14677,1.41846
5.8,96.0,22.5,93.0,1007.1,-1.0,-1.0,-1.0,-1.0,DL,2012-10-20 14:00:00,0.5,40.70719,0.83449
2.3,117.0,22.4,82.0,994.2,-1.0,-1.0,-1.0,-1.0,DN,2012-10-20 14:00:00,150,41.96095,2.63108
2.8,74.0,20.1,91.0,1010.4,-1.0,-1.0,-1.0,-1.0,DO,2012-10-20 14:00:00,14,41.80857,3.03241
4.9,108.0,17.0,70.0,889.2,-1.0,-1.0,-1.0,-1.0,DP,2012-10-20 14:00:00,1097,42.38605,1.8664
3.7,86.0,19.2,86.0,976.5,-1.0,-1.0,-1.0,-1.0,DQ,2012-10-20 14:00:00,287,41.30728,1.36259
-1.0,-1.0,18.7,86.0,961.4,-1.0,-1.0,-1.0,-1.0,D1,2012-10-20 14:00:00,404,41.28521,0.75383
-1.0,-1.0,20.8,80.0,970.5,-1.0,-1.0,-1.0,-1.0,D2,2012-10-20 14:00:00,343,41.59252,1.915
2.6,126.0,20.3,92.0,981.0,-1.0,-1.0,-1.0,-1.0,D3,2012-10-20 14:00:00,252,41.38197,1.93564
4.0,102.0,20.3,93.0,1009.6,-1.0,-1.0,-1.0,-1.0,D4,2012-10-20 14:00:00,24,42.27065,3.18165
7.6,71.0,18.9,94.0,963.2,-1.0,-1.0,-1.0,-1.0,D5,2012-10-20 14:00:00,411.2,41.41843,2.12388
6.7,175.0,18.2,99.0,990.0,-1.0,-1.0,-1.0,-1.0,D6,2012-10-20 14:00:00,196,42.43515,3.16622
2.4,119.0,21.0,80.0,1001.1,-1.0,-1.0,-1.0,-1.0,D7,2012-10-20 14:00:00,53,41.18499,0.59376
3.6,315.0,13.4,98.0,948.7,-1.0,-1.0,-1.0,-1.0,D8,2012-10-20 14:00:00,515,40.95134,0.30565
3.3,82.0,22.1,85.0,1002.4,-1.0,-1.0,-1.0,-1.0,D9,2012-10-20 14:00:00,59,41.21553,1.52121
4.7,98.0,20.7,80.0,971.6,-1.0,-1.0,-1.0,-1.0,H1,2012-10-20 14:00:00,333,41.58642,1.65306
2.0,148.0,23.0,65.0,985.5,-1.0,-1.0,-1.0,-1.0,R1,2012-10-20 14:00:00,210,41.70637,1.87276
-1.0,-1.0,21.5,94.0,-1.0,4.6,82.0,-1.0,-1.0,UA,2012-10-20 14:00:00,93,40.9091,0.76943
-1.0,-1.0,19.8,87.0,-1.0,3.0,110.0,-1.0,-1.0,UB,2012-10-20 14:00:00,15,42.05398,3.06195
-1.0,-1.0,20.3,89.0,-1.0,0.9,59.0,-1.0,-1.0,UC,2012-10-20 14:00:00,60,41.97726,2.99705
-1.0,-1.0,20.6,92.0,-1.0,-1.0,-1.0,-1.0,-1.0,UD,2012-10-20 14:00:00,12,42.02895,3.06227
-1.0,-1.0,20.3,92.0,-1.0,-1.0,-1.0,-1.0,-1.0,UE,2012-10-20 14:00:00,4,42.02306,3.15719
-1.0,-1.0,17.5,100.0,-1.0,2.6,74.0,-1.0,-1.0,UF,2012-10-20 14:00:00,573,41.28832,1.90775
-1.0,-1.0,22.3,90.0,-1.0,2.3,60.0,-1.0,-1.0,UG,2012-10-20 14:00:00,3,41.29928,2.03787
-1.0,-1.0,17.9,92.0,-1.0,1.0,65.0,1.6,73.0,UH,2012-10-20 14:00:00,545,41.34171,1.48769
-1.0,-1.0,13.0,99.0,-1.0,0.2,71.0,-1.0,-1.0,UI,2012-10-20 14:00:00,1386,42.26477,1.76218
-1.0,-1.0,16.7,90.0,-1.0,4.5,87.0,6.8,95.0,UJ,2012-10-20 14:00:00,709,41.52879,1.3683
-1.0,-1.0,21.6,79.0,-1.0,1.3,306.0,-1.0,-1.0,UK,2012-10-20 14:00:00,161,41.27861,1.80479
-1.0,-1.0,20.2,84.0,-1.0,3.6,99.0,-1.0,-1.0,UL,2012-10-20 14:00:00,228,41.52911,0.75303
-1.0,-1.0,18.4,80.0,-1.0,3.6,127.0,-1.0,-1.0,UM,2012-10-20 14:00:00,505,41.35991,0.66789
-1.0,-1.0,20.7,94.0,-1.0,1.2,92.0,-1.0,-1.0,UN,2012-10-20 14:00:00,171,41.87449,2.92694
-1.0,-1.0,22.1,82.0,-1.0,-1.0,-1.0,-1.0,-1.0,UO,2012-10-20 14:00:00,97,41.91461,2.82069
2.0,73.0,21.8,86.0,1001.2,-1.0,-1.0,-1.0,-1.0,UP,2012-10-20 14:00:00,81,41.51773,2.37702
-1.0,-1.0,19.0,85.0,-1.0,1.9,71.0,-1.0,-1.0,UQ,2012-10-20 14:00:00,460,41.61991,2.44532
-1.0,-1.0,20.3,96.0,-1.0,1.6,172.0,-1.0,-1.0,US,2012-10-20 14:00:00,24,40.55786,0.52329
6.8,104.0,22.0,90.0,1006.4,-1.0,-1.0,-1.0,-1.0,UU,2012-10-20 14:00:00,3,40.70776,0.6321
-1.0,-1.0,21.5,87.0,1007.0,5.2,115.0,-1.0,-1.0,UW,2012-10-20 14:00:00,0,40.62725,0.65922
-1.0,-1.0,18.2,100.0,-1.0,0.7,239.0,-1.0,-1.0,UX,2012-10-20 14:00:00,210,40.62652,0.37112
-1.0,-1.0,18.8,82.0,-1.0,2.2,101.0,3.7,114.0,UY,2012-10-20 14:00:00,576,41.87912,0.76103
-1.0,-1.0,20.2,95.0,-1.0,1.1,111.0,-1.0,-1.0,U1,2012-10-20 14:00:00,31,42.30648,2.95481
1.8,127.0,20.1,97.0,1012.3,-1.0,-1.0,-1.0,-1.0,U2,2012-10-20 14:00:00,4,42.17716,3.0968
-1.0,-1.0,20.4,78.0,-1.0,1.6,82.0,-1.0,-1.0,U3,2012-10-20 14:00:00,257,41.37491,1.63032
2.7,73.0,21.0,68.0,-1.0,1.8,80.0,-1.0,-1.0,U4,2012-10-20 14:00:00,507,41.83094,1.84699
-1.0,-1.0,14.8,94.0,-1.0,2.2,58.0,-1.0,-1.0,U5,2012-10-20 14:00:00,969,41.31349,0.99611
-1.0,-1.0,21.5,94.0,-1.0,4.2,77.0,-1.0,-1.0,U6,2012-10-20 14:00:00,29,41.08017,1.06661
-1.0,-1.0,22.4,80.0,-1.0,2.2,129.0,-1.0,-1.0,U7,2012-10-20 14:00:00,52,40.85936,0.50525
-1.0,-1.0,21.5,91.0,-1.0,2.1,79.0,-1.0,-1.0,U9,2012-10-20 14:00:00,62,40.76947,0.61635
-1.0,-1.0,19.5,89.0,-1.0,1.0,119.0,-1.0,-1.0,VA,2012-10-20 14:00:00,257,41.19645,0.51161
4.5,110.0,23.4,64.0,-1.0,-1.0,-1.0,-1.0,-1.0,VB,2012-10-20 14:00:00,32,41.06289,0.63517
-1.0,-1.0,16.1,91.0,-1.0,3.8,245.0,-1.0,-1.0,VC,2012-10-20 14:00:00,69,41.24415,0.43266
-1.0,-1.0,20.5,72.0,-1.0,1.9,109.0,-1.0,-1.0,VD,2012-10-20 14:00:00,429,41.68939,1.20381
-1.0,-1.0,20.6,88.0,-1.0,0.7,187.0,-1.0,-1.0,VE,2012-10-20 14:00:00,97,41.48692,0.46058
-1.0,-1.0,21.4,77.0,-1.0,1.7,64.0,-1.0,-1.0,VF,2012-10-20 14:00:00,122,41.56482,0.54999
-1.0,-1.0,19.8,84.0,-1.0,0.8,136.0,-1.0,-1.0,VH,2012-10-20 14:00:00,259,41.65814,0.39301
-1.0,-1.0,21.0,76.0,-1.0,2.5,83.0,-1.0,-1.0,VJ,2012-10-20 14:00:00,161,41.59957,0.6478
6.0,110.0,20.1,82.0,974.8,-1.0,-1.0,-1.0,-1.0,VK,2012-10-20 14:00:00,286,41.68328,0.4487
-1.0,-1.0,20.4,79.0,-1.0,3.4,112.0,-1.0,-1.0,VM,2012-10-20 14:00:00,222,41.7145,0.62839
-1.0,-1.0,21.7,86.0,-1.0,-1.0,-1.0,-1.0,-1.0,VN,2012-10-20 14:00:00,117,41.88244,2.74262
-1.0,-1.0,19.7,66.0,-1.0,3.2,87.0,-1.0,-1.0,VO,2012-10-20 14:00:00,785,42.08745,1.42792
-1.0,-1.0,19.2,76.0,-1.0,3.0,105.0,5.2,106.0,VP,2012-10-20 14:00:00,659,41.80483,1.53853
5.3,81.0,20.7,99.0,995.4,-1.0,-1.0,-1.0,-1.0,VQ,2012-10-20 14:00:00,112,41.1713,1.16774
-1.0,-1.0,22.2,72.0,-1.0,1.4,128.0,-1.0,-1.0,VR,2012-10-20 14:00:00,291,41.68994,1.04401
13.5,186.0,8.7,89.0,772.4,-1.0,-1.0,-1.0,-1.0,VS,2012-10-20 14:00:00,2247,42.63835,0.77889
-1.0,-1.0,22.1,76.0,-1.0,2.2,105.0,-1.0,-1.0,VT,2012-10-20 14:00:00,84,41.48401,2.12745
-1.0,-1.0,19.8,71.0,-1.0,3.2,75.0,-1.0,-1.0,VU,2012-10-20 14:00:00,421,41.63286,1.91718
1.3,147.0,19.0,89.0,-1.0,-1.0,-1.0,-1.0,-1.0,VV,2012-10-20 14:00:00,528,41.68129,2.02647
-1.0,-1.0,15.8,82.0,-1.0,3.1,100.0,-1.0,-1.0,VX,2012-10-20 14:00:00,1030,41.74761,2.30291
-1.0,-1.0,19.6,88.0,-1.0,-1.0,-1.0,-1.0,-1.0,VY,2012-10-20 14:00:00,240,41.25095,1.29863
-1.0,-1.0,20.6,89.0,-1.0,-1.0,-1.0,-1.0,-1.0,VZ,2012-10-20 14:00:00,83,42.38443,3.00736
-1.0,-1.0,21.7,72.0,-1.0,5.4,136.0,-1.0,-1.0,V1,2012-10-20 14:00:00,238,41.78487,0.82939
-1.0,-1.0,20.0,82.0,-1.0,3.0,59.0,-1.0,-1.0,V3,2012-10-20 14:00:00,509,41.95224,2.23271
-1.0,-1.0,19.6,73.0,934.9,-1.0,-1.0,0.8,122.0,V4,2012-10-20 14:00:00,684,42.11477,2.21483
-1.0,-1.0,18.4,80.0,-1.0,3.7,87.0,4.2,83.0,V5,2012-10-20 14:00:00,774,42.03947,2.11993
-1.0,-1.0,21.6,72.0,-1.0,2.7,92.0,-1.0,-1.0,V8,2012-10-20 14:00:00,223,41.67279,0.87741
-1.0,-1.0,21.9,63.0,-1.0,4.6,105.0,-1.0,-1.0,WA,2012-10-20 14:00:00,443,41.87694,1.1541
-1.0,-1.0,20.7,78.0,-1.0,5.4,117.0,-1.0,-1.0,WB,2012-10-20 14:00:00,267,41.76036,0.67022
-1.0,-1.0,20.7,77.0,-1.0,3.8,97.0,-1.0,-1.0,WC,2012-10-20 14:00:00,261,41.63642,0.92446
-1.0,-1.0,14.0,100.0,-1.0,1.7,316.0,-1.0,-1.0,WD,2012-10-20 14:00:00,382,41.08671,0.31884
-1.0,-1.0,21.4,79.0,-1.0,2.4,87.0,-1.0,-1.0,WE,2012-10-20 14:00:00,126,41.5444,2.30014
-1.0,-1.0,22.1,79.0,-1.0,-1.0,-1.0,-1.0,-1.0,WF,2012-10-20 14:00:00,108,41.95425,2.77578
-1.0,-1.0,20.1,80.0,-1.0,2.5,104.0,-1.0,-1.0,WG,2012-10-20 14:00:00,301,41.80104,0.64804
-1.0,-1.0,18.0,92.0,-1.0,1.7,140.0,-1.0,-1.0,WI,2012-10-20 14:00:00,350,41.35741,0.4809
-1.0,-1.0,20.5,83.0,-1.0,3.6,131.0,-1.0,-1.0,WJ,2012-10-20 14:00:00,141,41.1223,0.72182
-1.0,-1.0,19.8,84.0,-1.0,1.3,82.0,-1.0,-1.0,WK,2012-10-20 14:00:00,268,41.81949,0.57768
-1.0,-1.0,19.5,87.0,-1.0,3.8,93.0,-1.0,-1.0,WL,2012-10-20 14:00:00,413,41.57236,1.0882
4.3,126.0,15.6,84.0,-1.0,-1.0,-1.0,-1.0,-1.0,WM,2012-10-20 14:00:00,1167,42.10736,1.8267
-1.0,-1.0,15.5,98.0,-1.0,-1.0,-1.0,5.1,107.0,WN,2012-10-20 14:00:00,916,41.59539,1.83751
-1.0,-1.0,20.6,81.0,-1.0,-1.0,-1.0,-1.0,-1.0,WO,2012-10-20 14:00:00,185,41.27151,1.46717
-1.0,-1.0,19.7,91.0,-1.0,2.8,98.0,-1.0,-1.0,WP,2012-10-20 14:00:00,325,41.48518,1.69337
12.2,155.0,11.8,98.0,838.3,-1.0,-1.0,-1.0,-1.0,WQ,2012-10-20 14:00:00,1572,42.0513,0.72952
-1.0,-1.0,19.2,91.0,-1.0,2.2,122.0,-1.0,-1.0,WR,2012-10-20 14:00:00,300,41.2163,0.79748
3.4,108.0,15.4,96.0,904.8,-1.0,-1.0,-1.0,-1.0,WS,2012-10-20 14:00:00,953,41.84008,2.41877
4.2,62.0,21.8,95.0,1011.5,-1.0,-1.0,-1.0,-1.0,WT,2012-10-20 14:00:00,2,41.64707,2.75658
-1.0,-1.0,21.9,88.0,1005.6,-1.0,-1.0,7.5,56.0,WU,2012-10-20 14:00:00,42,41.45215,2.24757
2.2,89.0,18.4,79.0,923.4,-1.0,-1.0,-1.0,-1.0,WV,2012-10-20 14:00:00,788,42.23414,1.87485
-1.0,-1.0,22.7,62.0,-1.0,-1.0,-1.0,-1.0,-1.0,WW,2012-10-20 14:00:00,278,41.79423,1.9368
-1.0,-1.0,19.1,73.0,-1.0,5.3,111.0,-1.0,-1.0,WX,2012-10-20 14:00:00,668,41.9178,0.88175
-1.0,-1.0,21.6,79.0,-1.0,2.0,90.0,-1.0,-1.0,WY,2012-10-20 14:00:00,164,41.43386,1.79429
3.4,84.0,22.5,85.0,1007.3,-1.0,-1.0,-1.0,-1.0,WZ,2012-10-20 14:00:00,17,41.20187,1.63346
-1.0,-1.0,20.1,89.0,-1.0,-1.0,-1.0,-1.0,-1.0,W1,2012-10-20 14:00:00,2,42.24726,3.09021
-1.0,-1.0,20.1,96.0,-1.0,-1.0,-1.0,-1.0,-1.0,W2,2012-10-20 14:00:00,7,42.18259,3.05783
-1.0,-1.0,20.5,88.0,-1.0,-1.0,-1.0,-1.0,-1.0,W3,2012-10-20 14:00:00,4,42.15006,3.06494
-1.0,-1.0,20.9,76.0,-1.0,4.0,87.0,-1.0,-1.0,W4,2012-10-20 14:00:00,240,41.36619,1.72857
-1.0,-1.0,22.3,65.0,-1.0,1.8,108.0,-1.0,-1.0,W5,2012-10-20 14:00:00,490,42.07683,1.31489
-1.0,-1.0,20.4,91.0,-1.0,1.7,90.0,-1.0,-1.0,W6,2012-10-20 14:00:00,158,41.13738,1.0187
-1.0,-1.0,19.0,88.0,-1.0,-1.0,-1.0,-1.0,-1.0,W8,2012-10-20 14:00:00,438,41.44237,1.15998
-1.0,-1.0,19.0,94.0,-1.0,0.4,339.0,-1.0,-1.0,W9,2012-10-20 14:00:00,461,42.14557,2.45451
7.2,101.0,16.4,94.0,921.5,-1.0,-1.0,-1.0,-1.0,XA,2012-10-20 14:00:00,785,41.60257,1.4007
-1.0,-1.0,17.5,92.0,-1.0,-1.0,-1.0,-1.0,-1.0,XB,2012-10-20 14:00:00,584,41.4779,1.53529
4.8,106.0,21.8,80.0,993.6,-1.0,-1.0,-1.0,-1.0,XC,2012-10-20 14:00:00,147,41.47892,1.97546
5.9,113.0,17.9,76.0,930.4,-1.0,-1.0,-1.0,-1.0,XD,2012-10-20 14:00:00,687,41.32,0.8857
4.7,74.0,21.8,93.0,1008.0,-1.0,-1.0,-1.0,-1.0,XE,2012-10-20 14:00:00,5,41.10393,1.201
6.9,83.0,21.1,82.0,980.4,-1.0,-1.0,-1.0,-1.0,XF,2012-10-20 14:00:00,258,41.56568,2.06952
4.5,82.0,22.3,72.0,996.8,-1.0,-1.0,-1.0,-1.0,XG,2012-10-20 14:00:00,123,41.56734,2.22619
-1.0,-1.0,21.5,56.0,932.9,-1.0,-1.0,-1.0,-1.0,XH,2012-10-20 14:00:00,679,42.40533,1.12993
-1.0,-1.0,21.4,74.0,980.0,4.0,97.0,-1.0,-1.0,XI,2012-10-20 14:00:00,247,41.61817,0.87182
2.4,90.0,22.6,76.0,1003.6,-1.0,-1.0,-1.0,-1.0,XJ,2012-10-20 14:00:00,72,41.98223,2.80686
11.3,93.0,11.1,100.0,-1.0,-1.0,-1.0,-1.0,-1.0,XK,2012-10-20 14:00:00,1668,41.77362,2.43774
5.7,77.0,22.1,90.0,-1.0,-1.0,-1.0,-1.0,-1.0,XL,2012-10-20 14:00:00,8,41.34045,2.08022
-1.0,-1.0,19.9,84.0,-1.0,3.5,104.0,-1.0,-1.0,XM,2012-10-20 14:00:00,235,41.59522,0.73507
-1.0,-1.0,19.8,92.0,-1.0,0.7,142.0,-1.0,-1.0,XN,2012-10-20 14:00:00,89,41.46379,0.42765
-1.0,-1.0,20.5,80.0,-1.0,-1.0,-1.0,-1.0,-1.0,XO,2012-10-20 14:00:00,499,41.93497,2.23987
-1.0,-1.0,18.4,96.0,-1.0,1.8,137.0,-1.0,-1.0,XP,2012-10-20 14:00:00,349,41.06581,0.43006
6.5,92.0,20.2,75.0,931.7,-1.0,-1.0,-1.0,-1.0,XT,2012-10-20 14:00:00,691,41.98766,1.51165
8.2,105.0,19.0,93.0,967.0,-1.0,-1.0,-1.0,-1.0,X1,2012-10-20 14:00:00,359,41.15374,0.81953
-1.0,-1.0,21.9,91.0,-1.0,-1.0,-1.0,-1.0,-1.0,X2,2012-10-20 14:00:00,7,41.38943,2.18847
9.7,105.0,19.3,84.0,965.2,-1.0,-1.0,-1.0,-1.0,X3,2012-10-20 14:00:00,370,41.74281,0.5358
4.2,74.0,22.0,90.0,1006.2,-1.0,-1.0,-1.0,-1.0,X4,2012-10-20 14:00:00,33,41.3839,2.16775
2.9,276.0,13.3,95.0,890.1,-1.0,-1.0,-1.0,-1.0,X5,2012-10-20 14:00:00,1055,40.79705,0.31822
-1.0,-1.0,22.2,63.0,-1.0,5.1,123.0,-1.0,-1.0,X6,2012-10-20 14:00:00,366,41.92173,1.02901
-1.0,-1.0,20.8,78.0,-1.0,3.9,101.0,-1.0,-1.0,X7,2012-10-20 14:00:00,215,41.51909,0.55314
5.1,82.0,21.2,86.0,1000.6,-1.0,-1.0,-1.0,-1.0,X8,2012-10-20 14:00:00,79,41.37919,2.1054
2.3,74.0,21.5,75.0,990.8,-1.0,-1.0,-1.0,-1.0,X9,2012-10-20 14:00:00,176,41.61265,2.16836
10.2,176.0,6.5,97.0,-1.0,-1.0,-1.0,-1.0,-1.0,ZB,2012-10-20 14:00:00,2451,42.51939,1.36597
6.8,110.0,7.2,99.0,-1.0,-1.0,-1.0,-1.0,-1.0,ZC,2012-10-20 14:00:00,2410,42.42117,2.24565
-1.0,-1.0,7.8,95.0,-1.0,-1.0,-1.0,7.1,119.0,Z1,2012-10-20 14:00:00,2266,42.64691,0.98486
-1.0,-1.0,5.8,98.0,-1.0,-1.0,-1.0,3.4,325.0,Z2,2012-10-20 14:00:00,2535,42.46602,0.88405
-1.0,-1.0,7.6,97.0,-1.0,-1.0,-1.0,4.9,107.0,Z3,2012-10-20 14:00:00,2230,42.46605,1.7785
-1.0,-1.0,7.2,99.0,-1.0,-1.0,-1.0,5.4,127.0,Z5,2012-10-20 14:00:00,2400,42.70029,1.27201
-1.0,-1.0,9.7,77.0,-1.0,-1.0,-1.0,1.9,41.0,Z6,2012-10-20 14:00:00,2228,42.77011,0.73198
5.0,261.0,6.0,98.0,-1.0,-1.0,-1.0,-1.0,-1.0,Z7,2012-10-20 14:00:00,2519,42.53412,1.05476
-1.0,-1.0,7.7,100.0,-1.0,-1.0,-1.0,17.6,119.0,Z8,2012-10-20 14:00:00,2316,42.18254,1.52407
12.0,112.0,8.4,97.0,-1.0,-1.0,-1.0,-1.0,-1.0,Z9,2012-10-20 14:00:00,2143,42.29265,1.71498
1.0,77.0,19.9,71.0,939.8,-1.0,-1.0,-1.0,-1.0,CC,2012-10-20 14:30:00,626,42.07398,2.20862
1.1,57.0,18.7,71.0,914.2,-1.0,-1.0,-1.0,-1.0,CD,2012-10-20 14:30:00,849,42.37083,1.43277
4.2,101.0,20.2,85.0,973.7,-1.0,-1.0,-1.0,-1.0,CE,2012-10-20 14:30:00,316,41.53109,1.80813
5.1,189.0,12.6,100.0,858.5,-1.0,-1.0,-1.0,-1.0,CG,2012-10-20 14:30:00,1405,42.37717,2.41456
1.5,45.0,15.4,95.0,916.3,-1.0,-1.0,-1.0,-1.0,CI,2012-10-20 14:30:00,852,42.25839,2.36429
2.2,312.0,20.8,72.0,945.2,-1.0,-1.0,-1.0,-1.0,CJ,2012-10-20 14:30:00,566.5,42.21624,1.33132
3.6,115.0,21.3,74.0,970.0,-1.0,-1.0,-1.0,-1.0,CL,2012-10-20 14:30:00,349,41.67399,1.76796
7.6,118.0,20.8,63.0,931.4,-1.0,-1.0,-1.0,-1.0,CP,2012-10-20 14:30:00,690,42.13924,1.03893
3.8,168.0,20.5,67.0,942.0,-1.0,-1.0,-1.0,-1.0,CQ,2012-10-20 14:30:00,594,41.99546,1.02569
4.8,68.0,17.4,84.0,913.6,-1.0,-1.0,-1.0,-1.0,CR,2012-10-20 14:30:00,873,42.08032,1.9624
1.5,159.0,18.0,76.0,915.8,-1.0,-1.0,-1.0,-1.0,CT,2012-10-20 14:30:00,823,42.39811,0.74362
1.0,77.0,12.0,92.0,895.9,-1.0,-1.0,-1.0,-1.0,CU,2012-10-20 14:30:00,1002,42.69856,0.79397
0.8,175.0,22.9,54.0,949.7,-1.0,-1.0,-1.0,-1.0,CV,2012-10-20 14:30:00,513.3,42.23939,0.96434
3.3,99.0,18.2,88.0,957.6,-1.0,-1.0,-1.0,-1.0,CW,2012-10-20 14:30:00,446,41.39241,1.09894
4.3,66.0,17.5,87.0,919.3,-1.0,-1.0,-1.0,-1.0,CY,2012-10-20 14:30:00,816,41.87813,2.17873
6.4,84.0,20.7,87.0,977.8,-1.0,-1.0,-1.0,-1.0,C6,2012-10-20 14:30:00,264,41.6566,0.95172
7.9,106.0,19.7,92.0,960.1,-1.0,-1.0,-1.0,-1.0,C7,2012-10-20 14:30:00,427,41.66695,1.16234
6.2,108.0,18.6,85.0,945.9,-1.0,-1.0,-1.0,-1.0,C8,2012-10-20 14:30:00,554,41.67555,1.29609
2.3,178.0,17.9,100.0,979.6,-1.0,-1.0,-1.0,-1.0,C9,2012-10-20 14:30:00,240,40.71825,0.39988
5.7,114.0,20.4,100.0,986.5,-1.0,-1.0,-1.0,-1.0,DB,2012-10-20 14:30:00,179,40.87287,0.71581
1.9,26.0,19.0,96.0,963.2,-1.0,-1.0,-1.0,-1.0,DC,2012-10-20 14:30:00,421.5,42.19144,2.48263
6.0,59.0,22.0,89.0,1005.5,-1.0,-1.0,-1.0,-1.0,DD,2012-10-20 14:30:00,44.5,41.51175,2.38674
1.7,79.0,20.8,94.0,1008.9,-1.0,-1.0,-1.0,-1.0,DF,2012-10-20 14:30:00,28.6,41.97751,3.03543
3.3,304.0,9.4,97.0,801.8,-1.0,-1.0,-1.0,-1.0,DG,2012-10-20 14:30:00,1971.4,42.39848,2.15517
4.8,78.0,19.2,90.0,962.8,-1.0,-1.0,-1.0,-1.0,DI,2012-10-20 14:30:00,415,41.43292,1.62386
3.3,86.0,20.0,97.0,991.8,-1.0,-1.0,-1.0,-1.0,DJ,2012-10-20 14:30:00,176,42.11653,2.78969
10.3,45.0,22.2,92.0,1008.4,-1.0,-1.0,-1.0,-1.0,DK,2012-10-20 14:30:00,2,41.14677,1.41846
6.3,104.0,22.5,92.0,1006.9,-1.0,-1.0,-1.0,-1.0,DL,2012-10-20 14:30:00,0.5,40.70719,0.83449
2.7,117.0,21.9,83.0,994.0,-1.0,-1.0,-1.0,-1.0,DN,2012-10-20 14:30:00,150,41.96095,2.63108
3.4,76.0,19.9,92.0,1010.3,-1.0,-1.0,-1.0,-1.0,DO,2012-10-20 14:30:00,14,41.80857,3.03241
4.2,86.0,16.8,70.0,889.0,-1.0,-1.0,-1.0,-1.0,DP,2012-10-20 14:30:00,1097,42.38605,1.8664
4.3,79.0,19.2,85.0,976.2,-1.0,-1.0,-1.0,-1.0,DQ,2012-10-20 14:30:00,287,41.30728,1.36259
-1.0,-1.0,18.7,86.0,961.0,-1.0,-1.0,-1.0,-1.0,D1,2012-10-20 14:30:00,404,41.28521,0.75383
-1.0,-1.0,20.4,81.0,970.6,-1.0,-1.0,-1.0,-1.0,D2,2012-10-20 14:30:00,343,41.59252,1.915
2.4,113.0,20.2,92.0,980.9,-1.0,-1.0,-1.0,-1.0,D3,2012-10-20 14:30:00,252,41.38197,1.93564
4.9,98.0,20.3,93.0,1009.5,-1.0,-1.0,-1.0,-1.0,D4,2012-10-20 14:30:00,24,42.27065,3.18165
7.8,74.0,18.9,94.0,963.3,-1.0,-1.0,-1.0,-1.0,D5,2012-10-20 14:30:00,411.2,41.41843,2.12388
6.1,180.0,18.1,99.0,989.9,-1.0,-1.0,-1.0,-1.0,D6,2012-10-20 14:30:00,196,42.43515,3.16622
2.5,102.0,20.8,81.0,1001.2,-1.0,-1.0,-1.0,-1.0,D7,2012-10-20 14:30:00,53,41.18499,0.59376
3.3,303.0,13.3,98.0,948.5,-1.0,-1.0,-1.0,-1.0,D8,2012-10-20 14:30:00,515,40.95134,0.30565
4.6,82.0,22.1,84.0,1002.3,-1.0,-1.0,-1.0,-1.0,D9,2012-10-20 14:30:00,59,41.21553,1.52121
4.7,104.0,20.3,82.0,971.7,-1.0,-1.0,-1.0,-1.0,H1,2012-10-20 14:30:00,333,41.58642,1.65306
2.1,144.0,22.7,66.0,985.4,-1.0,-1.0,-1.0,-1.0,R1,2012-10-20 14:30:00,210,41.70637,1.87276
4.8,72.0,20.4,100.0,995.1,-1.0,-1.0,-1.0,-1.0,VQ,2012-10-20 14:30:00,112,41.1713,1.16774
17.7,193.0,8.1,95.0,771.7,-1.0,-1.0,-1.0,-1.0,VS,2012-10-20 14:30:00,2247,42.63835,0.77889
-1.0,-1.0,21.8,88.0,1005.7,-1.0,-1.0,6.2,61.0,WU,2012-10-20 14:30:00,42,41.45215,2.24757
3.6,81.0,22.4,85.0,1007.1,-1.0,-1.0,-1.0,-1.0,WZ,2012-10-20 14:30:00,17,41.20187,1.63346
6.6,103.0,16.2,95.0,921.7,-1.0,-1.0,-1.0,-1.0,XA,2012-10-20 14:30:00,785,41.60257,1.4007
4.1,118.0,21.7,81.0,993.6,-1.0,-1.0,-1.0,-1.0,XC,2012-10-20 14:30:00,147,41.47892,1.97546
5.7,118.0,17.6,79.0,930.3,-1.0,-1.0,-1.0,-1.0,XD,2012-10-20 14:30:00,687,41.32,0.8857
5.0,69.0,21.4,94.0,1007.5,-1.0,-1.0,-1.0,-1.0,XE,2012-10-20 14:30:00,5,41.10393,1.201
6.4,82.0,20.8,84.0,980.5,-1.0,-1.0,-1.0,-1.0,XF,2012-10-20 14:30:00,258,41.56568,2.06952
5.6,90.0,22.2,72.0,996.6,-1.0,-1.0,-1.0,-1.0,XG,2012-10-20 14:30:00,123,41.56734,2.22619
-1.0,-1.0,20.6,62.0,933.0,-1.0,-1.0,-1.0,-1.0,XH,2012-10-20 14:30:00,679,42.40533,1.12993
2.0,47.0,21.9,80.0,1003.4,-1.0,-1.0,-1.0,-1.0,XJ,2012-10-20 14:30:00,72,41.98223,2.80686
12.7,96.0,11.2,100.0,-1.0,-1.0,-1.0,-1.0,-1.0,XK,2012-10-20 14:30:00,1668,41.77362,2.43774
5.5,77.0,21.9,91.0,-1.0,-1.0,-1.0,-1.0,-1.0,XL,2012-10-20 14:30:00,8,41.34045,2.08022
-1.0,-1.0,19.9,83.0,-1.0,-1.0,-1.0,-1.0,-1.0,XO,2012-10-20 14:30:00,499,41.93497,2.23987
-1.0,-1.0,16.3,95.0,-1.0,2.1,325.0,-1.0,-1.0,XP,2012-10-20 14:30:00,349,41.06581,0.43006
5.4,92.0,19.2,79.0,931.7,-1.0,-1.0,-1.0,-1.0,XT,2012-10-20 14:30:00,691,41.98766,1.51165
5.9,77.0,21.0,87.0,1000.7,-1.0,-1.0,-1.0,-1.0,X8,2012-10-20 14:30:00,79,41.37919,2.1054
11.9,179.0,6.5,97.0,-1.0,-1.0,-1.0,-1.0,-1.0,ZB,2012-10-20 14:30:00,2451,42.51939,1.36597
7.5,96.0,7.1,99.0,-1.0,-1.0,-1.0,-1.0,-1.0,ZC,2012-10-20 14:30:00,2410,42.42117,2.24565
-1.0,-1.0,7.8,95.0,-1.0,-1.0,-1.0,7.1,128.0,Z1,2012-10-20 14:30:00,2266,42.64691,0.98486
-1.0,-1.0,5.8,98.0,-1.0,-1.0,-1.0,4.9,358.0,Z2,2012-10-20 14:30:00,2535,42.46602,0.88405
-1.0,-1.0,7.6,97.0,-1.0,-1.0,-1.0,4.2,114.0,Z3,2012-10-20 14:30:00,2230,42.46605,1.7785
-1.0,-1.0,7.2,97.0,-1.0,-1.0,-1.0,5.6,131.0,Z5,2012-10-20 14:30:00,2400,42.70029,1.27201
-1.0,-1.0,9.1,81.0,-1.0,-1.0,-1.0,3.3,68.0,Z6,2012-10-20 14:30:00,2228,42.77011,0.73198
5.7,257.0,6.1,98.0,-1.0,-1.0,-1.0,-1.0,-1.0,Z7,2012-10-20 14:30:00,2519,42.53412,1.05476
-1.0,-1.0,7.5,100.0,-1.0,-1.0,-1.0,16.9,122.0,Z8,2012-10-20 14:30:00,2316,42.18254,1.52407
11.5,111.0,8.3,97.0,-1.0,-1.0,-1.0,-1.0,-1.0,Z9,2012-10-20 14:30:00,2143,42.29265,1.71498
1.0,123.0,19.6,72.0,939.8,-1.0,-1.0,-1.0,-1.0,CC,2012-10-20 15:00:00,626,42.07398,2.20862
0.6,326.0,18.4,72.0,914.1,-1.0,-1.0,-1.0,-1.0,CD,2012-10-20 15:00:00,849,42.37083,1.43277
4.2,99.0,19.9,87.0,973.7,-1.0,-1.0,-1.0,-1.0,CE,2012-10-20 15:00:00,316,41.53109,1.80813
4.4,178.0,12.6,100.0,858.4,-1.0,-1.0,-1.0,-1.0,CG,2012-10-20 15:00:00,1405,42.37717,2.41456
1.6,43.0,15.3,95.0,916.3,-1.0,-1.0,-1.0,-1.0,CI,2012-10-20 15:00:00,852,42.25839,2.36429
1.8,9.0,21.4,63.0,945.3,-1.0,-1.0,-1.0,-1.0,CJ,2012-10-20 15:00:00,566.5,42.21624,1.33132
3.7,121.0,20.5,80.0,970.1,-1.0,-1.0,-1.0,-1.0,CL,2012-10-20 15:00:00,349,41.67399,1.76796
8.2,117.0,20.3,65.0,931.6,-1.0,-1.0,-1.0,-1.0,CP,2012-10-20 15:00:00,690,42.13924,1.03893
4.8,168.0,20.5,64.0,941.9,-1.0,-1.0,-1.0,-1.0,CQ,2012-10-20 15:00:00,594,41.99546,1.02569
4.1,70.0,17.2,85.0,913.7,-1.0,-1.0,-1.0,-1.0,CR,2012-10-20 15:00:00,873,42.08032,1.9624
1.9,153.0,18.6,69.0,915.8,-1.0,-1.0,-1.0,-1.0,CT,2012-10-20 15:00:00,823,42.39811,0.74362
1.1,27.0,11.9,93.0,896.0,-1.0,-1.0,-1.0,-1.0,CU,2012-10-20 15:00:00,1002,42.69856,0.79397
2.5,168.0,22.4,55.0,949.8,-1.0,-1.0,-1.0,-1.0,CV,2012-10-20 15:00:00,513.3,42.23939,0.96434
4.3,101.0,18.1,87.0,957.2,-1.0,-1.0,-1.0,-1.0,CW,2012-10-20 15:00:00,446,41.39241,1.09894
4.9,67.0,17.3,87.0,919.3,-1.0,-1.0,-1.0,-1.0,CY,2012-10-20 15:00:00,816,41.87813,2.17873
7.9,83.0,21.0,83.0,977.4,-1.0,-1.0,-1.0,-1.0,C6,2012-10-20 15:00:00,264,41.6566,0.95172
8.2,105.0,19.6,92.0,959.8,-1.0,-1.0,-1.0,-1.0,C7,2012-10-20 15:00:00,427,41.66695,1.16234
6.0,98.0,18.1,87.0,945.9,-1.0,-1.0,-1.0,-1.0,C8,2012-10-20 15:00:00,554,41.67555,1.29609
1.2,186.0,18.0,100.0,979.6,-1.0,-1.0,-1.0,-1.0,C9,2012-10-20 15:00:00,240,40.71825,0.39988
6.5,128.0,20.5,100.0,986.1,-1.0,-1.0,-1.0,-1.0,DB,2012-10-20 15:00:00,179,40.87287,0.71581
1.4,28.0,18.9,97.0,963.2,-1.0,-1.0,-1.0,-1.0,DC,2012-10-20 15:00:00,421.5,42.19144,2.48263
6.1,63.0,21.7,91.0,1005.7,-1.0,-1.0,-1.0,-1.0,DD,2012-10-20 15:00:00,44.5,41.51175,2.38674
1.6,87.0,20.8,93.0,1008.9,-1.0,-1.0,-1.0,-1.0,DF,2012-10-20 15:00:00,28.6,41.97751,3.03543
3.5,297.0,9.3,97.0,801.8,-1.0,-1.0,-1.0,-1.0,DG,2012-10-20 15:00:00,1971.4,42.39848,2.15517
4.7,83.0,18.7,93.0,962.8,-1.0,-1.0,-1.0,-1.0,DI,2012-10-20 15:00:00,415,41.43292,1.62386
3.0,98.0,19.8,98.0,991.7,-1.0,-1.0,-1.0,-1.0,DJ,2012-10-20 15:00:00,176,42.11653,2.78969
10.8,48.0,21.9,94.0,1008.2,-1.0,-1.0,-1.0,-1.0,DK,2012-10-20 15:00:00,2,41.14677,1.41846
6.4,150.0,21.6,92.0,1006.9,-1.0,-1.0,-1.0,-1.0,DL,2012-10-20 15:00:00,0.5,40.70719,0.83449
1.4,102.0,21.6,85.0,994.0,-1.0,-1.0,-1.0,-1.0,DN,2012-10-20 15:00:00,150,41.96095,2.63108
3.1,76.0,19.8,92.0,1010.4,-1.0,-1.0,-1.0,-1.0,DO,2012-10-20 15:00:00,14,41.80857,3.03241
4.6,111.0,16.6,69.0,888.9,-1.0,-1.0,-1.0,-1.0,DP,2012-10-20 15:00:00,1097,42.38605,1.8664
4.6,82.0,18.8,86.0,976.1,-1.0,-1.0,-1.0,-1.0,DQ,2012-10-20 15:00:00,287,41.30728,1.36259
-1.0,-1.0,18.3,90.0,960.8,-1.0,-1.0,-1.0,-1.0,D1,2012-10-20 15:00:00,404,41.28521,0.75383
-1.0,-1.0,20.1,83.0,970.6,-1.0,-1.0,-1.0,-1.0,D2,2012-10-20 15:00:00,343,41.59252,1.915
2.4,111.0,20.1,93.0,980.7,-1.0,-1.0,-1.0,-1.0,D3,2012-10-20 15:00:00,252,41.38197,1.93564
5.1,101.0,20.1,94.0,1009.2,-1.0,-1.0,-1.0,-1.0,D4,2012-10-20 15:00:00,24,42.27065,3.18165
7.3,75.0,18.9,94.0,963.3,-1.0,-1.0,-1.0,-1.0,D5,2012-10-20 15:00:00,411.2,41.41843,2.12388
4.5,175.0,18.0,99.0,989.9,-1.0,-1.0,-1.0,-1.0,D6,2012-10-20 15:00:00,196,42.43515,3.16622
2.2,100.0,20.4,84.0,1000.9,-1.0,-1.0,-1.0,-1.0,D7,2012-10-20 15:00:00,53,41.18499,0.59376
2.5,212.0,13.6,99.0,948.4,-1.0,-1.0,-1.0,-1.0,D8,2012-10-20 15:00:00,515,40.95134,0.30565
3.9,90.0,21.2,92.0,1002.2,-1.0,-1.0,-1.0,-1.0,D9,2012-10-20 15:00:00,59,41.21553,1.52121
5.2,93.0,19.6,87.0,971.6,-1.0,-1.0,-1.0,-1.0,H1,2012-10-20 15:00:00,333,41.58642,1.65306
2.2,139.0,22.3,68.0,985.5,-1.0,-1.0,-1.0,-1.0,R1,2012-10-20 15:00:00,210,41.70637,1.87276
-1.0,-1.0,20.9,96.0,-1.0,4.1,106.0,-1.0,-1.0,UA,2012-10-20 15:00:00,93,40.9091,0.76943
-1.0,-1.0,19.5,88.0,-1.0,2.8,117.0,-1.0,-1.0,UB,2012-10-20 15:00:00,15,42.05398,3.06195
-1.0,-1.0,20.3,89.0,-1.0,0.9,88.0,-1.0,-1.0,UC,2012-10-20 15:00:00,60,41.97726,2.99705
-1.0,-1.0,20.6,93.0,-1.0,-1.0,-1.0,-1.0,-1.0,UD,2012-10-20 15:00:00,12,42.02895,3.06227
-1.0,-1.0,20.1,92.0,-1.0,-1.0,-1.0,-1.0,-1.0,UE,2012-10-20 15:00:00,4,42.02306,3.15719
-1.0,-1.0,17.8,100.0,-1.0,1.7,74.0,-1.0,-1.0,UF,2012-10-20 15:00:00,573,41.28832,1.90775
-1.0,-1.0,22.0,92.0,-1.0,2.4,67.0,-1.0,-1.0,UG,2012-10-20 15:00:00,3,41.29928,2.03787
-1.0,-1.0,17.6,93.0,-1.0,1.6,78.0,2.7,83.0,UH,2012-10-20 15:00:00,545,41.34171,1.48769
-1.0,-1.0,12.7,98.0,-1.0,0.4,308.0,-1.0,-1.0,UI,2012-10-20 15:00:00,1386,42.26477,1.76218
-1.0,-1.0,16.4,90.0,-1.0,4.8,87.0,7.0,95.0,UJ,2012-10-20 15:00:00,709,41.52879,1.3683
-1.0,-1.0,20.8,87.0,-1.0,1.1,289.0,-1.0,-1.0,UK,2012-10-20 15:00:00,161,41.27861,1.80479
-1.0,-1.0,20.0,80.0,-1.0,3.5,100.0,-1.0,-1.0,UL,2012-10-20 15:00:00,228,41.52911,0.75303
-1.0,-1.0,17.5,87.0,-1.0,2.1,114.0,-1.0,-1.0,UM,2012-10-20 15:00:00,505,41.35991,0.66789
-1.0,-1.0,20.1,97.0,-1.0,1.5,92.0,-1.0,-1.0,UN,2012-10-20 15:00:00,171,41.87449,2.92694
-1.0,-1.0,21.4,86.0,-1.0,-1.0,-1.0,-1.0,-1.0,UO,2012-10-20 15:00:00,97,41.91461,2.82069
2.7,104.0,21.6,88.0,1001.2,-1.0,-1.0,-1.0,-1.0,UP,2012-10-20 15:00:00,81,41.51773,2.37702
-1.0,-1.0,18.9,86.0,-1.0,1.8,68.0,-1.0,-1.0,UQ,2012-10-20 15:00:00,460,41.61991,2.44532
-1.0,-1.0,19.9,98.0,-1.0,0.6,164.0,-1.0,-1.0,US,2012-10-20 15:00:00,24,40.55786,0.52329
4.0,180.0,19.3,97.0,1006.8,-1.0,-1.0,-1.0,-1.0,UU,2012-10-20 15:00:00,3,40.70776,0.6321
-1.0,-1.0,19.7,92.0,1007.1,2.3,171.0,-1.0,-1.0,UW,2012-10-20 15:00:00,0,40.62725,0.65922
-1.0,-1.0,18.6,100.0,-1.0,0.3,90.0,-1.0,-1.0,UX,2012-10-20 15:00:00,210,40.62652,0.37112
-1.0,-1.0,19.4,73.0,-1.0,3.1,95.0,5.5,109.0,UY,2012-10-20 15:00:00,576,41.87912,0.76103
-1.0,-1.0,19.9,96.0,-1.0,0.7,162.0,-1.0,-1.0,U1,2012-10-20 15:00:00,31,42.30648,2.95481
2.8,105.0,19.8,99.0,1012.0,-1.0,-1.0,-1.0,-1.0,U2,2012-10-20 15:00:00,4,42.17716,3.0968
-1.0,-1.0,19.5,84.0,-1.0,1.3,106.0,-1.0,-1.0,U3,2012-10-20 15:00:00,257,41.37491,1.63032
2.5,101.0,20.3,69.0,-1.0,1.6,104.0,-1.0,-1.0,U4,2012-10-20 15:00:00,507,41.83094,1.84699
-1.0,-1.0,15.0,95.0,-1.0,2.7,58.0,-1.0,-1.0,U5,2012-10-20 15:00:00,969,41.31349,0.99611
-1.0,-1.0,21.7,92.0,-1.0,5.1,83.0,-1.0,-1.0,U6,2012-10-20 15:00:00,29,41.08017,1.06661
-1.0,-1.0,19.8,92.0,-1.0,1.2,189.0,-1.0,-1.0,U7,2012-10-20 15:00:00,52,40.85936,0.50525
-1.0,-1.0,19.7,92.0,-1.0,1.1,153.0,-1.0,-1.0,U9,2012-10-20 15:00:00,62,40.76947,0.61635
-1.0,-1.0,17.9,93.0,-1.0,1.3,317.0,-1.0,-1.0,VA,2012-10-20 15:00:00,257,41.19645,0.51161
3.4,105.0,21.9,77.0,-1.0,-1.0,-1.0,-1.0,-1.0,VB,2012-10-20 15:00:00,32,41.06289,0.63517
-1.0,-1.0,15.4,93.0,-1.0,3.1,245.0,-1.0,-1.0,VC,2012-10-20 15:00:00,69,41.24415,0.43266
-1.0,-1.0,19.2,78.0,-1.0,1.9,95.0,-1.0,-1.0,VD,2012-10-20 15:00:00,429,41.68939,1.20381
-1.0,-1.0,19.7,92.0,-1.0,0.4,236.0,-1.0,-1.0,VE,2012-10-20 15:00:00,97,41.48692,0.46058
-1.0,-1.0,20.9,78.0,-1.0,1.5,63.0,-1.0,-1.0,VF,2012-10-20 15:00:00,122,41.56482,0.54999
-1.0,-1.0,18.8,91.0,-1.0,0.5,142.0,-1.0,-1.0,VH,2012-10-20 15:00:00,259,41.65814,0.39301
-1.0,-1.0,21.0,74.0,-1.0,2.2,75.0,-1.0,-1.0,VJ,2012-10-20 15:00:00,161,41.59957,0.6478
5.3,102.0,19.5,87.0,974.6,-1.0,-1.0,-1.0,-1.0,VK,2012-10-20 15:00:00,286,41.68328,0.4487
-1.0,-1.0,20.8,75.0,-1.0,3.0,94.0,-1.0,-1.0,VM,2012-10-20 15:00:00,222,41.7145,0.62839
-1.0,-1.0,21.0,88.0,-1.0,-1.0,-1.0,-1.0,-1.0,VN,2012-10-20 15:00:00,117,41.88244,2.74262
-1.0,-1.0,19.3,64.0,-1.0,2.7,96.0,-1.0,-1.0,VO,2012-10-20 15:00:00,785,42.08745,1.42792
-1.0,-1.0,17.5,86.0,-1.0,2.8,99.0,5.2,101.0,VP,2012-10-20 15:00:00,659,41.80483,1.53853
6.1,82.0,20.5,99.0,994.9,-1.0,-1.0,-1.0,-1.0,VQ,2012-10-20 15:00:00,112,41.1713,1.16774
-1.0,-1.0,21.3,74.0,-1.0,0.6,86.0,-1.0,-1.0,VR,2012-10-20 15:00:00,291,41.68994,1.04401
17.3,191.0,8.1,95.0,771.5,-1.0,-1.0,-1.0,-1.0,VS,2012-10-20 15:00:00,2247,42.63835,0.77889
-1.0,-1.0,21.7,79.0,-1.0,1.8,95.0,-1.0,-1.0,VT,2012-10-20 15:00:00,84,41.48401,2.12745
-1.0,-1.0,18.8,78.0,-1.0,3.7,80.0,-1.0,-1.0,VU,2012-10-20 15:00:00,421,41.63286,1.91718
1.7,143.0,18.6,91.0,-1.0,-1.0,-1.0,-1.0,-1.0,VV,2012-10-20 15:00:00,528,41.68129,2.02647
-1.0,-1.0,15.0,95.0,-1.0,2.7,149.0,-1.0,-1.0,VX,2012-10-20 15:00:00,1030,41.74761,2.30291
-1.0,-1.0,19.1,91.0,-1.0,-1.0,-1.0,-1.0,-1.0,VY,2012-10-20 15:00:00,240,41.25095,1.29863
-1.0,-1.0,20.0,92.0,-1.0,-1.0,-1.0,-1.0,-1.0,VZ,2012-10-20 15:00:00,83,42.38443,3.00736
-1.0,-1.0,21.8,68.0,-1.0,4.8,128.0,-1.0,-1.0,V1,2012-10-20 15:00:00,238,41.78487,0.82939
-1.0,-1.0,19.3,85.0,-1.0,2.0,37.0,-1.0,-1.0,V3,2012-10-20 15:00:00,509,41.95224,2.23271
-1.0,-1.0,18.7,77.0,934.9,-1.0,-1.0,0.4,106.0,V4,2012-10-20 15:00:00,684,42.11477,2.21483
-1.0,-1.0,17.8,84.0,-1.0,3.8,85.0,4.3,83.0,V5,2012-10-20 15:00:00,774,42.03947,2.11993
-1.0,-1.0,21.4,71.0,-1.0,2.8,88.0,-1.0,-1.0,V8,2012-10-20 15:00:00,223,41.67279,0.87741
-1.0,-1.0,21.0,65.0,-1.0,5.2,103.0,-1.0,-1.0,WA,2012-10-20 15:00:00,443,41.87694,1.1541
-1.0,-1.0,20.6,76.0,-1.0,5.7,102.0,-1.0,-1.0,WB,2012-10-20 15:00:00,267,41.76036,0.67022
-1.0,-1.0,20.6,73.0,-1.0,4.5,99.0,-1.0,-1.0,WC,2012-10-20 15:00:00,261,41.63642,0.92446
-1.0,-1.0,13.3,100.0,-1.0,1.1,299.0,-1.0,-1.0,WD,2012-10-20 15:00:00,382,41.08671,0.31884
-1.0,-1.0,21.2,81.0,-1.0,2.2,87.0,-1.0,-1.0,WE,2012-10-20 15:00:00,126,41.5444,2.30014
-1.0,-1.0,21.0,86.0,-1.0,-1.0,-1.0,-1.0,-1.0,WF,2012-10-20 15:00:00,108,41.95425,2.77578
-1.0,-1.0,20.5,73.0,-1.0,3.8,96.0,-1.0,-1.0,WG,2012-10-20 15:00:00,301,41.80104,0.64804
-1.0,-1.0,17.1,93.0,-1.0,1.6,183.0,-1.0,-1.0,WI,2012-10-20 15:00:00,350,41.35741,0.4809
-1.0,-1.0,20.4,84.0,-1.0,4.2,127.0,-1.0,-1.0,WJ,2012-10-20 15:00:00,141,41.1223,0.72182
-1.0,-1.0,20.2,77.0,-1.0,2.1,67.0,-1.0,-1.0,WK,2012-10-20 15:00:00,268,41.81949,0.57768
-1.0,-1.0,19.2,84.0,-1.0,5.3,83.0,-1.0,-1.0,WL,2012-10-20 15:00:00,413,41.57236,1.0882
4.6,123.0,15.0,85.0,-1.0,-1.0,-1.0,-1.0,-1.0,WM,2012-10-20 15:00:00,1167,42.10736,1.8267
-1.0,-1.0,15.4,99.0,-1.0,-1.0,-1.0,5.2,115.0,WN,2012-10-20 15:00:00,916,41.59539,1.83751
-1.0,-1.0,19.8,89.0,-1.0,-1.0,-1.0,-1.0,-1.0,WO,2012-10-20 15:00:00,185,41.27151,1.46717
-1.0,-1.0,19.1,94.0,-1.0,2.8,100.0,-1.0,-1.0,WP,2012-10-20 15:00:00,325,41.48518,1.69337
14.5,153.0,11.3,99.0,837.8,-1.0,-1.0,-1.0,-1.0,WQ,2012-10-20 15:00:00,1572,42.0513,0.72952
-1.0,-1.0,18.8,95.0,-1.0,2.1,117.0,-1.0,-1.0,WR,2012-10-20 15:00:00,300,41.2163,0.79748
3.1,111.0,15.3,96.0,904.8,-1.0,-1.0,-1.0,-1.0,WS,2012-10-20 15:00:00,953,41.84008,2.41877
4.0,71.0,21.4,96.0,1011.5,-1.0,-1.0,-1.0,-1.0,WT,2012-10-20 15:00:00,2,41.64707,2.75658
-1.0,-1.0,21.7,89.0,1005.7,-1.0,-1.0,7.5,56.0,WU,2012-10-20 15:00:00,42,41.45215,2.24757
2.8,82.0,18.1,80.0,923.4,-1.0,-1.0,-1.0,-1.0,WV,2012-10-20 15:00:00,788,42.23414,1.87485
-1.0,-1.0,21.5,69.0,-1.0,-1.0,-1.0,-1.0,-1.0,WW,2012-10-20 15:00:00,278,41.79423,1.9368
-1.0,-1.0,19.2,69.0,-1.0,5.9,108.0,-1.0,-1.0,WX,2012-10-20 15:00:00,668,41.9178,0.88175
-1.0,-1.0,20.8,85.0,-1.0,1.7,88.0,-1.0,-1.0,WY,2012-10-20 15:00:00,164,41.43386,1.79429
3.0,93.0,22.0,88.0,1007.2,-1.0,-1.0,-1.0,-1.0,WZ,2012-10-20 15:00:00,17,41.20187,1.63346
-1.0,-1.0,19.9,90.0,-1.0,-1.0,-1.0,-1.0,-1.0,W1,2012-10-20 15:00:00,2,42.24726,3.09021
-1.0,-1.0,19.7,97.0,-1.0,-1.0,-1.0,-1.0,-1.0,W2,2012-10-20 15:00:00,7,42.18259,3.05783
-1.0,-1.0,20.1,89.0,-1.0,-1.0,-1.0,-1.0,-1.0,W3,2012-10-20 15:00:00,4,42.15006,3.06494
-1.0,-1.0,20.3,81.0,-1.0,4.1,107.0,-1.0,-1.0,W4,2012-10-20 15:00:00,240,41.36619,1.72857
-1.0,-1.0,21.7,64.0,-1.0,1.5,110.0,-1.0,-1.0,W5,2012-10-20 15:00:00,490,42.07683,1.31489
-1.0,-1.0,20.2,91.0,-1.0,1.9,93.0,-1.0,-1.0,W6,2012-10-20 15:00:00,158,41.13738,1.0187
-1.0,-1.0,18.5,85.0,-1.0,-1.0,-1.0,-1.0,-1.0,W8,2012-10-20 15:00:00,438,41.44237,1.15998
-1.0,-1.0,18.9,95.0,-1.0,0.7,296.0,-1.0,-1.0,W9,2012-10-20 15:00:00,461,42.14557,2.45451
6.5,97.0,15.9,96.0,921.6,-1.0,-1.0,-1.0,-1.0,XA,2012-10-20 15:00:00,785,41.60257,1.4007
-1.0,-1.0,17.3,94.0,-1.0,-1.0,-1.0,-1.0,-1.0,XB,2012-10-20 15:00:00,584,41.4779,1.53529
4.8,100.0,21.5,83.0,993.4,-1.0,-1.0,-1.0,-1.0,XC,2012-10-20 15:00:00,147,41.47892,1.97546
5.6,111.0,17.3,81.0,929.9,-1.0,-1.0,-1.0,-1.0,XD,2012-10-20 15:00:00,687,41.32,0.8857
5.7,79.0,21.6,93.0,1007.3,-1.0,-1.0,-1.0,-1.0,XE,2012-10-20 15:00:00,5,41.10393,1.201
5.7,84.0,20.7,85.0,980.6,-1.0,-1.0,-1.0,-1.0,XF,2012-10-20 15:00:00,258,41.56568,2.06952
6.3,97.0,22.2,73.0,996.8,-1.0,-1.0,-1.0,-1.0,XG,2012-10-20 15:00:00,123,41.56734,2.22619
-1.0,-1.0,20.7,61.0,933.0,-1.0,-1.0,-1.0,-1.0,XH,2012-10-20 15:00:00,679,42.40533,1.12993
-1.0,-1.0,21.3,70.0,979.5,4.9,97.0,-1.0,-1.0,XI,2012-10-20 15:00:00,247,41.61817,0.87182
1.9,46.0,21.1,86.0,1003.5,-1.0,-1.0,-1.0,-1.0,XJ,2012-10-20 15:00:00,72,41.98223,2.80686
12.8,104.0,11.0,100.0,-1.0,-1.0,-1.0,-1.0,-1.0,XK,2012-10-20 15:00:00,1668,41.77362,2.43774
5.6,82.0,21.9,91.0,-1.0,-1.0,-1.0,-1.0,-1.0,XL,2012-10-20 15:00:00,8,41.34045,2.08022
-1.0,-1.0,20.5,76.0,-1.0,3.6,97.0,-1.0,-1.0,XM,2012-10-20 15:00:00,235,41.59522,0.73507
-1.0,-1.0,18.6,95.0,-1.0,1.0,236.0,-1.0,-1.0,XN,2012-10-20 15:00:00,89,41.46379,0.42765
-1.0,-1.0,19.8,83.0,-1.0,-1.0,-1.0,-1.0,-1.0,XO,2012-10-20 15:00:00,499,41.93497,2.23987
-1.0,-1.0,14.4,97.0,-1.0,3.6,335.0,-1.0,-1.0,XP,2012-10-20 15:00:00,349,41.06581,0.43006
5.7,92.0,19.0,77.0,931.9,-1.0,-1.0,-1.0,-1.0,XT,2012-10-20 15:00:00,691,41.98766,1.51165
7.4,115.0,19.2,93.0,966.3,-1.0,-1.0,-1.0,-1.0,X1,2012-10-20 15:00:00,359,41.15374,0.81953
-1.0,-1.0,21.9,91.0,-1.0,-1.0,-1.0,-1.0,-1.0,X2,2012-10-20 15:00:00,7,41.38943,2.18847
10.9,99.0,19.4,81.0,964.9,-1.0,-1.0,-1.0,-1.0,X3,2012-10-20 15:00:00,370,41.74281,0.5358
4.4,77.0,21.9,90.0,1006.1,-1.0,-1.0,-1.0,-1.0,X4,2012-10-20 15:00:00,33,41.3839,2.16775
3.5,238.0,13.2,95.0,890.1,-1.0,-1.0,-1.0,-1.0,X5,2012-10-20 15:00:00,1055,40.79705,0.31822
-1.0,-1.0,21.8,61.0,-1.0,5.8,119.0,-1.0,-1.0,X6,2012-10-20 15:00:00,366,41.92173,1.02901
-1.0,-1.0,20.0,80.0,-1.0,4.3,101.0,-1.0,-1.0,X7,2012-10-20 15:00:00,215,41.51909,0.55314
5.5,82.0,21.0,88.0,1000.7,-1.0,-1.0,-1.0,-1.0,X8,2012-10-20 15:00:00,79,41.37919,2.1054
2.4,101.0,21.2,77.0,990.7,-1.0,-1.0,-1.0,-1.0,X9,2012-10-20 15:00:00,176,41.61265,2.16836
11.9,175.0,6.5,97.0,-1.0,-1.0,-1.0,-1.0,-1.0,ZB,2012-10-20 15:00:00,2451,42.51939,1.36597
5.6,92.0,7.0,99.0,-1.0,-1.0,-1.0,-1.0,-1.0,ZC,2012-10-20 15:00:00,2410,42.42117,2.24565
-1.0,-1.0,8.0,93.0,-1.0,-1.0,-1.0,8.2,106.0,Z1,2012-10-20 15:00:00,2266,42.64691,0.98486
-1.0,-1.0,5.9,98.0,-1.0,-1.0,-1.0,3.6,330.0,Z2,2012-10-20 15:00:00,2535,42.46602,0.88405
-1.0,-1.0,7.5,97.0,-1.0,-1.0,-1.0,3.1,121.0,Z3,2012-10-20 15:00:00,2230,42.46605,1.7785
-1.0,-1.0,7.1,98.0,-1.0,-1.0,-1.0,5.1,134.0,Z5,2012-10-20 15:00:00,2400,42.70029,1.27201
-1.0,-1.0,8.2,90.0,-1.0,-1.0,-1.0,2.4,31.0,Z6,2012-10-20 15:00:00,2228,42.77011,0.73198
5.7,262.0,6.2,98.0,-1.0,-1.0,-1.0,-1.0,-1.0,Z7,2012-10-20 15:00:00,2519,42.53412,1.05476
-1.0,-1.0,7.1,100.0,-1.0,-1.0,-1.0,17.1,123.0,Z8,2012-10-20 15:00:00,2316,42.18254,1.52407
12.1,108.0,8.0,97.0,-1.0,-1.0,-1.0,-1.0,-1.0,Z9,2012-10-20 15:00:00,2143,42.29265,1.71498
1.1,96.0,19.2,74.0,939.9,-1.0,-1.0,-1.0,-1.0,CC,2012-10-20 15:30:00,626,42.07398,2.20862
1.4,119.0,18.2,71.0,914.3,-1.0,-1.0,-1.0,-1.0,CD,2012-10-20 15:30:00,849,42.37083,1.43277
3.5,92.0,19.5,90.0,973.2,-1.0,-1.0,-1.0,-1.0,CE,2012-10-20 15:30:00,316,41.53109,1.80813
3.9,184.0,12.6,100.0,858.3,-1.0,-1.0,-1.0,-1.0,CG,2012-10-20 15:30:00,1405,42.37717,2.41456
1.5,36.0,15.2,95.0,916.1,-1.0,-1.0,-1.0,-1.0,CI,2012-10-20 15:30:00,852,42.25839,2.36429
1.9,77.0,21.9,55.0,945.5,-1.0,-1.0,-1.0,-1.0,CJ,2012-10-20 15:30:00,566.5,42.21624,1.33132
2.3,112.0,19.2,90.0,970.0,-1.0,-1.0,-1.0,-1.0,CL,2012-10-20 15:30:00,349,41.67399,1.76796
8.0,109.0,20.3,63.0,931.4,-1.0,-1.0,-1.0,-1.0,CP,2012-10-20 15:30:00,690,42.13924,1.03893
5.3,166.0,20.1,68.0,941.8,-1.0,-1.0,-1.0,-1.0,CQ,2012-10-20 15:30:00,594,41.99546,1.02569
4.6,70.0,17.0,85.0,913.8,-1.0,-1.0,-1.0,-1.0,CR,2012-10-20 15:30:00,873,42.08032,1.9624
2.3,149.0,18.9,66.0,915.9,-1.0,-1.0,-1.0,-1.0,CT,2012-10-20 15:30:00,823,42.39811,0.74362
0.9,63.0,11.8,93.0,895.9,-1.0,-1.0,-1.0,-1.0,CU,2012-10-20 15:30:00,1002,42.69856,0.79397
1.7,198.0,21.8,58.0,949.9,-1.0,-1.0,-1.0,-1.0,CV,2012-10-20 15:30:00,513.3,42.23939,0.96434
4.5,93.0,17.5,90.0,956.7,-1.0,-1.0,-1.0,-1.0,CW,2012-10-20 15:30:00,446,41.39241,1.09894
3.6,53.0,17.1,88.0,919.5,-1.0,-1.0,-1.0,-1.0,CY,2012-10-20 15:30:00,816,41.87813,2.17873
8.8,79.0,20.7,82.0,977.2,-1.0,-1.0,-1.0,-1.0,C6,2012-10-20 15:30:00,264,41.6566,0.95172
7.3,96.0,19.0,95.0,959.8,-1.0,-1.0,-1.0,-1.0,C7,2012-10-20 15:30:00,427,41.66695,1.16234
6.6,85.0,17.7,88.0,945.5,-1.0,-1.0,-1.0,-1.0,C8,2012-10-20 15:30:00,554,41.67555,1.29609
1.2,168.0,18.3,100.0,979.5,-1.0,-1.0,-1.0,-1.0,C9,2012-10-20 15:30:00,240,40.71825,0.39988
5.5,180.0,19.0,100.0,986.2,-1.0,-1.0,-1.0,-1.0,DB,2012-10-20 15:30:00,179,40.87287,0.71581
1.4,40.0,18.9,95.0,963.2,-1.0,-1.0,-1.0,-1.0,DC,2012-10-20 15:30:00,421.5,42.19144,2.48263
6.1,60.0,21.6,92.0,1005.6,-1.0,-1.0,-1.0,-1.0,DD,2012-10-20 15:30:00,44.5,41.51175,2.38674
1.9,106.0,20.9,93.0,1008.9,-1.0,-1.0,-1.0,-1.0,DF,2012-10-20 15:30:00,28.6,41.97751,3.03543
3.6,301.0,9.3,97.0,801.7,-1.0,-1.0,-1.0,-1.0,DG,2012-10-20 15:30:00,1971.4,42.39848,2.15517
5.1,94.0,18.3,95.0,962.4,-1.0,-1.0,-1.0,-1.0,DI,2012-10-20 15:30:00,415,41.43292,1.62386
2.9,115.0,19.6,98.0,991.9,-1.0,-1.0,-1.0,-1.0,DJ,2012-10-20 15:30:00,176,42.11653,2.78969
11.1,59.0,22.5,91.0,1008.1,-1.0,-1.0,-1.0,-1.0,DK,2012-10-20 15:30:00,2,41.14677,1.41846
4.0,194.0,20.4,95.0,1006.8,-1.0,-1.0,-1.0,-1.0,DL,2012-10-20 15:30:00,0.5,40.70719,0.83449
1.8,108.0,20.9,90.0,994.2,-1.0,-1.0,-1.0,-1.0,DN,2012-10-20 15:30:00,150,41.96095,2.63108
3.0,70.0,19.9,92.0,1010.4,-1.0,-1.0,-1.0,-1.0,DO,2012-10-20 15:30:00,14,41.80857,3.03241
5.0,122.0,16.3,71.0,888.9,-1.0,-1.0,-1.0,-1.0,DP,2012-10-20 15:30:00,1097,42.38605,1.8664
5.5,99.0,18.8,88.0,975.8,-1.0,-1.0,-1.0,-1.0,DQ,2012-10-20 15:30:00,287,41.30728,1.36259
-1.0,-1.0,18.3,93.0,960.3,-1.0,-1.0,-1.0,-1.0,D1,2012-10-20 15:30:00,404,41.28521,0.75383
-1.0,-1.0,19.7,88.0,970.2,-1.0,-1.0,-1.0,-1.0,D2,2012-10-20 15:30:00,343,41.59252,1.915
4.6,117.0,19.9,96.0,980.5,-1.0,-1.0,-1.0,-1.0,D3,2012-10-20 15:30:00,252,41.38197,1.93564
4.7,101.0,20.1,93.0,1009.4,-1.0,-1.0,-1.0,-1.0,D4,2012-10-20 15:30:00,24,42.27065,3.18165
6.7,75.0,18.9,94.0,963.2,-1.0,-1.0,-1.0,-1.0,D5,2012-10-20 15:30:00,411.2,41.41843,2.12388
4.9,171.0,17.8,100.0,989.8,-1.0,-1.0,-1.0,-1.0,D6,2012-10-20 15:30:00,196,42.43515,3.16622
2.8,323.0,18.9,86.0,1000.7,-1.0,-1.0,-1.0,-1.0,D7,2012-10-20 15:30:00,53,41.18499,0.59376
1.3,246.0,13.0,99.0,948.9,-1.0,-1.0,-1.0,-1.0,D8,2012-10-20 15:30:00,515,40.95134,0.30565
5.2,103.0,21.6,90.0,1002.0,-1.0,-1.0,-1.0,-1.0,D9,2012-10-20 15:30:00,59,41.21553,1.52121
6.2,86.0,19.2,92.0,971.1,-1.0,-1.0,-1.0,-1.0,H1,2012-10-20 15:30:00,333,41.58642,1.65306
1.7,149.0,21.4,75.0,985.4,-1.0,-1.0,-1.0,-1.0,R1,2012-10-20 15:30:00,210,41.70637,1.87276
5.8,92.0,20.4,100.0,994.6,-1.0,-1.0,-1.0,-1.0,VQ,2012-10-20 15:30:00,112,41.1713,1.16774
19.2,196.0,8.0,97.0,771.1,-1.0,-1.0,-1.0,-1.0,VS,2012-10-20 15:30:00,2247,42.63835,0.77889
-1.0,-1.0,21.5,90.0,1005.6,-1.0,-1.0,8.5,57.0,WU,2012-10-20 15:30:00,42,41.45215,2.24757
3.0,105.0,21.9,91.0,1007.0,-1.0,-1.0,-1.0,-1.0,WZ,2012-10-20 15:30:00,17,41.20187,1.63346
7.5,90.0,15.7,96.0,921.0,-1.0,-1.0,-1.0,-1.0,XA,2012-10-20 15:30:00,785,41.60257,1.4007
6.0,100.0,21.3,85.0,993.1,-1.0,-1.0,-1.0,-1.0,XC,2012-10-20 15:30:00,147,41.47892,1.97546
8.4,126.0,17.9,80.0,929.5,-1.0,-1.0,-1.0,-1.0,XD,2012-10-20 15:30:00,687,41.32,0.8857
5.4,87.0,21.9,91.0,1007.1,-1.0,-1.0,-1.0,-1.0,XE,2012-10-20 15:30:00,5,41.10393,1.201
5.2,89.0,20.5,88.0,980.6,-1.0,-1.0,-1.0,-1.0,XF,2012-10-20 15:30:00,258,41.56568,2.06952
6.3,90.0,22.0,74.0,996.6,-1.0,-1.0,-1.0,-1.0,XG,2012-10-20 15:30:00,123,41.56734,2.22619
-1.0,-1.0,20.2,64.0,933.1,-1.0,-1.0,-1.0,-1.0,XH,2012-10-20 15:30:00,679,42.40533,1.12993
1.4,46.0,21.0,89.0,1003.6,-1.0,-1.0,-1.0,-1.0,XJ,2012-10-20 15:30:00,72,41.98223,2.80686
12.7,102.0,11.0,100.0,-1.0,-1.0,-1.0,-1.0,-1.0,XK,2012-10-20 15:30:00,1668,41.77362,2.43774
6.0,83.0,21.9,92.0,-1.0,-1.0,-1.0,-1.0,-1.0,XL,2012-10-20 15:30:00,8,41.34045,2.08022
-1.0,-1.0,19.9,80.0,-1.0,-1.0,-1.0,-1.0,-1.0,XO,2012-10-20 15:30:00,499,41.93497,2.23987
-1.0,-1.0,14.1,98.0,-1.0,2.6,306.0,-1.0,-1.0,XP,2012-10-20 15:30:00,349,41.06581,0.43006
5.7,99.0,18.0,84.0,931.9,-1.0,-1.0,-1.0,-1.0,XT,2012-10-20 15:30:00,691,41.98766,1.51165
5.4,86.0,20.8,90.0,1000.6,-1.0,-1.0,-1.0,-1.0,X8,2012-10-20 15:30:00,79,41.37919,2.1054
10.6,172.0,6.4,97.0,-1.0,-1.0,-1.0,-1.0,-1.0,ZB,2012-10-20 15:30:00,2451,42.51939,1.36597
9.3,84.0,7.0,99.0,-1.0,-1.0,-1.0,-1.0,-1.0,ZC,2012-10-20 15:30:00,2410,42.42117,2.24565
-1.0,-1.0,7.9,94.0,-1.0,-1.0,-1.0,6.7,116.0,Z1,2012-10-20 15:30:00,2266,42.64691,0.98486
-1.0,-1.0,5.9,98.0,-1.0,-1.0,-1.0,4.3,353.0,Z2,2012-10-20 15:30:00,2535,42.46602,0.88405
-1.0,-1.0,7.4,97.0,-1.0,-1.0,-1.0,3.7,118.0,Z3,2012-10-20 15:30:00,2230,42.46605,1.7785
-1.0,-1.0,7.0,98.0,-1.0,-1.0,-1.0,5.6,138.0,Z5,2012-10-20 15:30:00,2400,42.70029,1.27201
-1.0,-1.0,8.4,90.0,-1.0,-1.0,-1.0,4.3,61.0,Z6,2012-10-20 15:30:00,2228,42.77011,0.73198
5.8,255.0,6.1,98.0,-1.0,-1.0,-1.0,-1.0,-1.0,Z7,2012-10-20 15:30:00,2519,42.53412,1.05476
-1.0,-1.0,7.0,100.0,-1.0,-1.0,-1.0,16.9,122.0,Z8,2012-10-20 15:30:00,2316,42.18254,1.52407
13.5,108.0,7.9,97.0,-1.0,-1.0,-1.0,-1.0,-1.0,Z9,2012-10-20 15:30:00,2143,42.29265,1.71498
0.8,138.0,18.5,80.0,940.0,-1.0,-1.0,-1.0,-1.0,CC,2012-10-20 16:00:00,626,42.07398,2.20862
0.9,77.0,17.3,74.0,914.4,-1.0,-1.0,-1.0,-1.0,CD,2012-10-20 16:00:00,849,42.37083,1.43277
5.5,105.0,19.2,93.0,973.1,-1.0,-1.0,-1.0,-1.0,CE,2012-10-20 16:00:00,316,41.53109,1.80813
3.8,181.0,12.6,100.0,858.3,-1.0,-1.0,-1.0,-1.0,CG,2012-10-20 16:00:00,1405,42.37717,2.41456
1.7,32.0,15.1,95.0,916.1,-1.0,-1.0,-1.0,-1.0,CI,2012-10-20 16:00:00,852,42.25839,2.36429
3.1,138.0,21.7,54.0,945.6,-1.0,-1.0,-1.0,-1.0,CJ,2012-10-20 16:00:00,566.5,42.21624,1.33132
2.3,88.0,19.3,88.0,969.6,-1.0,-1.0,-1.0,-1.0,CL,2012-10-20 16:00:00,349,41.67399,1.76796
7.9,106.0,19.5,66.0,931.5,-1.0,-1.0,-1.0,-1.0,CP,2012-10-20 16:00:00,690,42.13924,1.03893
2.9,190.0,19.7,70.0,941.6,-1.0,-1.0,-1.0,-1.0,CQ,2012-10-20 16:00:00,594,41.99546,1.02569
5.5,67.0,15.8,95.0,913.7,-1.0,-1.0,-1.0,-1.0,CR,2012-10-20 16:00:00,873,42.08032,1.9624
2.1,163.0,18.6,67.0,915.9,-1.0,-1.0,-1.0,-1.0,CT,2012-10-20 16:00:00,823,42.39811,0.74362
1.1,42.0,11.7,94.0,895.9,-1.0,-1.0,-1.0,-1.0,CU,2012-10-20 16:00:00,1002,42.69856,0.79397
0.6,175.0,21.5,59.0,949.9,-1.0,-1.0,-1.0,-1.0,CV,2012-10-20 16:00:00,513.3,42.23939,0.96434
6.8,124.0,18.0,92.0,956.5,-1.0,-1.0,-1.0,-1.0,CW,2012-10-20 16:00:00,446,41.39241,1.09894
2.4,76.0,16.7,88.0,919.4,-1.0,-1.0,-1.0,-1.0,CY,2012-10-20 16:00:00,816,41.87813,2.17873
7.6,71.0,19.1,93.0,977.1,-1.0,-1.0,-1.0,-1.0,C6,2012-10-20 16:00:00,264,41.6566,0.95172
6.5,91.0,18.2,99.0,959.6,-1.0,-1.0,-1.0,-1.0,C7,2012-10-20 16:00:00,427,41.66695,1.16234
6.8,83.0,17.3,90.0,945.3,-1.0,-1.0,-1.0,-1.0,C8,2012-10-20 16:00:00,554,41.67555,1.29609
1.6,138.0,18.4,100.0,979.8,-1.0,-1.0,-1.0,-1.0,C9,2012-10-20 16:00:00,240,40.71825,0.39988
2.6,209.0,18.4,100.0,986.7,-1.0,-1.0,-1.0,-1.0,DB,2012-10-20 16:00:00,179,40.87287,0.71581
1.1,36.0,18.7,94.0,963.2,-1.0,-1.0,-1.0,-1.0,DC,2012-10-20 16:00:00,421.5,42.19144,2.48263
6.1,58.0,21.5,91.0,1005.5,-1.0,-1.0,-1.0,-1.0,DD,2012-10-20 16:00:00,44.5,41.51175,2.38674
2.5,119.0,21.0,93.0,1008.8,-1.0,-1.0,-1.0,-1.0,DF,2012-10-20 16:00:00,28.6,41.97751,3.03543
3.8,299.0,9.3,97.0,801.8,-1.0,-1.0,-1.0,-1.0,DG,2012-10-20 16:00:00,1971.4,42.39848,2.15517
3.8,103.0,18.3,97.0,962.4,-1.0,-1.0,-1.0,-1.0,DI,2012-10-20 16:00:00,415,41.43292,1.62386
2.3,95.0,19.5,99.0,991.8,-1.0,-1.0,-1.0,-1.0,DJ,2012-10-20 16:00:00,176,42.11653,2.78969
10.2,82.0,22.5,91.0,1008.3,-1.0,-1.0,-1.0,-1.0,DK,2012-10-20 16:00:00,2,41.14677,1.41846
5.3,191.0,20.9,92.0,1007.5,-1.0,-1.0,-1.0,-1.0,DL,2012-10-20 16:00:00,0.5,40.70719,0.83449
1.7,121.0,20.7,91.0,994.2,-1.0,-1.0,-1.0,-1.0,DN,2012-10-20 16:00:00,150,41.96095,2.63108
3.1,74.0,20.0,92.0,1010.0,-1.0,-1.0,-1.0,-1.0,DO,2012-10-20 16:00:00,14,41.80857,3.03241
2.4,38.0,15.3,79.0,888.8,-1.0,-1.0,-1.0,-1.0,DP,2012-10-20 16:00:00,1097,42.38605,1.8664
6.7,111.0,19.2,90.0,975.6,-1.0,-1.0,-1.0,-1.0,DQ,2012-10-20 16:00:00,287,41.30728,1.36259
-1.0,-1.0,19.3,85.0,960.6,-1.0,-1.0,-1.0,-1.0,D1,2012-10-20 16:00:00,404,41.28521,0.75383
-1.0,-1.0,19.6,89.0,970.1,-1.0,-1.0,-1.0,-1.0,D2,2012-10-20 16:00:00,343,41.59252,1.915
4.5,117.0,19.9,98.0,980.3,-1.0,-1.0,-1.0,-1.0,D3,2012-10-20 16:00:00,252,41.38197,1.93564
3.1,107.0,20.2,94.0,1009.4,-1.0,-1.0,-1.0,-1.0,D4,2012-10-20 16:00:00,24,42.27065,3.18165
6.5,80.0,19.0,94.0,963.2,-1.0,-1.0,-1.0,-1.0,D5,2012-10-20 16:00:00,411.2,41.41843,2.12388
6.4,175.0,17.8,100.0,989.7,-1.0,-1.0,-1.0,-1.0,D6,2012-10-20 16:00:00,196,42.43515,3.16622
2.0,358.0,16.9,96.0,1001.4,-1.0,-1.0,-1.0,-1.0,D7,2012-10-20 16:00:00,53,41.18499,0.59376
1.2,230.0,13.0,99.0,949.0,-1.0,-1.0,-1.0,-1.0,D8,2012-10-20 16:00:00,515,40.95134,0.30565
6.0,109.0,22.0,91.0,1002.0,-1.0,-1.0,-1.0,-1.0,D9,2012-10-20 16:00:00,59,41.21553,1.52121
5.9,102.0,18.3,100.0,971.0,-1.0,-1.0,-1.0,-1.0,H1,2012-10-20 16:00:00,333,41.58642,1.65306
1.8,124.0,20.8,80.0,985.3,-1.0,-1.0,-1.0,-1.0,R1,2012-10-20 16:00:00,210,41.70637,1.87276
-1.0,-1.0,19.4,96.0,-1.0,1.5,161.0,-1.0,-1.0,UA,2012-10-20 16:00:00,93,40.9091,0.76943
-1.0,-1.0,19.7,89.0,-1.0,2.5,118.0,-1.0,-1.0,UB,2012-10-20 16:00:00,15,42.05398,3.06195
-1.0,-1.0,20.4,89.0,-1.0,1.0,139.0,-1.0,-1.0,UC,2012-10-20 16:00:00,60,41.97726,2.99705
-1.0,-1.0,20.8,93.0,-1.0,-1.0,-1.0,-1.0,-1.0,UD,2012-10-20 16:00:00,12,42.02895,3.06227
-1.0,-1.0,20.3,92.0,-1.0,-1.0,-1.0,-1.0,-1.0,UE,2012-10-20 16:00:00,4,42.02306,3.15719
-1.0,-1.0,18.1,100.0,-1.0,1.7,82.0,-1.0,-1.0,UF,2012-10-20 16:00:00,573,41.28832,1.90775
-1.0,-1.0,22.2,93.0,-1.0,1.7,94.0,-1.0,-1.0,UG,2012-10-20 16:00:00,3,41.29928,2.03787
-1.0,-1.0,18.2,94.0,-1.0,2.0,88.0,3.5,92.0,UH,2012-10-20 16:00:00,545,41.34171,1.48769
-1.0,-1.0,12.4,98.0,-1.0,0.4,17.0,-1.0,-1.0,UI,2012-10-20 16:00:00,1386,42.26477,1.76218
-1.0,-1.0,16.7,90.0,-1.0,3.8,111.0,6.4,116.0,UJ,2012-10-20 16:00:00,709,41.52879,1.3683
-1.0,-1.0,20.8,92.0,-1.0,1.2,263.0,-1.0,-1.0,UK,2012-10-20 16:00:00,161,41.27861,1.80479
-1.0,-1.0,19.1,84.0,-1.0,2.8,92.0,-1.0,-1.0,UL,2012-10-20 16:00:00,228,41.52911,0.75303
-1.0,-1.0,17.0,92.0,-1.0,3.6,145.0,-1.0,-1.0,UM,2012-10-20 16:00:00,505,41.35991,0.66789
-1.0,-1.0,20.1,96.0,-1.0,1.0,76.0,-1.0,-1.0,UN,2012-10-20 16:00:00,171,41.87449,2.92694
-1.0,-1.0,21.1,86.0,-1.0,-1.0,-1.0,-1.0,-1.0,UO,2012-10-20 16:00:00,97,41.91461,2.82069
2.3,96.0,21.4,89.0,1001.1,-1.0,-1.0,-1.0,-1.0,UP,2012-10-20 16:00:00,81,41.51773,2.37702
-1.0,-1.0,18.8,88.0,-1.0,1.9,68.0,-1.0,-1.0,UQ,2012-10-20 16:00:00,460,41.61991,2.44532
-1.0,-1.0,19.5,97.0,-1.0,1.6,210.0,-1.0,-1.0,US,2012-10-20 16:00:00,24,40.55786,0.52329
5.1,187.0,19.9,96.0,1007.2,-1.0,-1.0,-1.0,-1.0,UU,2012-10-20 16:00:00,3,40.70776,0.6321
-1.0,-1.0,20.3,87.0,1007.7,5.2,195.0,-1.0,-1.0,UW,2012-10-20 16:00:00,0,40.62725,0.65922
-1.0,-1.0,18.6,100.0,-1.0,0.5,157.0,-1.0,-1.0,UX,2012-10-20 16:00:00,210,40.62652,0.37112
-1.0,-1.0,18.3,80.0,-1.0,2.8,94.0,5.7,99.0,UY,2012-10-20 16:00:00,576,41.87912,0.76103
-1.0,-1.0,19.7,96.0,-1.0,1.0,131.0,-1.0,-1.0,U1,2012-10-20 16:00:00,31,42.30648,2.95481
1.1,153.0,19.7,99.0,1012.0,-1.0,-1.0,-1.0,-1.0,U2,2012-10-20 16:00:00,4,42.17716,3.0968
-1.0,-1.0,19.5,91.0,-1.0,1.1,145.0,-1.0,-1.0,U3,2012-10-20 16:00:00,257,41.37491,1.63032
4.2,95.0,19.5,73.0,-1.0,3.0,101.0,-1.0,-1.0,U4,2012-10-20 16:00:00,507,41.83094,1.84699
-1.0,-1.0,15.1,94.0,-1.0,2.3,54.0,-1.0,-1.0,U5,2012-10-20 16:00:00,969,41.31349,0.99611
-1.0,-1.0,20.5,91.0,-1.0,2.7,153.0,-1.0,-1.0,U6,2012-10-20 16:00:00,29,41.08017,1.06661
-1.0,-1.0,19.1,95.0,-1.0,0.4,153.0,-1.0,-1.0,U7,2012-10-20 16:00:00,52,40.85936,0.50525
-1.0,-1.0,19.4,93.0,-1.0,0.8,159.0,-1.0,-1.0,U9,2012-10-20 16:00:00,62,40.76947,0.61635
-1.0,-1.0,16.3,94.0,-1.0,2.0,255.0,-1.0,-1.0,VA,2012-10-20 16:00:00,257,41.19645,0.51161
1.9,210.0,19.7,92.0,-1.0,-1.0,-1.0,-1.0,-1.0,VB,2012-10-20 16:00:00,32,41.06289,0.63517
-1.0,-1.0,15.1,95.0,-1.0,2.4,250.0,-1.0,-1.0,VC,2012-10-20 16:00:00,69,41.24415,0.43266
-1.0,-1.0,17.6,87.0,-1.0,1.5,100.0,-1.0,-1.0,VD,2012-10-20 16:00:00,429,41.68939,1.20381
-1.0,-1.0,18.5,94.0,-1.0,1.0,208.0,-1.0,-1.0,VE,2012-10-20 16:00:00,97,41.48692,0.46058
-1.0,-1.0,19.7,83.0,-1.0,1.7,55.0,-1.0,-1.0,VF,2012-10-20 16:00:00,122,41.56482,0.54999
-1.0,-1.0,18.4,93.0,-1.0,1.2,84.0,-1.0,-1.0,VH,2012-10-20 16:00:00,259,41.65814,0.39301
-1.0,-1.0,20.3,75.0,-1.0,2.8,59.0,-1.0,-1.0,VJ,2012-10-20 16:00:00,161,41.59957,0.6478
5.7,93.0,19.0,87.0,974.6,-1.0,-1.0,-1.0,-1.0,VK,2012-10-20 16:00:00,286,41.68328,0.4487
-1.0,-1.0,19.8,78.0,-1.0,3.2,82.0,-1.0,-1.0,VM,2012-10-20 16:00:00,222,41.7145,0.62839
-1.0,-1.0,20.8,90.0,-1.0,-1.0,-1.0,-1.0,-1.0,VN,2012-10-20 16:00:00,117,41.88244,2.74262
-1.0,-1.0,18.0,70.0,-1.0,2.7,97.0,-1.0,-1.0,VO,2012-10-20 16:00:00,785,42.08745,1.42792
-1.0,-1.0,16.6,93.0,-1.0,2.8,103.0,5.0,104.0,VP,2012-10-20 16:00:00,659,41.80483,1.53853
5.9,125.0,20.5,96.0,994.8,-1.0,-1.0,-1.0,-1.0,VQ,2012-10-20 16:00:00,112,41.1713,1.16774
-1.0,-1.0,19.3,84.0,-1.0,1.1,47.0,-1.0,-1.0,VR,2012-10-20 16:00:00,291,41.68994,1.04401
17.8,201.0,7.6,100.0,771.3,-1.0,-1.0,-1.0,-1.0,VS,2012-10-20 16:00:00,2247,42.63835,0.77889
-1.0,-1.0,21.6,82.0,-1.0,2.0,112.0,-1.0,-1.0,VT,2012-10-20 16:00:00,84,41.48401,2.12745
-1.0,-1.0,17.9,84.0,-1.0,3.4,96.0,-1.0,-1.0,VU,2012-10-20 16:00:00,421,41.63286,1.91718
2.1,111.0,18.2,93.0,-1.0,-1.0,-1.0,-1.0,-1.0,VV,2012-10-20 16:00:00,528,41.68129,2.02647
-1.0,-1.0,15.0,94.0,-1.0,3.8,176.0,-1.0,-1.0,VX,2012-10-20 16:00:00,1030,41.74761,2.30291
-1.0,-1.0,19.4,92.0,-1.0,-1.0,-1.0,-1.0,-1.0,VY,2012-10-20 16:00:00,240,41.25095,1.29863
-1.0,-1.0,20.2,91.0,-1.0,-1.0,-1.0,-1.0,-1.0,VZ,2012-10-20 16:00:00,83,42.38443,3.00736
-1.0,-1.0,20.3,75.0,-1.0,2.8,116.0,-1.0,-1.0,V1,2012-10-20 16:00:00,238,41.78487,0.82939
-1.0,-1.0,18.5,90.0,-1.0,1.9,39.0,-1.0,-1.0,V3,2012-10-20 16:00:00,509,41.95224,2.23271
-1.0,-1.0,16.9,88.0,934.9,-1.0,-1.0,0.5,6.0,V4,2012-10-20 16:00:00,684,42.11477,2.21483
-1.0,-1.0,16.6,92.0,-1.0,3.6,88.0,4.0,85.0,V5,2012-10-20 16:00:00,774,42.03947,2.11993
-1.0,-1.0,19.1,83.0,-1.0,2.3,80.0,-1.0,-1.0,V8,2012-10-20 16:00:00,223,41.67279,0.87741
-1.0,-1.0,19.3,74.0,-1.0,4.9,94.0,-1.0,-1.0,WA,2012-10-20 16:00:00,443,41.87694,1.1541
-1.0,-1.0,19.3,82.0,-1.0,5.5,86.0,-1.0,-1.0,WB,2012-10-20 16:00:00,267,41.76036,0.67022
-1.0,-1.0,18.6,86.0,-1.0,3.3,86.0,-1.0,-1.0,WC,2012-10-20 16:00:00,261,41.63642,0.92446
-1.0,-1.0,13.3,100.0,-1.0,0.7,254.0,-1.0,-1.0,WD,2012-10-20 16:00:00,382,41.08671,0.31884
-1.0,-1.0,21.1,82.0,-1.0,1.8,94.0,-1.0,-1.0,WE,2012-10-20 16:00:00,126,41.5444,2.30014
-1.0,-1.0,20.6,89.0,-1.0,-1.0,-1.0,-1.0,-1.0,WF,2012-10-20 16:00:00,108,41.95425,2.77578
-1.0,-1.0,19.5,77.0,-1.0,4.1,80.0,-1.0,-1.0,WG,2012-10-20 16:00:00,301,41.80104,0.64804
-1.0,-1.0,15.0,95.0,-1.0,1.6,269.0,-1.0,-1.0,WI,2012-10-20 16:00:00,350,41.35741,0.4809
-1.0,-1.0,19.9,96.0,-1.0,2.0,179.0,-1.0,-1.0,WJ,2012-10-20 16:00:00,141,41.1223,0.72182
-1.0,-1.0,19.8,75.0,-1.0,1.8,53.0,-1.0,-1.0,WK,2012-10-20 16:00:00,268,41.81949,0.57768
-1.0,-1.0,19.2,84.0,-1.0,4.7,91.0,-1.0,-1.0,WL,2012-10-20 16:00:00,413,41.57236,1.0882
6.4,123.0,14.3,89.0,-1.0,-1.0,-1.0,-1.0,-1.0,WM,2012-10-20 16:00:00,1167,42.10736,1.8267
-1.0,-1.0,15.6,99.0,-1.0,-1.0,-1.0,7.6,124.0,WN,2012-10-20 16:00:00,916,41.59539,1.83751
-1.0,-1.0,20.5,91.0,-1.0,-1.0,-1.0,-1.0,-1.0,WO,2012-10-20 16:00:00,185,41.27151,1.46717
-1.0,-1.0,18.7,99.0,-1.0,2.0,127.0,-1.0,-1.0,WP,2012-10-20 16:00:00,325,41.48518,1.69337
12.8,142.0,10.9,99.0,838.1,-1.0,-1.0,-1.0,-1.0,WQ,2012-10-20 16:00:00,1572,42.0513,0.72952
-1.0,-1.0,18.6,94.0,-1.0,2.4,135.0,-1.0,-1.0,WR,2012-10-20 16:00:00,300,41.2163,0.79748
2.5,120.0,15.3,96.0,904.6,-1.0,-1.0,-1.0,-1.0,WS,2012-10-20 16:00:00,953,41.84008,2.41877
4.4,82.0,21.4,96.0,1011.0,-1.0,-1.0,-1.0,-1.0,WT,2012-10-20 16:00:00,2,41.64707,2.75658
-1.0,-1.0,21.5,90.0,1005.6,-1.0,-1.0,7.5,58.0,WU,2012-10-20 16:00:00,42,41.45215,2.24757
2.9,69.0,17.0,88.0,923.5,-1.0,-1.0,-1.0,-1.0,WV,2012-10-20 16:00:00,788,42.23414,1.87485
-1.0,-1.0,20.8,73.0,-1.0,-1.0,-1.0,-1.0,-1.0,WW,2012-10-20 16:00:00,278,41.79423,1.9368
-1.0,-1.0,17.6,77.0,-1.0,5.8,104.0,-1.0,-1.0,WX,2012-10-20 16:00:00,668,41.9178,0.88175
-1.0,-1.0,20.2,92.0,-1.0,1.2,124.0,-1.0,-1.0,WY,2012-10-20 16:00:00,164,41.43386,1.79429
2.6,116.0,22.2,91.0,1007.1,-1.0,-1.0,-1.0,-1.0,WZ,2012-10-20 16:00:00,17,41.20187,1.63346
-1.0,-1.0,19.9,90.0,-1.0,-1.0,-1.0,-1.0,-1.0,W1,2012-10-20 16:00:00,2,42.24726,3.09021
-1.0,-1.0,19.7,97.0,-1.0,-1.0,-1.0,-1.0,-1.0,W2,2012-10-20 16:00:00,7,42.18259,3.05783
-1.0,-1.0,20.2,89.0,-1.0,-1.0,-1.0,-1.0,-1.0,W3,2012-10-20 16:00:00,4,42.15006,3.06494
-1.0,-1.0,20.9,82.0,-1.0,4.6,136.0,-1.0,-1.0,W4,2012-10-20 16:00:00,240,41.36619,1.72857
-1.0,-1.0,20.3,69.0,-1.0,1.5,78.0,-1.0,-1.0,W5,2012-10-20 16:00:00,490,42.07683,1.31489
-1.0,-1.0,19.4,91.0,-1.0,2.0,143.0,-1.0,-1.0,W6,2012-10-20 16:00:00,158,41.13738,1.0187
-1.0,-1.0,19.1,87.0,-1.0,-1.0,-1.0,-1.0,-1.0,W8,2012-10-20 16:00:00,438,41.44237,1.15998
-1.0,-1.0,18.1,96.0,-1.0,0.8,338.0,-1.0,-1.0,W9,2012-10-20 16:00:00,461,42.14557,2.45451
7.6,107.0,15.7,96.0,920.8,-1.0,-1.0,-1.0,-1.0,XA,2012-10-20 16:00:00,785,41.60257,1.4007
-1.0,-1.0,17.3,94.0,-1.0,-1.0,-1.0,-1.0,-1.0,XB,2012-10-20 16:00:00,584,41.4779,1.53529
5.3,124.0,21.2,87.0,993.2,-1.0,-1.0,-1.0,-1.0,XC,2012-10-20 16:00:00,147,41.47892,1.97546
9.7,132.0,17.8,81.0,929.3,-1.0,-1.0,-1.0,-1.0,XD,2012-10-20 16:00:00,687,41.32,0.8857
5.4,137.0,21.3,86.0,1007.4,-1.0,-1.0,-1.0,-1.0,XE,2012-10-20 16:00:00,5,41.10393,1.201
5.3,91.0,20.4,89.0,980.4,-1.0,-1.0,-1.0,-1.0,XF,2012-10-20 16:00:00,258,41.56568,2.06952
5.5,90.0,21.9,77.0,996.6,-1.0,-1.0,-1.0,-1.0,XG,2012-10-20 16:00:00,123,41.56734,2.22619
-1.0,-1.0,18.8,74.0,933.2,-1.0,-1.0,-1.0,-1.0,XH,2012-10-20 16:00:00,679,42.40533,1.12993
-1.0,-1.0,19.4,82.0,979.4,3.8,93.0,-1.0,-1.0,XI,2012-10-20 16:00:00,247,41.61817,0.87182
1.4,36.0,20.8,92.0,1003.4,-1.0,-1.0,-1.0,-1.0,XJ,2012-10-20 16:00:00,72,41.98223,2.80686
12.4,120.0,10.8,100.0,-1.0,-1.0,-1.0,-1.0,-1.0,XK,2012-10-20 16:00:00,1668,41.77362,2.43774
5.4,85.0,21.9,92.0,-1.0,-1.0,-1.0,-1.0,-1.0,XL,2012-10-20 16:00:00,8,41.34045,2.08022
-1.0,-1.0,19.2,83.0,-1.0,3.7,84.0,-1.0,-1.0,XM,2012-10-20 16:00:00,235,41.59522,0.73507
-1.0,-1.0,17.3,97.0,-1.0,1.2,204.0,-1.0,-1.0,XN,2012-10-20 16:00:00,89,41.46379,0.42765
-1.0,-1.0,19.2,85.0,-1.0,-1.0,-1.0,-1.0,-1.0,XO,2012-10-20 16:00:00,499,41.93497,2.23987
-1.0,-1.0,14.1,99.0,-1.0,1.4,281.0,-1.0,-1.0,XP,2012-10-20 16:00:00,349,41.06581,0.43006
4.9,90.0,17.0,90.0,931.7,-1.0,-1.0,-1.0,-1.0,XT,2012-10-20 16:00:00,691,41.98766,1.51165
7.2,139.0,18.5,91.0,967.1,-1.0,-1.0,-1.0,-1.0,X1,2012-10-20 16:00:00,359,41.15374,0.81953
-1.0,-1.0,21.8,92.0,-1.0,-1.0,-1.0,-1.0,-1.0,X2,2012-10-20 16:00:00,7,41.38943,2.18847
10.4,92.0,18.6,83.0,965.0,-1.0,-1.0,-1.0,-1.0,X3,2012-10-20 16:00:00,370,41.74281,0.5358
3.9,78.0,21.9,91.0,1006.1,-1.0,-1.0,-1.0,-1.0,X4,2012-10-20 16:00:00,33,41.3839,2.16775
3.2,228.0,13.1,95.0,890.4,-1.0,-1.0,-1.0,-1.0,X5,2012-10-20 16:00:00,1055,40.79705,0.31822
-1.0,-1.0,20.3,70.0,-1.0,4.0,105.0,-1.0,-1.0,X6,2012-10-20 16:00:00,366,41.92173,1.02901
-1.0,-1.0,18.6,90.0,-1.0,2.0,112.0,-1.0,-1.0,X7,2012-10-20 16:00:00,215,41.51909,0.55314
4.7,88.0,20.8,91.0,1000.7,-1.0,-1.0,-1.0,-1.0,X8,2012-10-20 16:00:00,79,41.37919,2.1054
3.1,98.0,21.2,76.0,990.5,-1.0,-1.0,-1.0,-1.0,X9,2012-10-20 16:00:00,176,41.61265,2.16836
11.4,173.0,6.4,97.0,-1.0,-1.0,-1.0,-1.0,-1.0,ZB,2012-10-20 16:00:00,2451,42.51939,1.36597
10.3,84.0,7.2,99.0,-1.0,-1.0,-1.0,-1.0,-1.0,ZC,2012-10-20 16:00:00,2410,42.42117,2.24565
-1.0,-1.0,7.7,96.0,-1.0,-1.0,-1.0,7.5,122.0,Z1,2012-10-20 16:00:00,2266,42.64691,0.98486
-1.0,-1.0,5.8,98.0,-1.0,-1.0,-1.0,4.9,353.0,Z2,2012-10-20 16:00:00,2535,42.46602,0.88405
-1.0,-1.0,7.4,97.0,-1.0,-1.0,-1.0,3.2,134.0,Z3,2012-10-20 16:00:00,2230,42.46605,1.7785
-1.0,-1.0,6.8,98.0,-1.0,-1.0,-1.0,3.5,184.0,Z5,2012-10-20 16:00:00,2400,42.70029,1.27201
-1.0,-1.0,8.5,90.0,-1.0,-1.0,-1.0,2.6,68.0,Z6,2012-10-20 16:00:00,2228,42.77011,0.73198
5.0,258.0,6.1,98.0,-1.0,-1.0,-1.0,-1.0,-1.0,Z7,2012-10-20 16:00:00,2519,42.53412,1.05476
-1.0,-1.0,7.1,100.0,-1.0,-1.0,-1.0,18.0,121.0,Z8,2012-10-20 16:00:00,2316,42.18254,1.52407
13.4,111.0,8.0,97.0,-1.0,-1.0,-1.0,-1.0,-1.0,Z9,2012-10-20 16:00:00,2143,42.29265,1.71498
1.2,237.0,17.5,86.0,939.9,-1.0,-1.0,-1.0,-1.0,CC,2012-10-20 16:30:00,626,42.07398,2.20862
1.2,309.0,16.0,83.0,914.4,-1.0,-1.0,-1.0,-1.0,CD,2012-10-20 16:30:00,849,42.37083,1.43277
5.4,112.0,19.3,95.0,973.4,-1.0,-1.0,-1.0,-1.0,CE,2012-10-20 16:30:00,316,41.53109,1.80813
4.3,195.0,12.5,100.0,858.3,-1.0,-1.0,-1.0,-1.0,CG,2012-10-20 16:30:00,1405,42.37717,2.41456
2.0,42.0,15.1,96.0,916.3,-1.0,-1.0,-1.0,-1.0,CI,2012-10-20 16:30:00,852,42.25839,2.36429
2.5,49.0,20.9,58.0,945.4,-1.0,-1.0,-1.0,-1.0,CJ,2012-10-20 16:30:00,566.5,42.21624,1.33132
1.9,128.0,19.1,91.0,969.5,-1.0,-1.0,-1.0,-1.0,CL,2012-10-20 16:30:00,349,41.67399,1.76796
8.8,94.0,18.3,73.0,931.4,-1.0,-1.0,-1.0,-1.0,CP,2012-10-20 16:30:00,690,42.13924,1.03893
2.3,239.0,18.4,80.0,941.6,-1.0,-1.0,-1.0,-1.0,CQ,2012-10-20 16:30:00,594,41.99546,1.02569
5.4,65.0,15.7,95.0,913.7,-1.0,-1.0,-1.0,-1.0,CR,2012-10-20 16:30:00,873,42.08032,1.9624
2.1,164.0,18.3,69.0,916.0,-1.0,-1.0,-1.0,-1.0,CT,2012-10-20 16:30:00,823,42.39811,0.74362
0.7,43.0,11.6,94.0,896.2,-1.0,-1.0,-1.0,-1.0,CU,2012-10-20 16:30:00,1002,42.69856,0.79397
1.7,132.0,21.4,58.0,950.0,-1.0,-1.0,-1.0,-1.0,CV,2012-10-20 16:30:00,513.3,42.23939,0.96434
9.3,132.0,18.6,88.0,956.7,-1.0,-1.0,-1.0,-1.0,CW,2012-10-20 16:30:00,446,41.39241,1.09894
2.7,80.0,16.7,89.0,919.5,-1.0,-1.0,-1.0,-1.0,CY,2012-10-20 16:30:00,816,41.87813,2.17873
5.9,65.0,19.0,92.0,977.2,-1.0,-1.0,-1.0,-1.0,C6,2012-10-20 16:30:00,264,41.6566,0.95172
6.5,101.0,18.2,100.0,959.6,-1.0,-1.0,-1.0,-1.0,C7,2012-10-20 16:30:00,427,41.66695,1.16234
5.2,116.0,17.4,92.0,945.6,-1.0,-1.0,-1.0,-1.0,C8,2012-10-20 16:30:00,554,41.67555,1.29609
1.9,157.0,18.4,100.0,980.1,-1.0,-1.0,-1.0,-1.0,C9,2012-10-20 16:30:00,240,40.71825,0.39988
3.2,196.0,18.4,100.0,987.1,-1.0,-1.0,-1.0,-1.0,DB,2012-10-20 16:30:00,179,40.87287,0.71581
0.7,19.0,18.4,95.0,963.3,-1.0,-1.0,-1.0,-1.0,DC,2012-10-20 16:30:00,421.5,42.19144,2.48263
5.0,58.0,21.5,92.0,1005.5,-1.0,-1.0,-1.0,-1.0,DD,2012-10-20 16:30:00,44.5,41.51175,2.38674
1.4,119.0,21.0,94.0,1008.7,-1.0,-1.0,-1.0,-1.0,DF,2012-10-20 16:30:00,28.6,41.97751,3.03543
2.9,294.0,9.3,97.0,801.8,-1.0,-1.0,-1.0,-1.0,DG,2012-10-20 16:30:00,1971.4,42.39848,2.15517
4.2,117.0,18.7,97.0,962.4,-1.0,-1.0,-1.0,-1.0,DI,2012-10-20 16:30:00,415,41.43292,1.62386
2.0,78.0,19.5,99.0,991.6,-1.0,-1.0,-1.0,-1.0,DJ,2012-10-20 16:30:00,176,42.11653,2.78969
6.6,136.0,21.9,89.0,1008.8,-1.0,-1.0,-1.0,-1.0,DK,2012-10-20 16:30:00,2,41.14677,1.41846
4.9,194.0,20.9,88.0,1007.9,-1.0,-1.0,-1.0,-1.0,DL,2012-10-20 16:30:00,0.5,40.70719,0.83449
1.0,108.0,20.6,92.0,994.1,-1.0,-1.0,-1.0,-1.0,DN,2012-10-20 16:30:00,150,41.96095,2.63108
2.9,83.0,20.1,92.0,1009.9,-1.0,-1.0,-1.0,-1.0,DO,2012-10-20 16:30:00,14,41.80857,3.03241
2.9,47.0,15.5,75.0,889.0,-1.0,-1.0,-1.0,-1.0,DP,2012-10-20 16:30:00,1097,42.38605,1.8664
7.0,150.0,19.4,88.0,975.8,-1.0,-1.0,-1.0,-1.0,DQ,2012-10-20 16:30:00,287,41.30728,1.36259
-1.0,-1.0,17.6,92.0,961.5,-1.0,-1.0,-1.0,-1.0,D1,2012-10-20 16:30:00,404,41.28521,0.75383
-1.0,-1.0,19.7,88.0,970.2,-1.0,-1.0,-1.0,-1.0,D2,2012-10-20 16:30:00,343,41.59252,1.915
5.8,125.0,20.2,96.0,980.4,-1.0,-1.0,-1.0,-1.0,D3,2012-10-20 16:30:00,252,41.38197,1.93564
3.1,109.0,20.4,94.0,1009.1,-1.0,-1.0,-1.0,-1.0,D4,2012-10-20 16:30:00,24,42.27065,3.18165
5.6,92.0,19.0,94.0,963.4,-1.0,-1.0,-1.0,-1.0,D5,2012-10-20 16:30:00,411.2,41.41843,2.12388
6.6,174.0,18.0,100.0,989.5,-1.0,-1.0,-1.0,-1.0,D6,2012-10-20 16:30:00,196,42.43515,3.16622
1.1,351.0,17.0,98.0,1001.9,-1.0,-1.0,-1.0,-1.0,D7,2012-10-20 16:30:00,53,41.18499,0.59376
1.7,255.0,12.9,99.0,949.2,-1.0,-1.0,-1.0,-1.0,D8,2012-10-20 16:30:00,515,40.95134,0.30565
4.6,138.0,21.6,93.0,1002.2,-1.0,-1.0,-1.0,-1.0,D9,2012-10-20 16:30:00,59,41.21553,1.52121
6.0,108.0,19.4,94.0,971.1,-1.0,-1.0,-1.0,-1.0,H1,2012-10-20 16:30:00,333,41.58642,1.65306
2.0,147.0,21.0,79.0,985.2,-1.0,-1.0,-1.0,-1.0,R1,2012-10-20 16:30:00,210,41.70637,1.87276
3.5,167.0,19.6,96.0,995.4,-1.0,-1.0,-1.0,-1.0,VQ,2012-10-20 16:30:00,112,41.1713,1.16774
15.3,197.0,7.5,100.0,771.9,-1.0,-1.0,-1.0,-1.0,VS,2012-10-20 16:30:00,2247,42.63835,0.77889
-1.0,-1.0,21.4,91.0,1005.7,-1.0,-1.0,6.6,58.0,WU,2012-10-20 16:30:00,42,41.45215,2.24757
3.3,148.0,22.3,91.0,1007.3,-1.0,-1.0,-1.0,-1.0,WZ,2012-10-20 16:30:00,17,41.20187,1.63346
7.9,120.0,16.0,96.0,920.8,-1.0,-1.0,-1.0,-1.0,XA,2012-10-20 16:30:00,785,41.60257,1.4007
5.5,128.0,21.2,89.0,993.3,-1.0,-1.0,-1.0,-1.0,XC,2012-10-20 16:30:00,147,41.47892,1.97546
9.2,149.0,16.9,85.0,929.9,-1.0,-1.0,-1.0,-1.0,XD,2012-10-20 16:30:00,687,41.32,0.8857
3.6,162.0,21.1,87.0,1008.0,-1.0,-1.0,-1.0,-1.0,XE,2012-10-20 16:30:00,5,41.10393,1.201
5.5,99.0,20.4,90.0,980.3,-1.0,-1.0,-1.0,-1.0,XF,2012-10-20 16:30:00,258,41.56568,2.06952
4.6,98.0,21.9,77.0,996.7,-1.0,-1.0,-1.0,-1.0,XG,2012-10-20 16:30:00,123,41.56734,2.22619
-1.0,-1.0,17.1,84.0,933.5,-1.0,-1.0,-1.0,-1.0,XH,2012-10-20 16:30:00,679,42.40533,1.12993
1.5,29.0,21.0,87.0,1003.3,-1.0,-1.0,-1.0,-1.0,XJ,2012-10-20 16:30:00,72,41.98223,2.80686
11.1,135.0,11.2,100.0,-1.0,-1.0,-1.0,-1.0,-1.0,XK,2012-10-20 16:30:00,1668,41.77362,2.43774
5.2,87.0,22.1,92.0,-1.0,-1.0,-1.0,-1.0,-1.0,XL,2012-10-20 16:30:00,8,41.34045,2.08022
-1.0,-1.0,19.0,84.0,-1.0,-1.0,-1.0,-1.0,-1.0,XO,2012-10-20 16:30:00,499,41.93497,2.23987
-1.0,-1.0,14.0,99.0,-1.0,1.4,250.0,-1.0,-1.0,XP,2012-10-20 16:30:00,349,41.06581,0.43006
4.9,94.0,16.7,92.0,931.7,-1.0,-1.0,-1.0,-1.0,XT,2012-10-20 16:30:00,691,41.98766,1.51165
4.0,89.0,20.9,91.0,1000.8,-1.0,-1.0,-1.0,-1.0,X8,2012-10-20 16:30:00,79,41.37919,2.1054
11.5,177.0,6.4,97.0,-1.0,-1.0,-1.0,-1.0,-1.0,ZB,2012-10-20 16:30:00,2451,42.51939,1.36597
8.0,92.0,7.2,99.0,-1.0,-1.0,-1.0,-1.0,-1.0,ZC,2012-10-20 16:30:00,2410,42.42117,2.24565
-1.0,-1.0,7.6,97.0,-1.0,-1.0,-1.0,7.5,129.0,Z1,2012-10-20 16:30:00,2266,42.64691,0.98486
-1.0,-1.0,5.8,98.0,-1.0,-1.0,-1.0,4.3,357.0,Z2,2012-10-20 16:30:00,2535,42.46602,0.88405
-1.0,-1.0,7.6,97.0,-1.0,-1.0,-1.0,3.3,116.0,Z3,2012-10-20 16:30:00,2230,42.46605,1.7785
-1.0,-1.0,6.7,99.0,-1.0,-1.0,-1.0,3.8,149.0,Z5,2012-10-20 16:30:00,2400,42.70029,1.27201
-1.0,-1.0,8.3,92.0,-1.0,-1.0,-1.0,2.0,40.0,Z6,2012-10-20 16:30:00,2228,42.77011,0.73198
4.7,252.0,6.0,98.0,-1.0,-1.0,-1.0,-1.0,-1.0,Z7,2012-10-20 16:30:00,2519,42.53412,1.05476
-1.0,-1.0,7.1,100.0,-1.0,-1.0,-1.0,19.0,120.0,Z8,2012-10-20 16:30:00,2316,42.18254,1.52407
13.2,113.0,8.1,97.0,-1.0,-1.0,-1.0,-1.0,-1.0,Z9,2012-10-20 16:30:00,2143,42.29265,1.71498
0.8,215.0,17.4,87.0,940.0,-1.0,-1.0,-1.0,-1.0,CC,2012-10-20 17:00:00,626,42.07398,2.20862
1.5,302.0,15.6,85.0,914.3,-1.0,-1.0,-1.0,-1.0,CD,2012-10-20 17:00:00,849,42.37083,1.43277
4.5,107.0,19.3,97.0,973.7,-1.0,-1.0,-1.0,-1.0,CE,2012-10-20 17:00:00,316,41.53109,1.80813
4.7,200.0,12.4,100.0,858.4,-1.0,-1.0,-1.0,-1.0,CG,2012-10-20 17:00:00,1405,42.37717,2.41456
1.7,37.0,15.0,96.0,916.2,-1.0,-1.0,-1.0,-1.0,CI,2012-10-20 17:00:00,852,42.25839,2.36429
3.5,50.0,20.3,62.0,945.3,-1.0,-1.0,-1.0,-1.0,CJ,2012-10-20 17:00:00,566.5,42.21624,1.33132
2.5,144.0,18.6,98.0,969.9,-1.0,-1.0,-1.0,-1.0,CL,2012-10-20 17:00:00,349,41.67399,1.76796
8.5,109.0,16.7,85.0,931.7,-1.0,-1.0,-1.0,-1.0,CP,2012-10-20 17:00:00,690,42.13924,1.03893
2.6,200.0,16.8,92.0,942.1,-1.0,-1.0,-1.0,-1.0,CQ,2012-10-20 17:00:00,594,41.99546,1.02569
5.5,66.0,15.6,95.0,913.7,-1.0,-1.0,-1.0,-1.0,CR,2012-10-20 17:00:00,873,42.08032,1.9624
2.0,172.0,16.5,82.0,916.1,-1.0,-1.0,-1.0,-1.0,CT,2012-10-20 17:00:00,823,42.39811,0.74362
0.6,47.0,11.6,94.0,896.5,-1.0,-1.0,-1.0,-1.0,CU,2012-10-20 17:00:00,1002,42.69856,0.79397
1.3,151.0,20.2,66.0,950.2,-1.0,-1.0,-1.0,-1.0,CV,2012-10-20 17:00:00,513.3,42.23939,0.96434
5.9,138.0,18.7,81.0,957.9,-1.0,-1.0,-1.0,-1.0,CW,2012-10-20 17:00:00,446,41.39241,1.09894
2.5,73.0,17.1,85.0,919.6,-1.0,-1.0,-1.0,-1.0,CY,2012-10-20 17:00:00,816,41.87813,2.17873
4.5,104.0,19.2,94.0,977.9,-1.0,-1.0,-1.0,-1.0,C6,2012-10-20 17:00:00,264,41.6566,0.95172
4.7,116.0,18.0,100.0,960.1,-1.0,-1.0,-1.0,-1.0,C7,2012-10-20 17:00:00,427,41.66695,1.16234
6.0,109.0,18.1,90.0,945.6,-1.0,-1.0,-1.0,-1.0,C8,2012-10-20 17:00:00,554,41.67555,1.29609
2.1,158.0,18.5,100.0,980.6,-1.0,-1.0,-1.0,-1.0,C9,2012-10-20 17:00:00,240,40.71825,0.39988
4.2,203.0,18.6,100.0,987.6,-1.0,-1.0,-1.0,-1.0,DB,2012-10-20 17:00:00,179,40.87287,0.71581
1.0,16.0,18.2,97.0,963.3,-1.0,-1.0,-1.0,-1.0,DC,2012-10-20 17:00:00,421.5,42.19144,2.48263
3.7,70.0,21.3,93.0,1005.7,-1.0,-1.0,-1.0,-1.0,DD,2012-10-20 17:00:00,44.5,41.51175,2.38674
1.2,95.0,20.9,94.0,1008.5,-1.0,-1.0,-1.0,-1.0,DF,2012-10-20 17:00:00,28.6,41.97751,3.03543
3.1,294.0,9.3,97.0,802.0,-1.0,-1.0,-1.0,-1.0,DG,2012-10-20 17:00:00,1971.4,42.39848,2.15517
5.2,144.0,19.2,96.0,962.7,-1.0,-1.0,-1.0,-1.0,DI,2012-10-20 17:00:00,415,41.43292,1.62386
1.1,91.0,19.5,99.0,991.6,-1.0,-1.0,-1.0,-1.0,DJ,2012-10-20 17:00:00,176,42.11653,2.78969
5.3,139.0,21.8,86.0,1009.4,-1.0,-1.0,-1.0,-1.0,DK,2012-10-20 17:00:00,2,41.14677,1.41846
4.3,194.0,20.7,89.0,1008.4,-1.0,-1.0,-1.0,-1.0,DL,2012-10-20 17:00:00,0.5,40.70719,0.83449
0.4,109.0,20.4,92.0,994.0,-1.0,-1.0,-1.0,-1.0,DN,2012-10-20 17:00:00,150,41.96095,2.63108
3.1,81.0,20.4,93.0,1009.8,-1.0,-1.0,-1.0,-1.0,DO,2012-10-20 17:00:00,14,41.80857,3.03241
3.9,104.0,15.4,76.0,888.9,-1.0,-1.0,-1.0,-1.0,DP,2012-10-20 17:00:00,1097,42.38605,1.8664
4.6,160.0,18.7,87.0,976.9,-1.0,-1.0,-1.0,-1.0,DQ,2012-10-20 17:00:00,287,41.30728,1.36259
-1.0,-1.0,17.6,93.0,961.9,-1.0,-1.0,-1.0,-1.0,D1,2012-10-20 17:00:00,404,41.28521,0.75383
-1.0,-1.0,19.9,89.0,970.5,-1.0,-1.0,-1.0,-1.0,D2,2012-10-20 17:00:00,343,41.59252,1.915
5.1,139.0,20.5,94.0,980.7,-1.0,-1.0,-1.0,-1.0,D3,2012-10-20 17:00:00,252,41.38197,1.93564
3.2,111.0,20.5,94.0,1009.1,-1.0,-1.0,-1.0,-1.0,D4,2012-10-20 17:00:00,24,42.27065,3.18165
5.8,102.0,19.1,94.0,963.6,-1.0,-1.0,-1.0,-1.0,D5,2012-10-20 17:00:00,411.2,41.41843,2.12388
7.1,170.0,18.2,100.0,989.5,-1.0,-1.0,-1.0,-1.0,D6,2012-10-20 17:00:00,196,42.43515,3.16622
1.4,252.0,16.8,98.0,1002.6,-1.0,-1.0,-1.0,-1.0,D7,2012-10-20 17:00:00,53,41.18499,0.59376
2.1,256.0,12.4,99.0,949.9,-1.0,-1.0,-1.0,-1.0,D8,2012-10-20 17:00:00,515,40.95134,0.30565
1.2,171.0,20.7,93.0,1003.0,-1.0,-1.0,-1.0,-1.0,D9,2012-10-20 17:00:00,59,41.21553,1.52121
6.5,103.0,19.7,93.0,971.4,-1.0,-1.0,-1.0,-1.0,H1,2012-10-20 17:00:00,333,41.58642,1.65306
3.7,166.0,21.5,76.0,985.4,-1.0,-1.0,-1.0,-1.0,R1,2012-10-20 17:00:00,210,41.70637,1.87276
-1.0,-1.0,19.5,95.0,-1.0,1.6,172.0,-1.0,-1.0,UA,2012-10-20 17:00:00,93,40.9091,0.76943
-1.0,-1.0,19.7,89.0,-1.0,1.9,117.0,-1.0,-1.0,UB,2012-10-20 17:00:00,15,42.05398,3.06195
-1.0,-1.0,20.2,90.0,-1.0,0.6,51.0,-1.0,-1.0,UC,2012-10-20 17:00:00,60,41.97726,2.99705
-1.0,-1.0,20.8,93.0,-1.0,-1.0,-1.0,-1.0,-1.0,UD,2012-10-20 17:00:00,12,42.02895,3.06227
-1.0,-1.0,20.3,93.0,-1.0,-1.0,-1.0,-1.0,-1.0,UE,2012-10-20 17:00:00,4,42.02306,3.15719
-1.0,-1.0,18.2,100.0,-1.0,1.5,106.0,-1.0,-1.0,UF,2012-10-20 17:00:00,573,41.28832,1.90775
-1.0,-1.0,22.3,93.0,-1.0,1.7,117.0,-1.0,-1.0,UG,2012-10-20 17:00:00,3,41.29928,2.03787
-1.0,-1.0,17.4,94.0,-1.0,2.4,182.0,5.2,176.0,UH,2012-10-20 17:00:00,545,41.34171,1.48769
-1.0,-1.0,12.3,99.0,-1.0,0.3,108.0,-1.0,-1.0,UI,2012-10-20 17:00:00,1386,42.26477,1.76218
-1.0,-1.0,16.7,88.0,-1.0,3.2,159.0,6.4,158.0,UJ,2012-10-20 17:00:00,709,41.52879,1.3683
-1.0,-1.0,20.8,91.0,-1.0,1.1,166.0,-1.0,-1.0,UK,2012-10-20 17:00:00,161,41.27861,1.80479
-1.0,-1.0,18.2,94.0,-1.0,0.4,197.0,-1.0,-1.0,UL,2012-10-20 17:00:00,228,41.52911,0.75303
-1.0,-1.0,15.6,96.0,-1.0,2.7,167.0,-1.0,-1.0,UM,2012-10-20 17:00:00,505,41.35991,0.66789
-1.0,-1.0,20.4,93.0,-1.0,0.9,86.0,-1.0,-1.0,UN,2012-10-20 17:00:00,171,41.87449,2.92694
-1.0,-1.0,21.0,86.0,-1.0,-1.0,-1.0,-1.0,-1.0,UO,2012-10-20 17:00:00,97,41.91461,2.82069
2.1,117.0,21.3,90.0,1001.4,-1.0,-1.0,-1.0,-1.0,UP,2012-10-20 17:00:00,81,41.51773,2.37702
-1.0,-1.0,19.1,86.0,-1.0,1.6,99.0,-1.0,-1.0,UQ,2012-10-20 17:00:00,460,41.61991,2.44532
-1.0,-1.0,19.1,97.0,-1.0,1.1,240.0,-1.0,-1.0,US,2012-10-20 17:00:00,24,40.55786,0.52329
5.3,186.0,19.8,91.0,1008.2,-1.0,-1.0,-1.0,-1.0,UU,2012-10-20 17:00:00,3,40.70776,0.6321
-1.0,-1.0,20.1,85.0,1008.7,4.2,193.0,-1.0,-1.0,UW,2012-10-20 17:00:00,0,40.62725,0.65922
-1.0,-1.0,18.3,100.0,-1.0,0.9,152.0,-1.0,-1.0,UX,2012-10-20 17:00:00,210,40.62652,0.37112
-1.0,-1.0,17.1,91.0,-1.0,2.9,96.0,5.9,98.0,UY,2012-10-20 17:00:00,576,41.87912,0.76103
-1.0,-1.0,19.9,96.0,-1.0,1.0,114.0,-1.0,-1.0,U1,2012-10-20 17:00:00,31,42.30648,2.95481
3.4,112.0,20.0,99.0,1011.7,-1.0,-1.0,-1.0,-1.0,U2,2012-10-20 17:00:00,4,42.17716,3.0968
-1.0,-1.0,19.7,91.0,-1.0,1.0,165.0,-1.0,-1.0,U3,2012-10-20 17:00:00,257,41.37491,1.63032
3.9,95.0,18.3,84.0,-1.0,2.7,98.0,-1.0,-1.0,U4,2012-10-20 17:00:00,507,41.83094,1.84699
-1.0,-1.0,13.9,95.0,-1.0,1.5,150.0,-1.0,-1.0,U5,2012-10-20 17:00:00,969,41.31349,0.99611
-1.0,-1.0,20.7,86.0,-1.0,2.5,173.0,-1.0,-1.0,U6,2012-10-20 17:00:00,29,41.08017,1.06661
-1.0,-1.0,19.2,95.0,-1.0,0.5,155.0,-1.0,-1.0,U7,2012-10-20 17:00:00,52,40.85936,0.50525
-1.0,-1.0,19.1,93.0,-1.0,1.2,164.0,-1.0,-1.0,U9,2012-10-20 17:00:00,62,40.76947,0.61635
-1.0,-1.0,14.4,95.0,-1.0,2.8,240.0,-1.0,-1.0,VA,2012-10-20 17:00:00,257,41.19645,0.51161
3.5,296.0,17.3,90.0,-1.0,-1.0,-1.0,-1.0,-1.0,VB,2012-10-20 17:00:00,32,41.06289,0.63517
-1.0,-1.0,14.9,93.0,-1.0,2.9,235.0,-1.0,-1.0,VC,2012-10-20 17:00:00,69,41.24415,0.43266
-1.0,-1.0,17.9,87.0,-1.0,1.7,132.0,-1.0,-1.0,VD,2012-10-20 17:00:00,429,41.68939,1.20381
-1.0,-1.0,17.0,95.0,-1.0,1.1,172.0,-1.0,-1.0,VE,2012-10-20 17:00:00,97,41.48692,0.46058
-1.0,-1.0,18.7,93.0,-1.0,0.5,48.0,-1.0,-1.0,VF,2012-10-20 17:00:00,122,41.56482,0.54999
-1.0,-1.0,18.0,94.0,-1.0,1.8,90.0,-1.0,-1.0,VH,2012-10-20 17:00:00,259,41.65814,0.39301
-1.0,-1.0,18.6,90.0,-1.0,1.4,98.0,-1.0,-1.0,VJ,2012-10-20 17:00:00,161,41.59957,0.6478
6.2,102.0,18.0,94.0,975.0,-1.0,-1.0,-1.0,-1.0,VK,2012-10-20 17:00:00,286,41.68328,0.4487
-1.0,-1.0,18.4,88.0,-1.0,2.6,90.0,-1.0,-1.0,VM,2012-10-20 17:00:00,222,41.7145,0.62839
-1.0,-1.0,20.5,90.0,-1.0,-1.0,-1.0,-1.0,-1.0,VN,2012-10-20 17:00:00,117,41.88244,2.74262
-1.0,-1.0,16.6,81.0,-1.0,2.6,89.0,-1.0,-1.0,VO,2012-10-20 17:00:00,785,42.08745,1.42792
-1.0,-1.0,16.8,94.0,-1.0,2.2,108.0,3.5,109.0,VP,2012-10-20 17:00:00,659,41.80483,1.53853
2.6,176.0,19.5,97.0,996.1,-1.0,-1.0,-1.0,-1.0,VQ,2012-10-20 17:00:00,112,41.1713,1.16774
-1.0,-1.0,19.2,86.0,-1.0,0.8,122.0,-1.0,-1.0,VR,2012-10-20 17:00:00,291,41.68994,1.04401
13.3,197.0,7.4,100.0,772.3,-1.0,-1.0,-1.0,-1.0,VS,2012-10-20 17:00:00,2247,42.63835,0.77889
-1.0,-1.0,21.6,84.0,-1.0,1.9,120.0,-1.0,-1.0,VT,2012-10-20 17:00:00,84,41.48401,2.12745
-1.0,-1.0,18.4,83.0,-1.0,3.1,119.0,-1.0,-1.0,VU,2012-10-20 17:00:00,421,41.63286,1.91718
1.8,107.0,18.3,95.0,-1.0,-1.0,-1.0,-1.0,-1.0,VV,2012-10-20 17:00:00,528,41.68129,2.02647
-1.0,-1.0,15.0,97.0,-1.0,4.8,157.0,-1.0,-1.0,VX,2012-10-20 17:00:00,1030,41.74761,2.30291
-1.0,-1.0,18.4,93.0,-1.0,-1.0,-1.0,-1.0,-1.0,VY,2012-10-20 17:00:00,240,41.25095,1.29863
-1.0,-1.0,20.4,91.0,-1.0,-1.0,-1.0,-1.0,-1.0,VZ,2012-10-20 17:00:00,83,42.38443,3.00736
-1.0,-1.0,18.9,87.0,-1.0,1.6,100.0,-1.0,-1.0,V1,2012-10-20 17:00:00,238,41.78487,0.82939
-1.0,-1.0,17.9,94.0,-1.0,1.7,5.0,-1.0,-1.0,V3,2012-10-20 17:00:00,509,41.95224,2.23271
-1.0,-1.0,16.3,92.0,935.0,-1.0,-1.0,0.6,52.0,V4,2012-10-20 17:00:00,684,42.11477,2.21483
-1.0,-1.0,16.4,92.0,-1.0,3.4,80.0,3.8,79.0,V5,2012-10-20 17:00:00,774,42.03947,2.11993
-1.0,-1.0,18.6,88.0,-1.0,1.3,78.0,-1.0,-1.0,V8,2012-10-20 17:00:00,223,41.67279,0.87741
-1.0,-1.0,17.9,87.0,-1.0,3.2,85.0,-1.0,-1.0,WA,2012-10-20 17:00:00,443,41.87694,1.1541
-1.0,-1.0,18.3,91.0,-1.0,5.5,79.0,-1.0,-1.0,WB,2012-10-20 17:00:00,267,41.76036,0.67022
-1.0,-1.0,19.3,82.0,-1.0,3.1,135.0,-1.0,-1.0,WC,2012-10-20 17:00:00,261,41.63642,0.92446
-1.0,-1.0,13.1,100.0,-1.0,1.0,224.0,-1.0,-1.0,WD,2012-10-20 17:00:00,382,41.08671,0.31884
-1.0,-1.0,21.0,84.0,-1.0,0.7,104.0,-1.0,-1.0,WE,2012-10-20 17:00:00,126,41.5444,2.30014
-1.0,-1.0,20.2,91.0,-1.0,-1.0,-1.0,-1.0,-1.0,WF,2012-10-20 17:00:00,108,41.95425,2.77578
-1.0,-1.0,18.5,87.0,-1.0,4.9,71.0,-1.0,-1.0,WG,2012-10-20 17:00:00,301,41.80104,0.64804
-1.0,-1.0,14.6,95.0,-1.0,2.2,215.0,-1.0,-1.0,WI,2012-10-20 17:00:00,350,41.35741,0.4809
-1.0,-1.0,18.6,100.0,-1.0,1.1,210.0,-1.0,-1.0,WJ,2012-10-20 17:00:00,141,41.1223,0.72182
-1.0,-1.0,18.0,90.0,-1.0,2.2,43.0,-1.0,-1.0,WK,2012-10-20 17:00:00,268,41.81949,0.57768
-1.0,-1.0,18.8,85.0,-1.0,3.1,141.0,-1.0,-1.0,WL,2012-10-20 17:00:00,413,41.57236,1.0882
6.4,124.0,13.9,92.0,-1.0,-1.0,-1.0,-1.0,-1.0,WM,2012-10-20 17:00:00,1167,42.10736,1.8267
-1.0,-1.0,16.1,99.0,-1.0,-1.0,-1.0,8.9,149.0,WN,2012-10-20 17:00:00,916,41.59539,1.83751
-1.0,-1.0,19.6,88.0,-1.0,-1.0,-1.0,-1.0,-1.0,WO,2012-10-20 17:00:00,185,41.27151,1.46717
-1.0,-1.0,19.2,97.0,-1.0,2.3,144.0,-1.0,-1.0,WP,2012-10-20 17:00:00,325,41.48518,1.69337
13.9,161.0,11.3,99.0,837.9,-1.0,-1.0,-1.0,-1.0,WQ,2012-10-20 17:00:00,1572,42.0513,0.72952
-1.0,-1.0,18.5,91.0,-1.0,1.7,133.0,-1.0,-1.0,WR,2012-10-20 17:00:00,300,41.2163,0.79748
3.1,98.0,15.3,96.0,904.7,-1.0,-1.0,-1.0,-1.0,WS,2012-10-20 17:00:00,953,41.84008,2.41877
2.7,74.0,21.6,97.0,1011.2,-1.0,-1.0,-1.0,-1.0,WT,2012-10-20 17:00:00,2,41.64707,2.75658
-1.0,-1.0,21.5,91.0,1005.8,-1.0,-1.0,5.1,65.0,WU,2012-10-20 17:00:00,42,41.45215,2.24757
2.3,96.0,16.8,86.0,923.7,-1.0,-1.0,-1.0,-1.0,WV,2012-10-20 17:00:00,788,42.23414,1.87485
-1.0,-1.0,19.2,89.0,-1.0,-1.0,-1.0,-1.0,-1.0,WW,2012-10-20 17:00:00,278,41.79423,1.9368
-1.0,-1.0,16.0,93.0,-1.0,4.9,105.0,-1.0,-1.0,WX,2012-10-20 17:00:00,668,41.9178,0.88175
-1.0,-1.0,21.2,83.0,-1.0,1.2,180.0,-1.0,-1.0,WY,2012-10-20 17:00:00,164,41.43386,1.79429
2.3,185.0,21.5,87.0,1007.9,-1.0,-1.0,-1.0,-1.0,WZ,2012-10-20 17:00:00,17,41.20187,1.63346
-1.0,-1.0,20.1,90.0,-1.0,-1.0,-1.0,-1.0,-1.0,W1,2012-10-20 17:00:00,2,42.24726,3.09021
-1.0,-1.0,20.0,97.0,-1.0,-1.0,-1.0,-1.0,-1.0,W2,2012-10-20 17:00:00,7,42.18259,3.05783
-1.0,-1.0,20.2,90.0,-1.0,-1.0,-1.0,-1.0,-1.0,W3,2012-10-20 17:00:00,4,42.15006,3.06494
-1.0,-1.0,20.8,86.0,-1.0,3.8,168.0,-1.0,-1.0,W4,2012-10-20 17:00:00,240,41.36619,1.72857
-1.0,-1.0,18.1,88.0,-1.0,1.1,200.0,-1.0,-1.0,W5,2012-10-20 17:00:00,490,42.07683,1.31489
-1.0,-1.0,19.0,92.0,-1.0,0.8,143.0,-1.0,-1.0,W6,2012-10-20 17:00:00,158,41.13738,1.0187
-1.0,-1.0,18.3,89.0,-1.0,-1.0,-1.0,-1.0,-1.0,W8,2012-10-20 17:00:00,438,41.44237,1.15998
-1.0,-1.0,17.9,96.0,-1.0,0.5,329.0,-1.0,-1.0,W9,2012-10-20 17:00:00,461,42.14557,2.45451
8.3,117.0,16.3,96.0,921.0,-1.0,-1.0,-1.0,-1.0,XA,2012-10-20 17:00:00,785,41.60257,1.4007
-1.0,-1.0,17.8,92.0,-1.0,-1.0,-1.0,-1.0,-1.0,XB,2012-10-20 17:00:00,584,41.4779,1.53529
5.5,128.0,21.3,89.0,993.5,-1.0,-1.0,-1.0,-1.0,XC,2012-10-20 17:00:00,147,41.47892,1.97546
7.0,152.0,16.1,88.0,930.8,-1.0,-1.0,-1.0,-1.0,XD,2012-10-20 17:00:00,687,41.32,0.8857
3.9,168.0,21.2,82.0,1008.7,-1.0,-1.0,-1.0,-1.0,XE,2012-10-20 17:00:00,5,41.10393,1.201
5.7,106.0,20.7,88.0,980.6,-1.0,-1.0,-1.0,-1.0,XF,2012-10-20 17:00:00,258,41.56568,2.06952
3.9,103.0,21.9,77.0,997.0,-1.0,-1.0,-1.0,-1.0,XG,2012-10-20 17:00:00,123,41.56734,2.22619
-1.0,-1.0,16.1,92.0,933.4,-1.0,-1.0,-1.0,-1.0,XH,2012-10-20 17:00:00,679,42.40533,1.12993
-1.0,-1.0,19.9,79.0,980.2,2.9,135.0,-1.0,-1.0,XI,2012-10-20 17:00:00,247,41.61817,0.87182
1.6,24.0,20.8,89.0,1003.2,-1.0,-1.0,-1.0,-1.0,XJ,2012-10-20 17:00:00,72,41.98223,2.80686
10.3,144.0,11.3,100.0,-1.0,-1.0,-1.0,-1.0,-1.0,XK,2012-10-20 17:00:00,1668,41.77362,2.43774
4.3,93.0,22.0,93.0,-1.0,-1.0,-1.0,-1.0,-1.0,XL,2012-10-20 17:00:00,8,41.34045,2.08022
-1.0,-1.0,18.5,91.0,-1.0,1.5,145.0,-1.0,-1.0,XM,2012-10-20 17:00:00,235,41.59522,0.73507
-1.0,-1.0,16.6,97.0,-1.0,1.5,227.0,-1.0,-1.0,XN,2012-10-20 17:00:00,89,41.46379,0.42765
-1.0,-1.0,18.9,84.0,-1.0,-1.0,-1.0,-1.0,-1.0,XO,2012-10-20 17:00:00,499,41.93497,2.23987
-1.0,-1.0,13.9,98.0,-1.0,1.6,257.0,-1.0,-1.0,XP,2012-10-20 17:00:00,349,41.06581,0.43006
4.8,92.0,16.5,92.0,931.7,-1.0,-1.0,-1.0,-1.0,XT,2012-10-20 17:00:00,691,41.98766,1.51165
3.3,137.0,18.4,90.0,968.4,-1.0,-1.0,-1.0,-1.0,X1,2012-10-20 17:00:00,359,41.15374,0.81953
-1.0,-1.0,22.0,93.0,-1.0,-1.0,-1.0,-1.0,-1.0,X2,2012-10-20 17:00:00,7,41.38943,2.18847
9.7,104.0,17.4,92.0,965.4,-1.0,-1.0,-1.0,-1.0,X3,2012-10-20 17:00:00,370,41.74281,0.5358
3.3,86.0,22.4,90.0,1006.4,-1.0,-1.0,-1.0,-1.0,X4,2012-10-20 17:00:00,33,41.3839,2.16775
2.5,190.0,12.7,95.0,891.2,-1.0,-1.0,-1.0,-1.0,X5,2012-10-20 17:00:00,1055,40.79705,0.31822
-1.0,-1.0,18.1,89.0,-1.0,2.3,81.0,-1.0,-1.0,X6,2012-10-20 17:00:00,366,41.92173,1.02901
-1.0,-1.0,17.9,95.0,-1.0,1.9,161.0,-1.0,-1.0,X7,2012-10-20 17:00:00,215,41.51909,0.55314
4.2,89.0,21.1,90.0,1000.9,-1.0,-1.0,-1.0,-1.0,X8,2012-10-20 17:00:00,79,41.37919,2.1054
2.4,107.0,21.0,81.0,991.0,-1.0,-1.0,-1.0,-1.0,X9,2012-10-20 17:00:00,176,41.61265,2.16836
10.5,173.0,6.4,97.0,-1.0,-1.0,-1.0,-1.0,-1.0,ZB,2012-10-20 17:00:00,2451,42.51939,1.36597
6.3,136.0,7.1,99.0,-1.0,-1.0,-1.0,-1.0,-1.0,ZC,2012-10-20 17:00:00,2410,42.42117,2.24565
-1.0,-1.0,7.4,98.0,-1.0,-1.0,-1.0,7.0,121.0,Z1,2012-10-20 17:00:00,2266,42.64691,0.98486
-1.0,-1.0,5.7,98.0,-1.0,-1.0,-1.0,3.3,321.0,Z2,2012-10-20 17:00:00,2535,42.46602,0.88405
-1.0,-1.0,7.5,97.0,-1.0,-1.0,-1.0,4.2,111.0,Z3,2012-10-20 17:00:00,2230,42.46605,1.7785
-1.0,-1.0,6.7,100.0,-1.0,-1.0,-1.0,3.7,133.0,Z5,2012-10-20 17:00:00,2400,42.70029,1.27201
-1.0,-1.0,8.3,92.0,-1.0,-1.0,-1.0,1.6,34.0,Z6,2012-10-20 17:00:00,2228,42.77011,0.73198
4.3,248.0,5.9,98.0,-1.0,-1.0,-1.0,-1.0,-1.0,Z7,2012-10-20 17:00:00,2519,42.53412,1.05476
-1.0,-1.0,7.2,100.0,-1.0,-1.0,-1.0,18.9,121.0,Z8,2012-10-20 17:00:00,2316,42.18254,1.52407
13.2,113.0,8.1,97.0,-1.0,-1.0,-1.0,-1.0,-1.0,Z9,2012-10-20 17:00:00,2143,42.29265,1.71498
0.7,205.0,17.3,87.0,940.1,-1.0,-1.0,-1.0,-1.0,CC,2012-10-20 17:30:00,626,42.07398,2.20862
1.9,286.0,15.5,84.0,914.4,-1.0,-1.0,-1.0,-1.0,CD,2012-10-20 17:30:00,849,42.37083,1.43277
3.7,100.0,19.3,98.0,974.0,-1.0,-1.0,-1.0,-1.0,CE,2012-10-20 17:30:00,316,41.53109,1.80813
5.5,193.0,12.4,100.0,858.4,-1.0,-1.0,-1.0,-1.0,CG,2012-10-20 17:30:00,1405,42.37717,2.41456
1.3,40.0,14.8,96.0,916.3,-1.0,-1.0,-1.0,-1.0,CI,2012-10-20 17:30:00,852,42.25839,2.36429
2.3,158.0,19.4,70.0,946.0,-1.0,-1.0,-1.0,-1.0,CJ,2012-10-20 17:30:00,566.5,42.21624,1.33132
2.6,118.0,19.2,95.0,970.4,-1.0,-1.0,-1.0,-1.0,CL,2012-10-20 17:30:00,349,41.67399,1.76796
7.8,102.0,17.3,82.0,932.4,-1.0,-1.0,-1.0,-1.0,CP,2012-10-20 17:30:00,690,42.13924,1.03893
2.8,190.0,16.7,94.0,942.3,-1.0,-1.0,-1.0,-1.0,CQ,2012-10-20 17:30:00,594,41.99546,1.02569
4.1,65.0,15.7,94.0,914.0,-1.0,-1.0,-1.0,-1.0,CR,2012-10-20 17:30:00,873,42.08032,1.9624
1.4,163.0,15.1,93.0,916.9,-1.0,-1.0,-1.0,-1.0,CT,2012-10-20 17:30:00,823,42.39811,0.74362
0.4,138.0,11.5,94.0,897.0,-1.0,-1.0,-1.0,-1.0,CU,2012-10-20 17:30:00,1002,42.69856,0.79397
1.0,160.0,17.9,83.0,950.8,-1.0,-1.0,-1.0,-1.0,CV,2012-10-20 17:30:00,513.3,42.23939,0.96434
4.0,137.0,18.2,78.0,958.5,-1.0,-1.0,-1.0,-1.0,CW,2012-10-20 17:30:00,446,41.39241,1.09894
2.0,106.0,16.7,91.0,919.8,-1.0,-1.0,-1.0,-1.0,CY,2012-10-20 17:30:00,816,41.87813,2.17873
5.7,110.0,19.8,88.0,978.2,-1.0,-1.0,-1.0,-1.0,C6,2012-10-20 17:30:00,264,41.6566,0.95172
7.5,152.0,18.1,99.0,960.6,-1.0,-1.0,-1.0,-1.0,C7,2012-10-20 17:30:00,427,41.66695,1.16234
6.5,152.0,18.2,88.0,946.6,-1.0,-1.0,-1.0,-1.0,C8,2012-10-20 17:30:00,554,41.67555,1.29609
2.9,155.0,18.3,100.0,981.2,-1.0,-1.0,-1.0,-1.0,C9,2012-10-20 17:30:00,240,40.71825,0.39988
4.0,208.0,18.3,100.0,988.3,-1.0,-1.0,-1.0,-1.0,DB,2012-10-20 17:30:00,179,40.87287,0.71581
0.7,19.0,18.0,98.0,963.3,-1.0,-1.0,-1.0,-1.0,DC,2012-10-20 17:30:00,421.5,42.19144,2.48263
3.2,68.0,21.3,94.0,1006.0,-1.0,-1.0,-1.0,-1.0,DD,2012-10-20 17:30:00,44.5,41.51175,2.38674
0.7,100.0,20.7,95.0,1008.6,-1.0,-1.0,-1.0,-1.0,DF,2012-10-20 17:30:00,28.6,41.97751,3.03543
3.4,308.0,9.1,97.0,801.8,-1.0,-1.0,-1.0,-1.0,DG,2012-10-20 17:30:00,1971.4,42.39848,2.15517
5.0,171.0,19.3,96.0,963.2,-1.0,-1.0,-1.0,-1.0,DI,2012-10-20 17:30:00,415,41.43292,1.62386
0.6,50.0,19.6,99.0,991.6,-1.0,-1.0,-1.0,-1.0,DJ,2012-10-20 17:30:00,176,42.11653,2.78969
5.2,138.0,21.9,84.0,1009.8,-1.0,-1.0,-1.0,-1.0,DK,2012-10-20 17:30:00,2,41.14677,1.41846
3.9,193.0,20.6,89.0,1009.0,-1.0,-1.0,-1.0,-1.0,DL,2012-10-20 17:30:00,0.5,40.70719,0.83449
0.2,234.0,20.1,95.0,994.3,-1.0,-1.0,-1.0,-1.0,DN,2012-10-20 17:30:00,150,41.96095,2.63108
2.0,64.0,20.5,93.0,1010.0,-1.0,-1.0,-1.0,-1.0,DO,2012-10-20 17:30:00,14,41.80857,3.03241
3.1,34.0,15.3,76.0,889.0,-1.0,-1.0,-1.0,-1.0,DP,2012-10-20 17:30:00,1097,42.38605,1.8664
3.5,138.0,18.2,87.0,977.4,-1.0,-1.0,-1.0,-1.0,DQ,2012-10-20 17:30:00,287,41.30728,1.36259
-1.0,-1.0,18.0,88.0,962.4,-1.0,-1.0,-1.0,-1.0,D1,2012-10-20 17:30:00,404,41.28521,0.75383
-1.0,-1.0,19.8,90.0,970.8,-1.0,-1.0,-1.0,-1.0,D2,2012-10-20 17:30:00,343,41.59252,1.915
5.4,137.0,20.7,92.0,981.0,-1.0,-1.0,-1.0,-1.0,D3,2012-10-20 17:30:00,252,41.38197,1.93564
2.5,110.0,20.7,94.0,1008.9,-1.0,-1.0,-1.0,-1.0,D4,2012-10-20 17:30:00,24,42.27065,3.18165
5.1,97.0,19.3,94.0,963.7,-1.0,-1.0,-1.0,-1.0,D5,2012-10-20 17:30:00,411.2,41.41843,2.12388
7.0,167.0,18.4,99.0,989.4,-1.0,-1.0,-1.0,-1.0,D6,2012-10-20 17:30:00,196,42.43515,3.16622
2.0,202.0,15.9,97.0,1003.5,-1.0,-1.0,-1.0,-1.0,D7,2012-10-20 17:30:00,53,41.18499,0.59376
1.9,223.0,12.1,99.0,950.4,-1.0,-1.0,-1.0,-1.0,D8,2012-10-20 17:30:00,515,40.95134,0.30565
0.8,178.0,20.3,90.0,1003.4,-1.0,-1.0,-1.0,-1.0,D9,2012-10-20 17:30:00,59,41.21553,1.52121
4.5,103.0,19.8,93.0,971.9,-1.0,-1.0,-1.0,-1.0,H1,2012-10-20 17:30:00,333,41.58642,1.65306
3.0,166.0,21.5,77.0,985.8,-1.0,-1.0,-1.0,-1.0,R1,2012-10-20 17:30:00,210,41.70637,1.87276
1.7,169.0,19.6,92.0,996.5,-1.0,-1.0,-1.0,-1.0,VQ,2012-10-20 17:30:00,112,41.1713,1.16774
6.7,183.0,7.4,100.0,773.3,-1.0,-1.0,-1.0,-1.0,VS,2012-10-20 17:30:00,2247,42.63835,0.77889
-1.0,-1.0,21.5,91.0,1006.0,-1.0,-1.0,4.9,57.0,WU,2012-10-20 17:30:00,42,41.45215,2.24757
1.7,168.0,21.4,86.0,1008.3,-1.0,-1.0,-1.0,-1.0,WZ,2012-10-20 17:30:00,17,41.20187,1.63346
6.7,142.0,16.5,93.0,922.0,-1.0,-1.0,-1.0,-1.0,XA,2012-10-20 17:30:00,785,41.60257,1.4007
4.3,125.0,21.4,88.0,993.8,-1.0,-1.0,-1.0,-1.0,XC,2012-10-20 17:30:00,147,41.47892,1.97546
6.6,153.0,16.2,84.0,931.3,-1.0,-1.0,-1.0,-1.0,XD,2012-10-20 17:30:00,687,41.32,0.8857
2.5,159.0,21.2,85.0,1009.1,-1.0,-1.0,-1.0,-1.0,XE,2012-10-20 17:30:00,5,41.10393,1.201
4.7,103.0,20.6,90.0,980.9,-1.0,-1.0,-1.0,-1.0,XF,2012-10-20 17:30:00,258,41.56568,2.06952
3.4,109.0,21.9,78.0,997.2,-1.0,-1.0,-1.0,-1.0,XG,2012-10-20 17:30:00,123,41.56734,2.22619
-1.0,-1.0,15.4,97.0,933.8,-1.0,-1.0,-1.0,-1.0,XH,2012-10-20 17:30:00,679,42.40533,1.12993
1.2,3.0,20.5,94.0,1003.4,-1.0,-1.0,-1.0,-1.0,XJ,2012-10-20 17:30:00,72,41.98223,2.80686
9.5,148.0,11.6,100.0,-1.0,-1.0,-1.0,-1.0,-1.0,XK,2012-10-20 17:30:00,1668,41.77362,2.43774
3.5,101.0,22.0,94.0,-1.0,-1.0,-1.0,-1.0,-1.0,XL,2012-10-20 17:30:00,8,41.34045,2.08022
-1.0,-1.0,18.1,92.0,-1.0,-1.0,-1.0,-1.0,-1.0,XO,2012-10-20 17:30:00,499,41.93497,2.23987
-1.0,-1.0,13.9,97.0,-1.0,1.3,273.0,-1.0,-1.0,XP,2012-10-20 17:30:00,349,41.06581,0.43006
4.0,121.0,16.1,97.0,932.5,-1.0,-1.0,-1.0,-1.0,XT,2012-10-20 17:30:00,691,41.98766,1.51165
4.3,86.0,21.2,91.0,1001.1,-1.0,-1.0,-1.0,-1.0,X8,2012-10-20 17:30:00,79,41.37919,2.1054
9.8,169.0,6.4,97.0,-1.0,-1.0,-1.0,-1.0,-1.0,ZB,2012-10-20 17:30:00,2451,42.51939,1.36597
5.6,171.0,7.0,99.0,-1.0,-1.0,-1.0,-1.0,-1.0,ZC,2012-10-20 17:30:00,2410,42.42117,2.24565
-1.0,-1.0,7.3,98.0,-1.0,-1.0,-1.0,7.2,127.0,Z1,2012-10-20 17:30:00,2266,42.64691,0.98486
-1.0,-1.0,5.7,98.0,-1.0,-1.0,-1.0,6.5,309.0,Z2,2012-10-20 17:30:00,2535,42.46602,0.88405
-1.0,-1.0,7.5,97.0,-1.0,-1.0,-1.0,4.4,105.0,Z3,2012-10-20 17:30:00,2230,42.46605,1.7785
-1.0,-1.0,6.7,100.0,-1.0,-1.0,-1.0,4.0,110.0,Z5,2012-10-20 17:30:00,2400,42.70029,1.27201
-1.0,-1.0,8.0,95.0,-1.0,-1.0,-1.0,1.9,34.0,Z6,2012-10-20 17:30:00,2228,42.77011,0.73198
3.9,310.0,5.9,98.0,-1.0,-1.0,-1.0,-1.0,-1.0,Z7,2012-10-20 17:30:00,2519,42.53412,1.05476
-1.0,-1.0,7.4,100.0,-1.0,-1.0,-1.0,17.4,123.0,Z8,2012-10-20 17:30:00,2316,42.18254,1.52407
13.5,111.0,8.3,97.0,-1.0,-1.0,-1.0,-1.0,-1.0,Z9,2012-10-20 17:30:00,2143,42.29265,1.71498
1.4,222.0,16.9,90.0,940.3,-1.0,-1.0,-1.0,-1.0,CC,2012-10-20 18:00:00,626,42.07398,2.20862
1.7,298.0,15.2,87.0,914.9,-1.0,-1.0,-1.0,-1.0,CD,2012-10-20 18:00:00,849,42.37083,1.43277
3.0,107.0,19.4,97.0,974.5,-1.0,-1.0,-1.0,-1.0,CE,2012-10-20 18:00:00,316,41.53109,1.80813
5.1,186.0,12.5,100.0,858.3,-1.0,-1.0,-1.0,-1.0,CG,2012-10-20 18:00:00,1405,42.37717,2.41456
1.3,51.0,14.9,96.0,916.5,-1.0,-1.0,-1.0,-1.0,CI,2012-10-20 18:00:00,852,42.25839,2.36429
1.7,75.0,17.6,84.0,946.8,-1.0,-1.0,-1.0,-1.0,CJ,2012-10-20 18:00:00,566.5,42.21624,1.33132
2.6,108.0,19.4,93.0,970.7,-1.0,-1.0,-1.0,-1.0,CL,2012-10-20 18:00:00,349,41.67399,1.76796
12.5,111.0,17.4,82.0,932.1,-1.0,-1.0,-1.0,-1.0,CP,2012-10-20 18:00:00,690,42.13924,1.03893
4.0,199.0,16.4,97.0,943.1,-1.0,-1.0,-1.0,-1.0,CQ,2012-10-20 18:00:00,594,41.99546,1.02569
3.3,72.0,15.7,94.0,914.3,-1.0,-1.0,-1.0,-1.0,CR,2012-10-20 18:00:00,873,42.08032,1.9624
1.6,171.0,15.9,85.0,917.0,-1.0,-1.0,-1.0,-1.0,CT,2012-10-20 18:00:00,823,42.39811,0.74362
0.4,58.0,11.5,94.0,897.2,-1.0,-1.0,-1.0,-1.0,CU,2012-10-20 18:00:00,1002,42.69856,0.79397
3.5,145.0,19.4,71.0,950.9,-1.0,-1.0,-1.0,-1.0,CV,2012-10-20 18:00:00,513.3,42.23939,0.96434
4.0,119.0,17.9,81.0,958.8,-1.0,-1.0,-1.0,-1.0,CW,2012-10-20 18:00:00,446,41.39241,1.09894
1.5,88.0,16.6,92.0,920.1,-1.0,-1.0,-1.0,-1.0,CY,2012-10-20 18:00:00,816,41.87813,2.17873
5.4,121.0,19.3,85.0,978.9,-1.0,-1.0,-1.0,-1.0,C6,2012-10-20 18:00:00,264,41.6566,0.95172
7.1,146.0,18.0,96.0,961.0,-1.0,-1.0,-1.0,-1.0,C7,2012-10-20 18:00:00,427,41.66695,1.16234
5.0,164.0,17.3,87.0,947.1,-1.0,-1.0,-1.0,-1.0,C8,2012-10-20 18:00:00,554,41.67555,1.29609
2.5,171.0,18.0,99.0,981.6,-1.0,-1.0,-1.0,-1.0,C9,2012-10-20 18:00:00,240,40.71825,0.39988
3.3,203.0,18.1,100.0,988.7,-1.0,-1.0,-1.0,-1.0,DB,2012-10-20 18:00:00,179,40.87287,0.71581
0.8,21.0,18.0,98.0,963.4,-1.0,-1.0,-1.0,-1.0,DC,2012-10-20 18:00:00,421.5,42.19144,2.48263
2.7,66.0,21.2,95.0,1006.2,-1.0,-1.0,-1.0,-1.0,DD,2012-10-20 18:00:00,44.5,41.51175,2.38674
0.8,101.0,20.7,96.0,1008.7,-1.0,-1.0,-1.0,-1.0,DF,2012-10-20 18:00:00,28.6,41.97751,3.03543
3.1,305.0,9.2,97.0,801.7,-1.0,-1.0,-1.0,-1.0,DG,2012-10-20 18:00:00,1971.4,42.39848,2.15517
3.3,201.0,18.4,95.0,963.8,-1.0,-1.0,-1.0,-1.0,DI,2012-10-20 18:00:00,415,41.43292,1.62386
0.2,54.0,19.6,99.0,991.8,-1.0,-1.0,-1.0,-1.0,DJ,2012-10-20 18:00:00,176,42.11653,2.78969
5.2,152.0,21.8,85.0,1010.1,-1.0,-1.0,-1.0,-1.0,DK,2012-10-20 18:00:00,2,41.14677,1.41846
3.6,194.0,20.6,89.0,1009.4,-1.0,-1.0,-1.0,-1.0,DL,2012-10-20 18:00:00,0.5,40.70719,0.83449
0.0,280.0,19.7,96.0,994.3,-1.0,-1.0,-1.0,-1.0,DN,2012-10-20 18:00:00,150,41.96095,2.63108
1.3,46.0,20.6,93.0,1010.2,-1.0,-1.0,-1.0,-1.0,DO,2012-10-20 18:00:00,14,41.80857,3.03241
3.5,108.0,15.4,77.0,889.0,-1.0,-1.0,-1.0,-1.0,DP,2012-10-20 18:00:00,1097,42.38605,1.8664
2.9,125.0,18.0,89.0,977.7,-1.0,-1.0,-1.0,-1.0,DQ,2012-10-20 18:00:00,287,41.30728,1.36259
-1.0,-1.0,15.5,94.0,963.1,-1.0,-1.0,-1.0,-1.0,D1,2012-10-20 18:00:00,404,41.28521,0.75383
-1.0,-1.0,19.7,92.0,971.2,-1.0,-1.0,-1.0,-1.0,D2,2012-10-20 18:00:00,343,41.59252,1.915
4.3,158.0,20.7,90.0,981.5,-1.0,-1.0,-1.0,-1.0,D3,2012-10-20 18:00:00,252,41.38197,1.93564
3.8,110.0,20.8,94.0,1009.0,-1.0,-1.0,-1.0,-1.0,D4,2012-10-20 18:00:00,24,42.27065,3.18165
4.7,167.0,19.4,94.0,964.1,-1.0,-1.0,-1.0,-1.0,D5,2012-10-20 18:00:00,411.2,41.41843,2.12388
6.5,163.0,18.5,99.0,989.3,-1.0,-1.0,-1.0,-1.0,D6,2012-10-20 18:00:00,196,42.43515,3.16622
1.2,3.0,16.0,96.0,1004.2,-1.0,-1.0,-1.0,-1.0,D7,2012-10-20 18:00:00,53,41.18499,0.59376
1.8,199.0,12.2,99.0,950.9,-1.0,-1.0,-1.0,-1.0,D8,2012-10-20 18:00:00,515,40.95134,0.30565
0.8,140.0,19.9,92.0,1003.7,-1.0,-1.0,-1.0,-1.0,D9,2012-10-20 18:00:00,59,41.21553,1.52121
3.1,126.0,19.6,94.0,972.5,-1.0,-1.0,-1.0,-1.0,H1,2012-10-20 18:00:00,333,41.58642,1.65306
2.1,166.0,21.2,79.0,986.2,-1.0,-1.0,-1.0,-1.0,R1,2012-10-20 18:00:00,210,41.70637,1.87276
-1.0,-1.0,19.3,95.0,-1.0,1.2,162.0,-1.0,-1.0,UA,2012-10-20 18:00:00,93,40.9091,0.76943
-1.0,-1.0,19.8,90.0,-1.0,1.3,131.0,-1.0,-1.0,UB,2012-10-20 18:00:00,15,42.05398,3.06195
-1.0,-1.0,20.1,91.0,-1.0,0.4,352.0,-1.0,-1.0,UC,2012-10-20 18:00:00,60,41.97726,2.99705
-1.0,-1.0,20.9,94.0,-1.0,-1.0,-1.0,-1.0,-1.0,UD,2012-10-20 18:00:00,12,42.02895,3.06227
-1.0,-1.0,20.6,93.0,-1.0,-1.0,-1.0,-1.0,-1.0,UE,2012-10-20 18:00:00,4,42.02306,3.15719
-1.0,-1.0,17.0,100.0,-1.0,2.3,159.0,-1.0,-1.0,UF,2012-10-20 18:00:00,573,41.28832,1.90775
-1.0,-1.0,22.0,93.0,-1.0,0.5,137.0,-1.0,-1.0,UG,2012-10-20 18:00:00,3,41.29928,2.03787
-1.0,-1.0,17.0,94.0,-1.0,0.9,157.0,1.9,153.0,UH,2012-10-20 18:00:00,545,41.34171,1.48769
-1.0,-1.0,12.4,99.0,-1.0,0.5,42.0,-1.0,-1.0,UI,2012-10-20 18:00:00,1386,42.26477,1.76218
-1.0,-1.0,15.7,88.0,-1.0,1.2,135.0,3.0,138.0,UJ,2012-10-20 18:00:00,709,41.52879,1.3683
-1.0,-1.0,19.7,91.0,-1.0,0.7,84.0,-1.0,-1.0,UK,2012-10-20 18:00:00,161,41.27861,1.80479
-1.0,-1.0,17.5,94.0,-1.0,0.7,245.0,-1.0,-1.0,UL,2012-10-20 18:00:00,228,41.52911,0.75303
-1.0,-1.0,12.9,97.0,-1.0,1.8,182.0,-1.0,-1.0,UM,2012-10-20 18:00:00,505,41.35991,0.66789
-1.0,-1.0,20.6,92.0,-1.0,0.5,110.0,-1.0,-1.0,UN,2012-10-20 18:00:00,171,41.87449,2.92694
-1.0,-1.0,20.5,90.0,-1.0,-1.0,-1.0,-1.0,-1.0,UO,2012-10-20 18:00:00,97,41.91461,2.82069
1.3,91.0,21.2,92.0,1001.7,-1.0,-1.0,-1.0,-1.0,UP,2012-10-20 18:00:00,81,41.51773,2.37702
-1.0,-1.0,19.0,89.0,-1.0,1.0,101.0,-1.0,-1.0,UQ,2012-10-20 18:00:00,460,41.61991,2.44532
-1.0,-1.0,18.9,98.0,-1.0,0.4,253.0,-1.0,-1.0,US,2012-10-20 18:00:00,24,40.55786,0.52329
3.8,183.0,19.4,93.0,1009.2,-1.0,-1.0,-1.0,-1.0,UU,2012-10-20 18:00:00,3,40.70776,0.6321
-1.0,-1.0,20.1,85.0,1009.7,3.6,197.0,-1.0,-1.0,UW,2012-10-20 18:00:00,0,40.62725,0.65922
-1.0,-1.0,17.5,100.0,-1.0,0.4,156.0,-1.0,-1.0,UX,2012-10-20 18:00:00,210,40.62652,0.37112
-1.0,-1.0,16.9,93.0,-1.0,2.4,102.0,4.2,112.0,UY,2012-10-20 18:00:00,576,41.87912,0.76103
-1.0,-1.0,19.8,97.0,-1.0,0.6,164.0,-1.0,-1.0,U1,2012-10-20 18:00:00,31,42.30648,2.95481
3.8,136.0,20.4,99.0,1011.9,-1.0,-1.0,-1.0,-1.0,U2,2012-10-20 18:00:00,4,42.17716,3.0968
-1.0,-1.0,18.5,92.0,-1.0,0.3,45.0,-1.0,-1.0,U3,2012-10-20 18:00:00,257,41.37491,1.63032
2.2,59.0,18.1,89.0,-1.0,1.4,67.0,-1.0,-1.0,U4,2012-10-20 18:00:00,507,41.83094,1.84699
-1.0,-1.0,13.7,95.0,-1.0,1.2,81.0,-1.0,-1.0,U5,2012-10-20 18:00:00,969,41.31349,0.99611
-1.0,-1.0,20.8,84.0,-1.0,1.8,171.0,-1.0,-1.0,U6,2012-10-20 18:00:00,29,41.08017,1.06661
-1.0,-1.0,18.7,95.0,-1.0,0.4,43.0,-1.0,-1.0,U7,2012-10-20 18:00:00,52,40.85936,0.50525
-1.0,-1.0,18.9,93.0,-1.0,0.5,168.0,-1.0,-1.0,U9,2012-10-20 18:00:00,62,40.76947,0.61635
-1.0,-1.0,14.2,95.0,-1.0,0.9,177.0,-1.0,-1.0,VA,2012-10-20 18:00:00,257,41.19645,0.51161
2.2,281.0,16.6,87.0,-1.0,-1.0,-1.0,-1.0,-1.0,VB,2012-10-20 18:00:00,32,41.06289,0.63517
-1.0,-1.0,15.1,91.0,-1.0,1.9,267.0,-1.0,-1.0,VC,2012-10-20 18:00:00,69,41.24415,0.43266
-1.0,-1.0,18.0,78.0,-1.0,2.0,135.0,-1.0,-1.0,VD,2012-10-20 18:00:00,429,41.68939,1.20381
-1.0,-1.0,15.3,95.0,-1.0,1.1,191.0,-1.0,-1.0,VE,2012-10-20 18:00:00,97,41.48692,0.46058
-1.0,-1.0,16.0,94.0,-1.0,0.6,237.0,-1.0,-1.0,VF,2012-10-20 18:00:00,122,41.56482,0.54999
-1.0,-1.0,15.8,96.0,-1.0,2.5,177.0,-1.0,-1.0,VH,2012-10-20 18:00:00,259,41.65814,0.39301
-1.0,-1.0,17.3,91.0,-1.0,1.4,225.0,-1.0,-1.0,VJ,2012-10-20 18:00:00,161,41.59957,0.6478
4.0,160.0,16.4,96.0,976.4,-1.0,-1.0,-1.0,-1.0,VK,2012-10-20 18:00:00,286,41.68328,0.4487
-1.0,-1.0,18.2,89.0,-1.0,1.0,162.0,-1.0,-1.0,VM,2012-10-20 18:00:00,222,41.7145,0.62839
-1.0,-1.0,20.3,91.0,-1.0,-1.0,-1.0,-1.0,-1.0,VN,2012-10-20 18:00:00,117,41.88244,2.74262
-1.0,-1.0,16.0,90.0,-1.0,1.8,102.0,-1.0,-1.0,VO,2012-10-20 18:00:00,785,42.08745,1.42792
-1.0,-1.0,17.3,90.0,-1.0,1.9,107.0,3.0,108.0,VP,2012-10-20 18:00:00,659,41.80483,1.53853
1.8,178.0,19.6,95.0,996.8,-1.0,-1.0,-1.0,-1.0,VQ,2012-10-20 18:00:00,112,41.1713,1.16774
-1.0,-1.0,19.2,79.0,-1.0,2.2,153.0,-1.0,-1.0,VR,2012-10-20 18:00:00,291,41.68994,1.04401
12.8,194.0,7.3,100.0,772.7,-1.0,-1.0,-1.0,-1.0,VS,2012-10-20 18:00:00,2247,42.63835,0.77889
-1.0,-1.0,21.7,85.0,-1.0,1.1,123.0,-1.0,-1.0,VT,2012-10-20 18:00:00,84,41.48401,2.12745
-1.0,-1.0,18.3,84.0,-1.0,2.3,117.0,-1.0,-1.0,VU,2012-10-20 18:00:00,421,41.63286,1.91718
1.6,73.0,18.3,95.0,-1.0,-1.0,-1.0,-1.0,-1.0,VV,2012-10-20 18:00:00,528,41.68129,2.02647
-1.0,-1.0,15.0,99.0,-1.0,3.3,167.0,-1.0,-1.0,VX,2012-10-20 18:00:00,1030,41.74761,2.30291
-1.0,-1.0,17.9,94.0,-1.0,-1.0,-1.0,-1.0,-1.0,VY,2012-10-20 18:00:00,240,41.25095,1.29863
-1.0,-1.0,20.6,92.0,-1.0,-1.0,-1.0,-1.0,-1.0,VZ,2012-10-20 18:00:00,83,42.38443,3.00736
-1.0,-1.0,18.8,87.0,-1.0,2.3,125.0,-1.0,-1.0,V1,2012-10-20 18:00:00,238,41.78487,0.82939
-1.0,-1.0,17.3,98.0,-1.0,0.8,328.0,-1.0,-1.0,V3,2012-10-20 18:00:00,509,41.95224,2.23271
-1.0,-1.0,16.2,92.0,935.4,-1.0,-1.0,0.5,312.0,V4,2012-10-20 18:00:00,684,42.11477,2.21483
-1.0,-1.0,16.3,94.0,-1.0,2.2,74.0,2.6,73.0,V5,2012-10-20 18:00:00,774,42.03947,2.11993
-1.0,-1.0,18.3,86.0,-1.0,1.1,97.0,-1.0,-1.0,V8,2012-10-20 18:00:00,223,41.67279,0.87741
-1.0,-1.0,18.1,87.0,-1.0,1.7,124.0,-1.0,-1.0,WA,2012-10-20 18:00:00,443,41.87694,1.1541
-1.0,-1.0,18.5,91.0,-1.0,3.3,95.0,-1.0,-1.0,WB,2012-10-20 18:00:00,267,41.76036,0.67022
-1.0,-1.0,18.8,79.0,-1.0,2.8,130.0,-1.0,-1.0,WC,2012-10-20 18:00:00,261,41.63642,0.92446
-1.0,-1.0,13.1,100.0,-1.0,0.8,198.0,-1.0,-1.0,WD,2012-10-20 18:00:00,382,41.08671,0.31884
-1.0,-1.0,20.9,85.0,-1.0,0.4,95.0,-1.0,-1.0,WE,2012-10-20 18:00:00,126,41.5444,2.30014
-1.0,-1.0,20.1,90.0,-1.0,-1.0,-1.0,-1.0,-1.0,WF,2012-10-20 18:00:00,108,41.95425,2.77578
-1.0,-1.0,18.6,87.0,-1.0,3.5,77.0,-1.0,-1.0,WG,2012-10-20 18:00:00,301,41.80104,0.64804
-1.0,-1.0,13.1,95.0,-1.0,3.0,217.0,-1.0,-1.0,WI,2012-10-20 18:00:00,350,41.35741,0.4809
-1.0,-1.0,16.5,100.0,-1.0,1.3,288.0,-1.0,-1.0,WJ,2012-10-20 18:00:00,141,41.1223,0.72182
-1.0,-1.0,18.7,87.0,-1.0,1.9,57.0,-1.0,-1.0,WK,2012-10-20 18:00:00,268,41.81949,0.57768
-1.0,-1.0,17.8,86.0,-1.0,2.4,123.0,-1.0,-1.0,WL,2012-10-20 18:00:00,413,41.57236,1.0882
5.6,180.0,13.9,94.0,-1.0,-1.0,-1.0,-1.0,-1.0,WM,2012-10-20 18:00:00,1167,42.10736,1.8267
-1.0,-1.0,16.2,100.0,-1.0,-1.0,-1.0,6.0,155.0,WN,2012-10-20 18:00:00,916,41.59539,1.83751
-1.0,-1.0,19.1,91.0,-1.0,-1.0,-1.0,-1.0,-1.0,WO,2012-10-20 18:00:00,185,41.27151,1.46717
-1.0,-1.0,19.3,97.0,-1.0,2.4,170.0,-1.0,-1.0,WP,2012-10-20 18:00:00,325,41.48518,1.69337
19.4,175.0,11.1,99.0,836.9,-1.0,-1.0,-1.0,-1.0,WQ,2012-10-20 18:00:00,1572,42.0513,0.72952
-1.0,-1.0,18.5,90.0,-1.0,0.8,161.0,-1.0,-1.0,WR,2012-10-20 18:00:00,300,41.2163,0.79748
2.3,97.0,15.4,96.0,905.1,-1.0,-1.0,-1.0,-1.0,WS,2012-10-20 18:00:00,953,41.84008,2.41877
1.9,63.0,21.6,97.0,1011.6,-1.0,-1.0,-1.0,-1.0,WT,2012-10-20 18:00:00,2,41.64707,2.75658
-1.0,-1.0,21.4,92.0,1006.3,-1.0,-1.0,4.7,53.0,WU,2012-10-20 18:00:00,42,41.45215,2.24757
2.0,142.0,16.3,91.0,923.9,-1.0,-1.0,-1.0,-1.0,WV,2012-10-20 18:00:00,788,42.23414,1.87485
-1.0,-1.0,19.5,90.0,-1.0,-1.0,-1.0,-1.0,-1.0,WW,2012-10-20 18:00:00,278,41.79423,1.9368
-1.0,-1.0,16.2,94.0,-1.0,3.6,111.0,-1.0,-1.0,WX,2012-10-20 18:00:00,668,41.9178,0.88175
-1.0,-1.0,21.0,85.0,-1.0,1.1,197.0,-1.0,-1.0,WY,2012-10-20 18:00:00,164,41.43386,1.79429
1.7,163.0,21.4,84.0,1008.7,-1.0,-1.0,-1.0,-1.0,WZ,2012-10-20 18:00:00,17,41.20187,1.63346
-1.0,-1.0,20.2,91.0,-1.0,-1.0,-1.0,-1.0,-1.0,W1,2012-10-20 18:00:00,2,42.24726,3.09021
-1.0,-1.0,20.3,97.0,-1.0,-1.0,-1.0,-1.0,-1.0,W2,2012-10-20 18:00:00,7,42.18259,3.05783
-1.0,-1.0,20.6,90.0,-1.0,-1.0,-1.0,-1.0,-1.0,W3,2012-10-20 18:00:00,4,42.15006,3.06494
-1.0,-1.0,19.5,89.0,-1.0,1.2,182.0,-1.0,-1.0,W4,2012-10-20 18:00:00,240,41.36619,1.72857
-1.0,-1.0,18.2,89.0,-1.0,0.8,70.0,-1.0,-1.0,W5,2012-10-20 18:00:00,490,42.07683,1.31489
-1.0,-1.0,18.7,92.0,-1.0,0.5,159.0,-1.0,-1.0,W6,2012-10-20 18:00:00,158,41.13738,1.0187
-1.0,-1.0,17.7,90.0,-1.0,-1.0,-1.0,-1.0,-1.0,W8,2012-10-20 18:00:00,438,41.44237,1.15998
-1.0,-1.0,17.8,97.0,-1.0,0.4,75.0,-1.0,-1.0,W9,2012-10-20 18:00:00,461,42.14557,2.45451
4.5,150.0,15.9,91.0,922.6,-1.0,-1.0,-1.0,-1.0,XA,2012-10-20 18:00:00,785,41.60257,1.4007
-1.0,-1.0,16.9,90.0,-1.0,-1.0,-1.0,-1.0,-1.0,XB,2012-10-20 18:00:00,584,41.4779,1.53529
3.6,135.0,21.4,87.0,994.3,-1.0,-1.0,-1.0,-1.0,XC,2012-10-20 18:00:00,147,41.47892,1.97546
5.3,147.0,16.3,84.0,931.8,-1.0,-1.0,-1.0,-1.0,XD,2012-10-20 18:00:00,687,41.32,0.8857
2.5,167.0,21.3,82.0,1009.4,-1.0,-1.0,-1.0,-1.0,XE,2012-10-20 18:00:00,5,41.10393,1.201
3.5,92.0,20.4,92.0,981.2,-1.0,-1.0,-1.0,-1.0,XF,2012-10-20 18:00:00,258,41.56568,2.06952
3.1,101.0,21.7,81.0,997.5,-1.0,-1.0,-1.0,-1.0,XG,2012-10-20 18:00:00,123,41.56734,2.22619
-1.0,-1.0,15.1,98.0,934.4,-1.0,-1.0,-1.0,-1.0,XH,2012-10-20 18:00:00,679,42.40533,1.12993
-1.0,-1.0,19.3,77.0,981.4,1.8,123.0,-1.0,-1.0,XI,2012-10-20 18:00:00,247,41.61817,0.87182
0.7,333.0,20.5,95.0,1003.5,-1.0,-1.0,-1.0,-1.0,XJ,2012-10-20 18:00:00,72,41.98223,2.80686
9.0,157.0,11.7,100.0,-1.0,-1.0,-1.0,-1.0,-1.0,XK,2012-10-20 18:00:00,1668,41.77362,2.43774
2.7,109.0,21.8,95.0,-1.0,-1.0,-1.0,-1.0,-1.0,XL,2012-10-20 18:00:00,8,41.34045,2.08022
-1.0,-1.0,17.7,92.0,-1.0,0.7,204.0,-1.0,-1.0,XM,2012-10-20 18:00:00,235,41.59522,0.73507
-1.0,-1.0,15.0,96.0,-1.0,2.0,206.0,-1.0,-1.0,XN,2012-10-20 18:00:00,89,41.46379,0.42765
-1.0,-1.0,17.6,97.0,-1.0,-1.0,-1.0,-1.0,-1.0,XO,2012-10-20 18:00:00,499,41.93497,2.23987
-1.0,-1.0,13.7,96.0,-1.0,1.1,255.0,-1.0,-1.0,XP,2012-10-20 18:00:00,349,41.06581,0.43006
5.0,91.0,16.2,96.0,933.0,-1.0,-1.0,-1.0,-1.0,XT,2012-10-20 18:00:00,691,41.98766,1.51165
1.8,170.0,18.0,92.0,969.4,-1.0,-1.0,-1.0,-1.0,X1,2012-10-20 18:00:00,359,41.15374,0.81953
-1.0,-1.0,21.9,94.0,-1.0,-1.0,-1.0,-1.0,-1.0,X2,2012-10-20 18:00:00,7,41.38943,2.18847
6.6,122.0,17.4,94.0,966.8,-1.0,-1.0,-1.0,-1.0,X3,2012-10-20 18:00:00,370,41.74281,0.5358
3.0,79.0,22.2,92.0,1006.8,-1.0,-1.0,-1.0,-1.0,X4,2012-10-20 18:00:00,33,41.3839,2.16775
2.3,207.0,12.4,95.0,892.1,-1.0,-1.0,-1.0,-1.0,X5,2012-10-20 18:00:00,1055,40.79705,0.31822
-1.0,-1.0,17.6,94.0,-1.0,1.3,68.0,-1.0,-1.0,X6,2012-10-20 18:00:00,366,41.92173,1.02901
-1.0,-1.0,14.7,96.0,-1.0,3.5,209.0,-1.0,-1.0,X7,2012-10-20 18:00:00,215,41.51909,0.55314
2.7,119.0,21.2,91.0,1001.5,-1.0,-1.0,-1.0,-1.0,X8,2012-10-20 18:00:00,79,41.37919,2.1054
1.0,83.0,20.6,85.0,991.5,-1.0,-1.0,-1.0,-1.0,X9,2012-10-20 18:00:00,176,41.61265,2.16836
8.5,168.0,6.4,97.0,-1.0,-1.0,-1.0,-1.0,-1.0,ZB,2012-10-20 18:00:00,2451,42.51939,1.36597
7.3,91.0,7.0,99.0,-1.0,-1.0,-1.0,-1.0,-1.0,ZC,2012-10-20 18:00:00,2410,42.42117,2.24565
-1.0,-1.0,7.3,98.0,-1.0,-1.0,-1.0,7.0,136.0,Z1,2012-10-20 18:00:00,2266,42.64691,0.98486
-1.0,-1.0,5.6,98.0,-1.0,-1.0,-1.0,7.0,28.0,Z2,2012-10-20 18:00:00,2535,42.46602,0.88405
-1.0,-1.0,7.5,97.0,-1.0,-1.0,-1.0,2.7,118.0,Z3,2012-10-20 18:00:00,2230,42.46605,1.7785
-1.0,-1.0,6.7,100.0,-1.0,-1.0,-1.0,5.0,125.0,Z5,2012-10-20 18:00:00,2400,42.70029,1.27201
-1.0,-1.0,7.7,97.0,-1.0,-1.0,-1.0,1.6,36.0,Z6,2012-10-20 18:00:00,2228,42.77011,0.73198
5.5,255.0,6.0,98.0,-1.0,-1.0,-1.0,-1.0,-1.0,Z7,2012-10-20 18:00:00,2519,42.53412,1.05476
-1.0,-1.0,7.5,100.0,-1.0,-1.0,-1.0,16.1,130.0,Z8,2012-10-20 18:00:00,2316,42.18254,1.52407
13.5,107.0,8.5,97.0,-1.0,-1.0,-1.0,-1.0,-1.0,Z9,2012-10-20 18:00:00,2143,42.29265,1.71498
1.3,220.0,16.7,92.0,940.7,-1.0,-1.0,-1.0,-1.0,CC,2012-10-20 18:30:00,626,42.07398,2.20862
2.7,319.0,15.1,88.0,915.4,-1.0,-1.0,-1.0,-1.0,CD,2012-10-20 18:30:00,849,42.37083,1.43277
1.4,113.0,19.3,97.0,974.6,-1.0,-1.0,-1.0,-1.0,CE,2012-10-20 18:30:00,316,41.53109,1.80813
4.9,180.0,12.5,100.0,858.5,-1.0,-1.0,-1.0,-1.0,CG,2012-10-20 18:30:00,1405,42.37717,2.41456
0.9,15.0,14.9,96.0,916.7,-1.0,-1.0,-1.0,-1.0,CI,2012-10-20 18:30:00,852,42.25839,2.36429
2.9,188.0,19.5,71.0,947.0,-1.0,-1.0,-1.0,-1.0,CJ,2012-10-20 18:30:00,566.5,42.21624,1.33132
1.4,95.0,19.2,94.0,971.0,-1.0,-1.0,-1.0,-1.0,CL,2012-10-20 18:30:00,349,41.67399,1.76796
9.3,123.0,17.7,82.0,933.2,-1.0,-1.0,-1.0,-1.0,CP,2012-10-20 18:30:00,690,42.13924,1.03893
1.8,161.0,16.6,97.0,943.7,-1.0,-1.0,-1.0,-1.0,CQ,2012-10-20 18:30:00,594,41.99546,1.02569
1.7,67.0,15.6,97.0,914.9,-1.0,-1.0,-1.0,-1.0,CR,2012-10-20 18:30:00,873,42.08032,1.9624
2.0,157.0,15.4,88.0,917.3,-1.0,-1.0,-1.0,-1.0,CT,2012-10-20 18:30:00,823,42.39811,0.74362
0.3,44.0,11.4,94.0,897.2,-1.0,-1.0,-1.0,-1.0,CU,2012-10-20 18:30:00,1002,42.69856,0.79397
3.8,167.0,19.7,71.0,951.4,-1.0,-1.0,-1.0,-1.0,CV,2012-10-20 18:30:00,513.3,42.23939,0.96434
4.2,125.0,18.0,81.0,959.3,-1.0,-1.0,-1.0,-1.0,CW,2012-10-20 18:30:00,446,41.39241,1.09894
1.5,130.0,16.7,93.0,920.4,-1.0,-1.0,-1.0,-1.0,CY,2012-10-20 18:30:00,816,41.87813,2.17873
5.9,115.0,19.0,88.0,979.5,-1.0,-1.0,-1.0,-1.0,C6,2012-10-20 18:30:00,264,41.6566,0.95172
6.1,131.0,18.1,94.0,961.6,-1.0,-1.0,-1.0,-1.0,C7,2012-10-20 18:30:00,427,41.66695,1.16234
4.3,151.0,17.1,87.0,947.6,-1.0,-1.0,-1.0,-1.0,C8,2012-10-20 18:30:00,554,41.67555,1.29609
1.8,173.0,17.8,99.0,982.2,-1.0,-1.0,-1.0,-1.0,C9,2012-10-20 18:30:00,240,40.71825,0.39988
3.3,201.0,18.1,100.0,989.2,-1.0,-1.0,-1.0,-1.0,DB,2012-10-20 18:30:00,179,40.87287,0.71581
1.4,17.0,18.0,98.0,963.6,-1.0,-1.0,-1.0,-1.0,DC,2012-10-20 18:30:00,421.5,42.19144,2.48263
2.4,54.0,21.2,95.0,1006.1,-1.0,-1.0,-1.0,-1.0,DD,2012-10-20 18:30:00,44.5,41.51175,2.38674
1.5,84.0,20.9,96.0,1008.8,-1.0,-1.0,-1.0,-1.0,DF,2012-10-20 18:30:00,28.6,41.97751,3.03543
4.7,328.0,9.1,97.0,801.9,-1.0,-1.0,-1.0,-1.0,DG,2012-10-20 18:30:00,1971.4,42.39848,2.15517
1.4,208.0,18.1,95.0,964.0,-1.0,-1.0,-1.0,-1.0,DI,2012-10-20 18:30:00,415,41.43292,1.62386
1.0,40.0,19.5,99.0,991.8,-1.0,-1.0,-1.0,-1.0,DJ,2012-10-20 18:30:00,176,42.11653,2.78969
4.5,147.0,21.7,84.0,1010.3,-1.0,-1.0,-1.0,-1.0,DK,2012-10-20 18:30:00,2,41.14677,1.41846
3.0,197.0,20.7,89.0,1009.7,-1.0,-1.0,-1.0,-1.0,DL,2012-10-20 18:30:00,0.5,40.70719,0.83449
0.4,309.0,19.5,97.0,994.4,-1.0,-1.0,-1.0,-1.0,DN,2012-10-20 18:30:00,150,41.96095,2.63108
1.5,85.0,20.4,93.0,1010.2,-1.0,-1.0,-1.0,-1.0,DO,2012-10-20 18:30:00,14,41.80857,3.03241
6.5,162.0,15.4,76.0,889.1,-1.0,-1.0,-1.0,-1.0,DP,2012-10-20 18:30:00,1097,42.38605,1.8664
2.3,130.0,18.0,90.0,978.0,-1.0,-1.0,-1.0,-1.0,DQ,2012-10-20 18:30:00,287,41.30728,1.36259
-1.0,-1.0,14.1,97.0,963.9,-1.0,-1.0,-1.0,-1.0,D1,2012-10-20 18:30:00,404,41.28521,0.75383
-1.0,-1.0,19.6,93.0,971.5,-1.0,-1.0,-1.0,-1.0,D2,2012-10-20 18:30:00,343,41.59252,1.915
1.9,167.0,20.2,90.0,981.6,-1.0,-1.0,-1.0,-1.0,D3,2012-10-20 18:30:00,252,41.38197,1.93564
4.4,106.0,20.8,94.0,1009.2,-1.0,-1.0,-1.0,-1.0,D4,2012-10-20 18:30:00,24,42.27065,3.18165
3.9,159.0,19.3,94.0,964.2,-1.0,-1.0,-1.0,-1.0,D5,2012-10-20 18:30:00,411.2,41.41843,2.12388
7.4,163.0,18.7,99.0,989.4,-1.0,-1.0,-1.0,-1.0,D6,2012-10-20 18:30:00,196,42.43515,3.16622
1.6,9.0,15.7,96.0,1004.8,-1.0,-1.0,-1.0,-1.0,D7,2012-10-20 18:30:00,53,41.18499,0.59376
1.1,182.0,12.4,99.0,951.1,-1.0,-1.0,-1.0,-1.0,D8,2012-10-20 18:30:00,515,40.95134,0.30565
0.9,215.0,20.3,91.0,1003.8,-1.0,-1.0,-1.0,-1.0,D9,2012-10-20 18:30:00,59,41.21553,1.52121
2.4,142.0,19.6,94.0,972.8,-1.0,-1.0,-1.0,-1.0,H1,2012-10-20 18:30:00,333,41.58642,1.65306
2.1,167.0,21.2,78.0,986.5,-1.0,-1.0,-1.0,-1.0,R1,2012-10-20 18:30:00,210,41.70637,1.87276
1.2,177.0,19.4,94.0,997.1,-1.0,-1.0,-1.0,-1.0,VQ,2012-10-20 18:30:00,112,41.1713,1.16774
13.3,191.0,7.0,100.0,772.7,-1.0,-1.0,-1.0,-1.0,VS,2012-10-20 18:30:00,2247,42.63835,0.77889
-1.0,-1.0,21.4,92.0,1006.3,-1.0,-1.0,3.9,46.0,WU,2012-10-20 18:30:00,42,41.45215,2.24757
1.3,153.0,21.4,85.0,1008.7,-1.0,-1.0,-1.0,-1.0,WZ,2012-10-20 18:30:00,17,41.20187,1.63346
4.4,131.0,15.5,91.0,923.2,-1.0,-1.0,-1.0,-1.0,XA,2012-10-20 18:30:00,785,41.60257,1.4007
3.6,147.0,21.7,85.0,994.3,-1.0,-1.0,-1.0,-1.0,XC,2012-10-20 18:30:00,147,41.47892,1.97546
4.6,149.0,16.3,84.0,932.3,-1.0,-1.0,-1.0,-1.0,XD,2012-10-20 18:30:00,687,41.32,0.8857
2.3,172.0,21.1,82.0,1009.7,-1.0,-1.0,-1.0,-1.0,XE,2012-10-20 18:30:00,5,41.10393,1.201
2.3,120.0,20.2,94.0,981.4,-1.0,-1.0,-1.0,-1.0,XF,2012-10-20 18:30:00,258,41.56568,2.06952
1.6,90.0,21.6,81.0,997.6,-1.0,-1.0,-1.0,-1.0,XG,2012-10-20 18:30:00,123,41.56734,2.22619
-1.0,-1.0,15.1,99.0,934.5,-1.0,-1.0,-1.0,-1.0,XH,2012-10-20 18:30:00,679,42.40533,1.12993
0.9,359.0,20.4,95.0,1003.6,-1.0,-1.0,-1.0,-1.0,XJ,2012-10-20 18:30:00,72,41.98223,2.80686
9.2,181.0,11.8,100.0,-1.0,-1.0,-1.0,-1.0,-1.0,XK,2012-10-20 18:30:00,1668,41.77362,2.43774
2.2,119.0,22.0,93.0,-1.0,-1.0,-1.0,-1.0,-1.0,XL,2012-10-20 18:30:00,8,41.34045,2.08022
-1.0,-1.0,17.6,97.0,-1.0,-1.0,-1.0,-1.0,-1.0,XO,2012-10-20 18:30:00,499,41.93497,2.23987
-1.0,-1.0,13.7,96.0,-1.0,0.6,234.0,-1.0,-1.0,XP,2012-10-20 18:30:00,349,41.06581,0.43006
3.7,79.0,16.4,95.0,933.4,-1.0,-1.0,-1.0,-1.0,XT,2012-10-20 18:30:00,691,41.98766,1.51165
2.0,106.0,21.3,90.0,1001.5,-1.0,-1.0,-1.0,-1.0,X8,2012-10-20 18:30:00,79,41.37919,2.1054
11.2,170.0,6.4,97.0,-1.0,-1.0,-1.0,-1.0,-1.0,ZB,2012-10-20 18:30:00,2451,42.51939,1.36597
9.2,98.0,6.6,99.0,-1.0,-1.0,-1.0,-1.0,-1.0,ZC,2012-10-20 18:30:00,2410,42.42117,2.24565
-1.0,-1.0,7.4,98.0,-1.0,-1.0,-1.0,5.4,160.0,Z1,2012-10-20 18:30:00,2266,42.64691,0.98486
-1.0,-1.0,5.5,98.0,-1.0,-1.0,-1.0,5.8,5.0,Z2,2012-10-20 18:30:00,2535,42.46602,0.88405
-1.0,-1.0,7.6,97.0,-1.0,-1.0,-1.0,4.2,111.0,Z3,2012-10-20 18:30:00,2230,42.46605,1.7785
-1.0,-1.0,6.7,100.0,-1.0,-1.0,-1.0,6.1,132.0,Z5,2012-10-20 18:30:00,2400,42.70029,1.27201
-1.0,-1.0,7.5,98.0,-1.0,-1.0,-1.0,2.1,37.0,Z6,2012-10-20 18:30:00,2228,42.77011,0.73198
5.7,252.0,5.7,98.0,-1.0,-1.0,-1.0,-1.0,-1.0,Z7,2012-10-20 18:30:00,2519,42.53412,1.05476
-1.0,-1.0,7.2,100.0,-1.0,-1.0,-1.0,14.5,132.0,Z8,2012-10-20 18:30:00,2316,42.18254,1.52407
7.2,92.0,8.4,97.0,-1.0,-1.0,-1.0,-1.0,-1.0,Z9,2012-10-20 18:30:00,2143,42.29265,1.71498
0.7,241.0,16.6,94.0,940.7,-1.0,-1.0,-1.0,-1.0,CC,2012-10-20 19:00:00,626,42.07398,2.20862
2.1,286.0,15.2,87.0,915.7,-1.0,-1.0,-1.0,-1.0,CD,2012-10-20 19:00:00,849,42.37083,1.43277
0.8,212.0,19.1,98.0,974.8,-1.0,-1.0,-1.0,-1.0,CE,2012-10-20 19:00:00,316,41.53109,1.80813
5.1,191.0,12.3,100.0,858.5,-1.0,-1.0,-1.0,-1.0,CG,2012-10-20 19:00:00,1405,42.37717,2.41456
0.5,161.0,14.9,96.0,916.8,-1.0,-1.0,-1.0,-1.0,CI,2012-10-20 19:00:00,852,42.25839,2.36429
1.8,233.0,18.7,76.0,947.4,-1.0,-1.0,-1.0,-1.0,CJ,2012-10-20 19:00:00,566.5,42.21624,1.33132
1.2,7.0,18.9,96.0,971.1,-1.0,-1.0,-1.0,-1.0,CL,2012-10-20 19:00:00,349,41.67399,1.76796
7.0,121.0,17.6,83.0,933.9,-1.0,-1.0,-1.0,-1.0,CP,2012-10-20 19:00:00,690,42.13924,1.03893
1.6,201.0,16.8,96.0,944.1,-1.0,-1.0,-1.0,-1.0,CQ,2012-10-20 19:00:00,594,41.99546,1.02569
1.8,60.0,15.4,98.0,914.9,-1.0,-1.0,-1.0,-1.0,CR,2012-10-20 19:00:00,873,42.08032,1.9624
1.6,140.0,15.5,88.0,917.6,-1.0,-1.0,-1.0,-1.0,CT,2012-10-20 19:00:00,823,42.39811,0.74362
0.6,30.0,11.3,94.0,897.0,-1.0,-1.0,-1.0,-1.0,CU,2012-10-20 19:00:00,1002,42.69856,0.79397
2.8,189.0,18.9,77.0,952.2,-1.0,-1.0,-1.0,-1.0,CV,2012-10-20 19:00:00,513.3,42.23939,0.96434
2.3,89.0,17.4,87.0,959.7,-1.0,-1.0,-1.0,-1.0,CW,2012-10-20 19:00:00,446,41.39241,1.09894
0.9,110.0,16.6,94.0,920.4,-1.0,-1.0,-1.0,-1.0,CY,2012-10-20 19:00:00,816,41.87813,2.17873
4.7,109.0,18.8,88.0,979.9,-1.0,-1.0,-1.0,-1.0,C6,2012-10-20 19:00:00,264,41.6566,0.95172
4.8,118.0,17.9,97.0,961.9,-1.0,-1.0,-1.0,-1.0,C7,2012-10-20 19:00:00,427,41.66695,1.16234
4.1,125.0,17.3,85.0,947.8,-1.0,-1.0,-1.0,-1.0,C8,2012-10-20 19:00:00,554,41.67555,1.29609
1.8,172.0,17.9,99.0,982.2,-1.0,-1.0,-1.0,-1.0,C9,2012-10-20 19:00:00,240,40.71825,0.39988
2.9,212.0,18.0,100.0,989.2,-1.0,-1.0,-1.0,-1.0,DB,2012-10-20 19:00:00,179,40.87287,0.71581
1.4,24.0,18.0,98.0,963.7,-1.0,-1.0,-1.0,-1.0,DC,2012-10-20 19:00:00,421.5,42.19144,2.48263
1.8,52.0,21.3,94.0,1006.1,-1.0,-1.0,-1.0,-1.0,DD,2012-10-20 19:00:00,44.5,41.51175,2.38674
1.5,69.0,21.1,96.0,1008.8,-1.0,-1.0,-1.0,-1.0,DF,2012-10-20 19:00:00,28.6,41.97751,3.03543
2.9,304.0,9.0,97.0,802.3,-1.0,-1.0,-1.0,-1.0,DG,2012-10-20 19:00:00,1971.4,42.39848,2.15517
0.6,288.0,17.8,95.0,964.2,-1.0,-1.0,-1.0,-1.0,DI,2012-10-20 19:00:00,415,41.43292,1.62386
0.7,356.0,19.4,99.0,991.7,-1.0,-1.0,-1.0,-1.0,DJ,2012-10-20 19:00:00,176,42.11653,2.78969
3.3,152.0,21.6,86.0,1010.4,-1.0,-1.0,-1.0,-1.0,DK,2012-10-20 19:00:00,2,41.14677,1.41846
2.1,194.0,20.5,89.0,1009.6,-1.0,-1.0,-1.0,-1.0,DL,2012-10-20 19:00:00,0.5,40.70719,0.83449
0.6,245.0,19.5,97.0,994.3,-1.0,-1.0,-1.0,-1.0,DN,2012-10-20 19:00:00,150,41.96095,2.63108
1.5,109.0,20.6,93.0,1010.3,-1.0,-1.0,-1.0,-1.0,DO,2012-10-20 19:00:00,14,41.80857,3.03241
6.8,202.0,15.8,71.0,889.7,-1.0,-1.0,-1.0,-1.0,DP,2012-10-20 19:00:00,1097,42.38605,1.8664
1.9,126.0,18.0,91.0,978.2,-1.0,-1.0,-1.0,-1.0,DQ,2012-10-20 19:00:00,287,41.30728,1.36259
-1.0,-1.0,13.8,97.0,964.4,-1.0,-1.0,-1.0,-1.0,D1,2012-10-20 19:00:00,404,41.28521,0.75383
-1.0,-1.0,19.5,93.0,971.6,-1.0,-1.0,-1.0,-1.0,D2,2012-10-20 19:00:00,343,41.59252,1.915
0.8,231.0,19.9,88.0,981.8,-1.0,-1.0,-1.0,-1.0,D3,2012-10-20 19:00:00,252,41.38197,1.93564
2.9,147.0,20.6,94.0,1009.2,-1.0,-1.0,-1.0,-1.0,D4,2012-10-20 19:00:00,24,42.27065,3.18165
2.0,149.0,19.0,94.0,964.2,-1.0,-1.0,-1.0,-1.0,D5,2012-10-20 19:00:00,411.2,41.41843,2.12388
7.5,161.0,18.8,99.0,989.4,-1.0,-1.0,-1.0,-1.0,D6,2012-10-20 19:00:00,196,42.43515,3.16622
1.4,12.0,15.6,95.0,1005.2,-1.0,-1.0,-1.0,-1.0,D7,2012-10-20 19:00:00,53,41.18499,0.59376
0.9,194.0,12.2,99.0,951.2,-1.0,-1.0,-1.0,-1.0,D8,2012-10-20 19:00:00,515,40.95134,0.30565
0.8,259.0,20.2,92.0,1004.0,-1.0,-1.0,-1.0,-1.0,D9,2012-10-20 19:00:00,59,41.21553,1.52121
2.3,159.0,19.3,92.0,973.1,-1.0,-1.0,-1.0,-1.0,H1,2012-10-20 19:00:00,333,41.58642,1.65306
1.2,129.0,21.1,77.0,986.7,-1.0,-1.0,-1.0,-1.0,R1,2012-10-20 19:00:00,210,41.70637,1.87276
-1.0,-1.0,18.9,94.0,-1.0,0.5,47.0,-1.0,-1.0,UA,2012-10-20 19:00:00,93,40.9091,0.76943
-1.0,-1.0,20.0,90.0,-1.0,1.8,123.0,-1.0,-1.0,UB,2012-10-20 19:00:00,15,42.05398,3.06195
-1.0,-1.0,20.2,91.0,-1.0,0.3,4.0,-1.0,-1.0,UC,2012-10-20 19:00:00,60,41.97726,2.99705
-1.0,-1.0,21.2,94.0,-1.0,-1.0,-1.0,-1.0,-1.0,UD,2012-10-20 19:00:00,12,42.02895,3.06227
-1.0,-1.0,20.6,94.0,-1.0,-1.0,-1.0,-1.0,-1.0,UE,2012-10-20 19:00:00,4,42.02306,3.15719
-1.0,-1.0,15.8,100.0,-1.0,1.2,177.0,-1.0,-1.0,UF,2012-10-20 19:00:00,573,41.28832,1.90775
-1.0,-1.0,21.2,94.0,-1.0,0.2,1.0,-1.0,-1.0,UG,2012-10-20 19:00:00,3,41.29928,2.03787
-1.0,-1.0,16.9,94.0,-1.0,0.5,155.0,0.9,157.0,UH,2012-10-20 19:00:00,545,41.34171,1.48769
-1.0,-1.0,12.5,99.0,-1.0,0.3,65.0,-1.0,-1.0,UI,2012-10-20 19:00:00,1386,42.26477,1.76218
-1.0,-1.0,15.6,89.0,-1.0,0.9,102.0,1.7,108.0,UJ,2012-10-20 19:00:00,709,41.52879,1.3683
-1.0,-1.0,19.0,91.0,-1.0,0.6,50.0,-1.0,-1.0,UK,2012-10-20 19:00:00,161,41.27861,1.80479
-1.0,-1.0,15.5,94.0,-1.0,1.4,303.0,-1.0,-1.0,UL,2012-10-20 19:00:00,228,41.52911,0.75303
-1.0,-1.0,12.7,97.0,-1.0,1.9,168.0,-1.0,-1.0,UM,2012-10-20 19:00:00,505,41.35991,0.66789
-1.0,-1.0,20.7,94.0,-1.0,0.5,102.0,-1.0,-1.0,UN,2012-10-20 19:00:00,171,41.87449,2.92694
-1.0,-1.0,20.2,93.0,-1.0,-1.0,-1.0,-1.0,-1.0,UO,2012-10-20 19:00:00,97,41.91461,2.82069
0.8,68.0,21.3,91.0,1001.7,-1.0,-1.0,-1.0,-1.0,UP,2012-10-20 19:00:00,81,41.51773,2.37702
-1.0,-1.0,18.6,90.0,-1.0,0.4,27.0,-1.0,-1.0,UQ,2012-10-20 19:00:00,460,41.61991,2.44532
-1.0,-1.0,18.5,98.0,-1.0,0.7,327.0,-1.0,-1.0,US,2012-10-20 19:00:00,24,40.55786,0.52329
0.8,195.0,19.0,94.0,1009.5,-1.0,-1.0,-1.0,-1.0,UU,2012-10-20 19:00:00,3,40.70776,0.6321
-1.0,-1.0,20.1,84.0,1009.9,2.0,206.0,-1.0,-1.0,UW,2012-10-20 19:00:00,0,40.62725,0.65922
-1.0,-1.0,17.2,100.0,-1.0,0.1,299.0,-1.0,-1.0,UX,2012-10-20 19:00:00,210,40.62652,0.37112
-1.0,-1.0,16.7,89.0,-1.0,2.1,99.0,3.8,109.0,UY,2012-10-20 19:00:00,576,41.87912,0.76103
-1.0,-1.0,19.9,97.0,-1.0,0.2,142.0,-1.0,-1.0,U1,2012-10-20 19:00:00,31,42.30648,2.95481
4.4,131.0,20.5,99.0,1011.8,-1.0,-1.0,-1.0,-1.0,U2,2012-10-20 19:00:00,4,42.17716,3.0968
-1.0,-1.0,18.0,93.0,-1.0,0.4,334.0,-1.0,-1.0,U3,2012-10-20 19:00:00,257,41.37491,1.63032
1.8,20.0,17.6,91.0,-1.0,0.9,50.0,-1.0,-1.0,U4,2012-10-20 19:00:00,507,41.83094,1.84699
-1.0,-1.0,13.6,94.0,-1.0,0.6,53.0,-1.0,-1.0,U5,2012-10-20 19:00:00,969,41.31349,0.99611
-1.0,-1.0,20.5,86.0,-1.0,0.8,174.0,-1.0,-1.0,U6,2012-10-20 19:00:00,29,41.08017,1.06661
-1.0,-1.0,16.5,94.0,-1.0,1.1,345.0,-1.0,-1.0,U7,2012-10-20 19:00:00,52,40.85936,0.50525
-1.0,-1.0,18.7,93.0,-1.0,0.2,6.0,-1.0,-1.0,U9,2012-10-20 19:00:00,62,40.76947,0.61635
-1.0,-1.0,14.3,95.0,-1.0,0.4,218.0,-1.0,-1.0,VA,2012-10-20 19:00:00,257,41.19645,0.51161
2.4,329.0,16.6,85.0,-1.0,-1.0,-1.0,-1.0,-1.0,VB,2012-10-20 19:00:00,32,41.06289,0.63517
-1.0,-1.0,15.4,90.0,-1.0,1.4,276.0,-1.0,-1.0,VC,2012-10-20 19:00:00,69,41.24415,0.43266
-1.0,-1.0,17.6,81.0,-1.0,1.2,112.0,-1.0,-1.0,VD,2012-10-20 19:00:00,429,41.68939,1.20381
-1.0,-1.0,15.1,95.0,-1.0,0.7,182.0,-1.0,-1.0,VE,2012-10-20 19:00:00,97,41.48692,0.46058
-1.0,-1.0,14.8,96.0,-1.0,0.2,209.0,-1.0,-1.0,VF,2012-10-20 19:00:00,122,41.56482,0.54999
-1.0,-1.0,14.4,97.0,-1.0,1.8,171.0,-1.0,-1.0,VH,2012-10-20 19:00:00,259,41.65814,0.39301
-1.0,-1.0,14.8,91.0,-1.0,1.5,233.0,-1.0,-1.0,VJ,2012-10-20 19:00:00,161,41.59957,0.6478
2.7,166.0,14.2,97.0,977.8,-1.0,-1.0,-1.0,-1.0,VK,2012-10-20 19:00:00,286,41.68328,0.4487
-1.0,-1.0,15.2,90.0,-1.0,1.8,210.0,-1.0,-1.0,VM,2012-10-20 19:00:00,222,41.7145,0.62839
-1.0,-1.0,19.9,92.0,-1.0,-1.0,-1.0,-1.0,-1.0,VN,2012-10-20 19:00:00,117,41.88244,2.74262
-1.0,-1.0,16.5,86.0,-1.0,1.3,107.0,-1.0,-1.0,VO,2012-10-20 19:00:00,785,42.08745,1.42792
-1.0,-1.0,17.1,91.0,-1.0,1.1,105.0,1.8,106.0,VP,2012-10-20 19:00:00,659,41.80483,1.53853
0.6,195.0,19.2,94.0,997.3,-1.0,-1.0,-1.0,-1.0,VQ,2012-10-20 19:00:00,112,41.1713,1.16774
-1.0,-1.0,18.7,82.0,-1.0,1.1,141.0,-1.0,-1.0,VR,2012-10-20 19:00:00,291,41.68994,1.04401
11.8,184.0,7.0,99.0,772.8,-1.0,-1.0,-1.0,-1.0,VS,2012-10-20 19:00:00,2247,42.63835,0.77889
-1.0,-1.0,21.3,86.0,-1.0,0.5,104.0,-1.0,-1.0,VT,2012-10-20 19:00:00,84,41.48401,2.12745
-1.0,-1.0,18.1,84.0,-1.0,1.5,115.0,-1.0,-1.0,VU,2012-10-20 19:00:00,421,41.63286,1.91718
0.6,143.0,18.2,96.0,-1.0,-1.0,-1.0,-1.0,-1.0,VV,2012-10-20 19:00:00,528,41.68129,2.02647
-1.0,-1.0,14.7,99.0,-1.0,2.1,183.0,-1.0,-1.0,VX,2012-10-20 19:00:00,1030,41.74761,2.30291
-1.0,-1.0,17.9,93.0,-1.0,-1.0,-1.0,-1.0,-1.0,VY,2012-10-20 19:00:00,240,41.25095,1.29863
-1.0,-1.0,20.1,95.0,-1.0,-1.0,-1.0,-1.0,-1.0,VZ,2012-10-20 19:00:00,83,42.38443,3.00736
-1.0,-1.0,18.8,81.0,-1.0,1.2,114.0,-1.0,-1.0,V1,2012-10-20 19:00:00,238,41.78487,0.82939
-1.0,-1.0,17.2,98.0,-1.0,0.6,320.0,-1.0,-1.0,V3,2012-10-20 19:00:00,509,41.95224,2.23271
-1.0,-1.0,15.9,93.0,935.7,-1.0,-1.0,0.4,2.0,V4,2012-10-20 19:00:00,684,42.11477,2.21483
-1.0,-1.0,15.9,95.0,-1.0,0.9,77.0,1.3,64.0,V5,2012-10-20 19:00:00,774,42.03947,2.11993
-1.0,-1.0,18.0,85.0,-1.0,0.7,80.0,-1.0,-1.0,V8,2012-10-20 19:00:00,223,41.67279,0.87741
-1.0,-1.0,18.1,85.0,-1.0,1.3,73.0,-1.0,-1.0,WA,2012-10-20 19:00:00,443,41.87694,1.1541
-1.0,-1.0,16.0,92.0,-1.0,2.7,185.0,-1.0,-1.0,WB,2012-10-20 19:00:00,267,41.76036,0.67022
-1.0,-1.0,18.2,82.0,-1.0,2.5,123.0,-1.0,-1.0,WC,2012-10-20 19:00:00,261,41.63642,0.92446
-1.0,-1.0,13.2,100.0,-1.0,0.4,332.0,-1.0,-1.0,WD,2012-10-20 19:00:00,382,41.08671,0.31884
-1.0,-1.0,20.4,87.0,-1.0,0.5,67.0,-1.0,-1.0,WE,2012-10-20 19:00:00,126,41.5444,2.30014
-1.0,-1.0,19.8,91.0,-1.0,-1.0,-1.0,-1.0,-1.0,WF,2012-10-20 19:00:00,108,41.95425,2.77578
-1.0,-1.0,16.9,88.0,-1.0,2.0,153.0,-1.0,-1.0,WG,2012-10-20 19:00:00,301,41.80104,0.64804
-1.0,-1.0,13.1,95.0,-1.0,2.0,199.0,-1.0,-1.0,WI,2012-10-20 19:00:00,350,41.35741,0.4809
-1.0,-1.0,16.0,100.0,-1.0,0.2,272.0,-1.0,-1.0,WJ,2012-10-20 19:00:00,141,41.1223,0.72182
-1.0,-1.0,17.8,86.0,-1.0,1.6,108.0,-1.0,-1.0,WK,2012-10-20 19:00:00,268,41.81949,0.57768
-1.0,-1.0,17.6,86.0,-1.0,2.1,128.0,-1.0,-1.0,WL,2012-10-20 19:00:00,413,41.57236,1.0882
3.9,200.0,14.0,94.0,-1.0,-1.0,-1.0,-1.0,-1.0,WM,2012-10-20 19:00:00,1167,42.10736,1.8267
-1.0,-1.0,15.7,100.0,-1.0,-1.0,-1.0,4.1,180.0,WN,2012-10-20 19:00:00,916,41.59539,1.83751
-1.0,-1.0,19.1,91.0,-1.0,-1.0,-1.0,-1.0,-1.0,WO,2012-10-20 19:00:00,185,41.27151,1.46717
-1.0,-1.0,18.4,95.0,-1.0,1.0,232.0,-1.0,-1.0,WP,2012-10-20 19:00:00,325,41.48518,1.69337
14.2,171.0,10.6,99.0,838.7,-1.0,-1.0,-1.0,-1.0,WQ,2012-10-20 19:00:00,1572,42.0513,0.72952
-1.0,-1.0,15.9,97.0,-1.0,0.5,300.0,-1.0,-1.0,WR,2012-10-20 19:00:00,300,41.2163,0.79748
1.1,90.0,15.4,96.0,905.3,-1.0,-1.0,-1.0,-1.0,WS,2012-10-20 19:00:00,953,41.84008,2.41877
1.8,69.0,21.5,97.0,1011.6,-1.0,-1.0,-1.0,-1.0,WT,2012-10-20 19:00:00,2,41.64707,2.75658
-1.0,-1.0,21.5,92.0,1006.2,-1.0,-1.0,2.7,45.0,WU,2012-10-20 19:00:00,42,41.45215,2.24757
1.3,177.0,16.1,94.0,924.6,-1.0,-1.0,-1.0,-1.0,WV,2012-10-20 19:00:00,788,42.23414,1.87485
-1.0,-1.0,18.7,91.0,-1.0,-1.0,-1.0,-1.0,-1.0,WW,2012-10-20 19:00:00,278,41.79423,1.9368
-1.0,-1.0,16.0,90.0,-1.0,3.0,105.0,-1.0,-1.0,WX,2012-10-20 19:00:00,668,41.9178,0.88175
-1.0,-1.0,19.7,89.0,-1.0,0.6,272.0,-1.0,-1.0,WY,2012-10-20 19:00:00,164,41.43386,1.79429
1.0,167.0,21.4,84.0,1008.8,-1.0,-1.0,-1.0,-1.0,WZ,2012-10-20 19:00:00,17,41.20187,1.63346
-1.0,-1.0,20.3,91.0,-1.0,-1.0,-1.0,-1.0,-1.0,W1,2012-10-20 19:00:00,2,42.24726,3.09021
-1.0,-1.0,20.5,97.0,-1.0,-1.0,-1.0,-1.0,-1.0,W2,2012-10-20 19:00:00,7,42.18259,3.05783
-1.0,-1.0,20.9,90.0,-1.0,-1.0,-1.0,-1.0,-1.0,W3,2012-10-20 19:00:00,4,42.15006,3.06494
-1.0,-1.0,18.6,89.0,-1.0,0.4,358.0,-1.0,-1.0,W4,2012-10-20 19:00:00,240,41.36619,1.72857
-1.0,-1.0,18.2,91.0,-1.0,1.1,102.0,-1.0,-1.0,W5,2012-10-20 19:00:00,490,42.07683,1.31489
-1.0,-1.0,18.4,92.0,-1.0,0.2,25.0,-1.0,-1.0,W6,2012-10-20 19:00:00,158,41.13738,1.0187
-1.0,-1.0,17.6,89.0,-1.0,-1.0,-1.0,-1.0,-1.0,W8,2012-10-20 19:00:00,438,41.44237,1.15998
-1.0,-1.0,17.6,98.0,-1.0,0.3,43.0,-1.0,-1.0,W9,2012-10-20 19:00:00,461,42.14557,2.45451
3.4,111.0,15.3,92.0,923.5,-1.0,-1.0,-1.0,-1.0,XA,2012-10-20 19:00:00,785,41.60257,1.4007
-1.0,-1.0,16.6,90.0,-1.0,-1.0,-1.0,-1.0,-1.0,XB,2012-10-20 19:00:00,584,41.4779,1.53529
2.5,146.0,21.4,85.0,994.5,-1.0,-1.0,-1.0,-1.0,XC,2012-10-20 19:00:00,147,41.47892,1.97546
4.3,144.0,16.2,84.0,932.7,-1.0,-1.0,-1.0,-1.0,XD,2012-10-20 19:00:00,687,41.32,0.8857
1.6,172.0,21.0,83.0,1009.9,-1.0,-1.0,-1.0,-1.0,XE,2012-10-20 19:00:00,5,41.10393,1.201
2.2,68.0,20.0,95.0,981.4,-1.0,-1.0,-1.0,-1.0,XF,2012-10-20 19:00:00,258,41.56568,2.06952
1.9,63.0,21.4,82.0,997.6,-1.0,-1.0,-1.0,-1.0,XG,2012-10-20 19:00:00,123,41.56734,2.22619
-1.0,-1.0,15.6,93.0,934.9,-1.0,-1.0,-1.0,-1.0,XH,2012-10-20 19:00:00,679,42.40533,1.12993
-1.0,-1.0,18.4,81.0,982.3,2.0,150.0,-1.0,-1.0,XI,2012-10-20 19:00:00,247,41.61817,0.87182
1.3,24.0,20.3,96.0,1003.5,-1.0,-1.0,-1.0,-1.0,XJ,2012-10-20 19:00:00,72,41.98223,2.80686
8.2,184.0,11.7,100.0,-1.0,-1.0,-1.0,-1.0,-1.0,XK,2012-10-20 19:00:00,1668,41.77362,2.43774
0.8,144.0,21.6,94.0,-1.0,-1.0,-1.0,-1.0,-1.0,XL,2012-10-20 19:00:00,8,41.34045,2.08022
-1.0,-1.0,15.4,93.0,-1.0,1.1,257.0,-1.0,-1.0,XM,2012-10-20 19:00:00,235,41.59522,0.73507
-1.0,-1.0,15.0,94.0,-1.0,0.6,276.0,-1.0,-1.0,XN,2012-10-20 19:00:00,89,41.46379,0.42765
-1.0,-1.0,17.5,97.0,-1.0,-1.0,-1.0,-1.0,-1.0,XO,2012-10-20 19:00:00,499,41.93497,2.23987
-1.0,-1.0,13.8,97.0,-1.0,0.5,253.0,-1.0,-1.0,XP,2012-10-20 19:00:00,349,41.06581,0.43006
4.0,92.0,16.6,94.0,933.6,-1.0,-1.0,-1.0,-1.0,XT,2012-10-20 19:00:00,691,41.98766,1.51165
1.0,209.0,16.0,98.0,970.2,-1.0,-1.0,-1.0,-1.0,X1,2012-10-20 19:00:00,359,41.15374,0.81953
-1.0,-1.0,21.8,93.0,-1.0,-1.0,-1.0,-1.0,-1.0,X2,2012-10-20 19:00:00,7,41.38943,2.18847
4.9,171.0,14.5,96.0,968.0,-1.0,-1.0,-1.0,-1.0,X3,2012-10-20 19:00:00,370,41.74281,0.5358
2.7,80.0,22.0,92.0,1006.9,-1.0,-1.0,-1.0,-1.0,X4,2012-10-20 19:00:00,33,41.3839,2.16775
1.7,275.0,12.0,95.0,892.4,-1.0,-1.0,-1.0,-1.0,X5,2012-10-20 19:00:00,1055,40.79705,0.31822
-1.0,-1.0,17.6,91.0,-1.0,1.3,57.0,-1.0,-1.0,X6,2012-10-20 19:00:00,366,41.92173,1.02901
-1.0,-1.0,14.2,95.0,-1.0,3.0,207.0,-1.0,-1.0,X7,2012-10-20 19:00:00,215,41.51909,0.55314
1.7,93.0,21.1,91.0,1001.5,-1.0,-1.0,-1.0,-1.0,X8,2012-10-20 19:00:00,79,41.37919,2.1054
0.9,358.0,19.8,89.0,991.7,-1.0,-1.0,-1.0,-1.0,X9,2012-10-20 19:00:00,176,41.61265,2.16836
9.5,186.0,6.2,97.0,-1.0,-1.0,-1.0,-1.0,-1.0,ZB,2012-10-20 19:00:00,2451,42.51939,1.36597
7.2,195.0,6.4,99.0,-1.0,-1.0,-1.0,-1.0,-1.0,ZC,2012-10-20 19:00:00,2410,42.42117,2.24565
-1.0,-1.0,7.1,95.0,-1.0,-1.0,-1.0,5.4,136.0,Z1,2012-10-20 19:00:00,2266,42.64691,0.98486
-1.0,-1.0,5.5,98.0,-1.0,-1.0,-1.0,6.8,34.0,Z2,2012-10-20 19:00:00,2535,42.46602,0.88405
-1.0,-1.0,7.6,97.0,-1.0,-1.0,-1.0,2.8,163.0,Z3,2012-10-20 19:00:00,2230,42.46605,1.7785
-1.0,-1.0,6.6,100.0,-1.0,-1.0,-1.0,4.7,215.0,Z5,2012-10-20 19:00:00,2400,42.70029,1.27201
-1.0,-1.0,7.5,98.0,-1.0,-1.0,-1.0,4.2,78.0,Z6,2012-10-20 19:00:00,2228,42.77011,0.73198
6.4,257.0,5.4,98.0,-1.0,-1.0,-1.0,-1.0,-1.0,Z7,2012-10-20 19:00:00,2519,42.53412,1.05476
-1.0,-1.0,6.9,100.0,-1.0,-1.0,-1.0,12.6,138.0,Z8,2012-10-20 19:00:00,2316,42.18254,1.52407
3.1,98.0,7.8,97.0,-1.0,-1.0,-1.0,-1.0,-1.0,Z9,2012-10-20 19:00:00,2143,42.29265,1.71498
0.9,225.0,16.2,95.0,940.8,-1.0,-1.0,-1.0,-1.0,CC,2012-10-20 19:30:00,626,42.07398,2.20862
2.0,323.0,15.5,83.0,915.9,-1.0,-1.0,-1.0,-1.0,CD,2012-10-20 19:30:00,849,42.37083,1.43277
1.3,287.0,18.6,98.0,975.1,-1.0,-1.0,-1.0,-1.0,CE,2012-10-20 19:30:00,316,41.53109,1.80813
4.9,201.0,12.4,100.0,858.6,-1.0,-1.0,-1.0,-1.0,CG,2012-10-20 19:30:00,1405,42.37717,2.41456
0.3,24.0,14.7,96.0,916.7,-1.0,-1.0,-1.0,-1.0,CI,2012-10-20 19:30:00,852,42.25839,2.36429
3.9,192.0,19.2,71.0,947.7,-1.0,-1.0,-1.0,-1.0,CJ,2012-10-20 19:30:00,566.5,42.21624,1.33132
0.8,221.0,18.6,98.0,971.5,-1.0,-1.0,-1.0,-1.0,CL,2012-10-20 19:30:00,349,41.67399,1.76796
6.6,124.0,17.6,81.0,934.3,-1.0,-1.0,-1.0,-1.0,CP,2012-10-20 19:30:00,690,42.13924,1.03893
1.4,230.0,16.7,96.0,944.3,-1.0,-1.0,-1.0,-1.0,CQ,2012-10-20 19:30:00,594,41.99546,1.02569
1.1,53.0,15.1,99.0,915.0,-1.0,-1.0,-1.0,-1.0,CR,2012-10-20 19:30:00,873,42.08032,1.9624
0.8,155.0,15.0,90.0,918.2,-1.0,-1.0,-1.0,-1.0,CT,2012-10-20 19:30:00,823,42.39811,0.74362
0.6,134.0,11.1,94.0,896.7,-1.0,-1.0,-1.0,-1.0,CU,2012-10-20 19:30:00,1002,42.69856,0.79397
1.7,225.0,18.7,77.0,952.8,-1.0,-1.0,-1.0,-1.0,CV,2012-10-20 19:30:00,513.3,42.23939,0.96434
2.1,86.0,17.1,91.0,959.9,-1.0,-1.0,-1.0,-1.0,CW,2012-10-20 19:30:00,446,41.39241,1.09894
0.6,157.0,16.5,94.0,920.6,-1.0,-1.0,-1.0,-1.0,CY,2012-10-20 19:30:00,816,41.87813,2.17873
4.5,111.0,18.6,88.0,980.1,-1.0,-1.0,-1.0,-1.0,C6,2012-10-20 19:30:00,264,41.6566,0.95172
4.3,120.0,18.0,94.0,962.1,-1.0,-1.0,-1.0,-1.0,C7,2012-10-20 19:30:00,427,41.66695,1.16234
5.3,119.0,17.4,84.0,947.8,-1.0,-1.0,-1.0,-1.0,C8,2012-10-20 19:30:00,554,41.67555,1.29609
0.6,226.0,17.6,99.0,982.3,-1.0,-1.0,-1.0,-1.0,C9,2012-10-20 19:30:00,240,40.71825,0.39988
1.3,183.0,17.9,100.0,989.3,-1.0,-1.0,-1.0,-1.0,DB,2012-10-20 19:30:00,179,40.87287,0.71581
1.5,43.0,18.0,98.0,963.7,-1.0,-1.0,-1.0,-1.0,DC,2012-10-20 19:30:00,421.5,42.19144,2.48263
1.4,39.0,21.3,94.0,1006.3,-1.0,-1.0,-1.0,-1.0,DD,2012-10-20 19:30:00,44.5,41.51175,2.38674
1.0,110.0,21.1,96.0,1008.8,-1.0,-1.0,-1.0,-1.0,DF,2012-10-20 19:30:00,28.6,41.97751,3.03543
3.4,283.0,9.0,97.0,802.4,-1.0,-1.0,-1.0,-1.0,DG,2012-10-20 19:30:00,1971.4,42.39848,2.15517
1.7,29.0,17.6,95.0,964.2,-1.0,-1.0,-1.0,-1.0,DI,2012-10-20 19:30:00,415,41.43292,1.62386
1.1,343.0,19.4,100.0,991.9,-1.0,-1.0,-1.0,-1.0,DJ,2012-10-20 19:30:00,176,42.11653,2.78969
2.1,179.0,21.4,87.0,1010.5,-1.0,-1.0,-1.0,-1.0,DK,2012-10-20 19:30:00,2,41.14677,1.41846
0.9,199.0,20.4,90.0,1009.8,-1.0,-1.0,-1.0,-1.0,DL,2012-10-20 19:30:00,0.5,40.70719,0.83449
0.4,277.0,19.4,97.0,994.5,-1.0,-1.0,-1.0,-1.0,DN,2012-10-20 19:30:00,150,41.96095,2.63108
1.0,93.0,20.6,93.0,1010.4,-1.0,-1.0,-1.0,-1.0,DO,2012-10-20 19:30:00,14,41.80857,3.03241
4.0,201.0,15.9,69.0,890.1,-1.0,-1.0,-1.0,-1.0,DP,2012-10-20 19:30:00,1097,42.38605,1.8664
1.7,88.0,17.9,91.0,978.3,-1.0,-1.0,-1.0,-1.0,DQ,2012-10-20 19:30:00,287,41.30728,1.36259
-1.0,-1.0,13.8,98.0,964.6,-1.0,-1.0,-1.0,-1.0,D1,2012-10-20 19:30:00,404,41.28521,0.75383
-1.0,-1.0,19.6,93.0,971.9,-1.0,-1.0,-1.0,-1.0,D2,2012-10-20 19:30:00,343,41.59252,1.915
0.7,227.0,19.5,90.0,982.0,-1.0,-1.0,-1.0,-1.0,D3,2012-10-20 19:30:00,252,41.38197,1.93564
3.3,111.0,20.4,95.0,1009.3,-1.0,-1.0,-1.0,-1.0,D4,2012-10-20 19:30:00,24,42.27065,3.18165
1.0,69.0,18.7,94.0,964.5,-1.0,-1.0,-1.0,-1.0,D5,2012-10-20 19:30:00,411.2,41.41843,2.12388
8.3,165.0,19.0,99.0,989.5,-1.0,-1.0,-1.0,-1.0,D6,2012-10-20 19:30:00,196,42.43515,3.16622
1.6,34.0,15.6,95.0,1005.5,-1.0,-1.0,-1.0,-1.0,D7,2012-10-20 19:30:00,53,41.18499,0.59376
0.9,78.0,12.3,99.0,951.4,-1.0,-1.0,-1.0,-1.0,D8,2012-10-20 19:30:00,515,40.95134,0.30565
1.1,15.0,19.9,94.0,1004.2,-1.0,-1.0,-1.0,-1.0,D9,2012-10-20 19:30:00,59,41.21553,1.52121
0.9,82.0,18.4,96.0,973.3,-1.0,-1.0,-1.0,-1.0,H1,2012-10-20 19:30:00,333,41.58642,1.65306
0.6,10.0,19.7,85.0,987.0,-1.0,-1.0,-1.0,-1.0,R1,2012-10-20 19:30:00,210,41.70637,1.87276
0.6,33.0,18.7,98.0,997.5,-1.0,-1.0,-1.0,-1.0,VQ,2012-10-20 19:30:00,112,41.1713,1.16774
15.6,184.0,7.1,99.0,772.0,-1.0,-1.0,-1.0,-1.0,VS,2012-10-20 19:30:00,2247,42.63835,0.77889
-1.0,-1.0,21.6,92.0,1006.4,-1.0,-1.0,1.8,38.0,WU,2012-10-20 19:30:00,42,41.45215,2.24757
0.7,357.0,20.9,87.0,1009.0,-1.0,-1.0,-1.0,-1.0,WZ,2012-10-20 19:30:00,17,41.20187,1.63346
2.9,100.0,15.2,93.0,923.6,-1.0,-1.0,-1.0,-1.0,XA,2012-10-20 19:30:00,785,41.60257,1.4007
1.0,140.0,21.1,86.0,994.8,-1.0,-1.0,-1.0,-1.0,XC,2012-10-20 19:30:00,147,41.47892,1.97546
3.4,140.0,16.0,85.0,933.0,-1.0,-1.0,-1.0,-1.0,XD,2012-10-20 19:30:00,687,41.32,0.8857
0.5,169.0,20.5,85.0,1010.0,-1.0,-1.0,-1.0,-1.0,XE,2012-10-20 19:30:00,5,41.10393,1.201
1.8,36.0,19.7,96.0,981.7,-1.0,-1.0,-1.0,-1.0,XF,2012-10-20 19:30:00,258,41.56568,2.06952
2.9,40.0,21.1,82.0,997.8,-1.0,-1.0,-1.0,-1.0,XG,2012-10-20 19:30:00,123,41.56734,2.22619
-1.0,-1.0,15.4,94.0,935.2,-1.0,-1.0,-1.0,-1.0,XH,2012-10-20 19:30:00,679,42.40533,1.12993
1.4,21.0,20.3,97.0,1003.6,-1.0,-1.0,-1.0,-1.0,XJ,2012-10-20 19:30:00,72,41.98223,2.80686
8.2,189.0,11.3,100.0,-1.0,-1.0,-1.0,-1.0,-1.0,XK,2012-10-20 19:30:00,1668,41.77362,2.43774
0.1,75.0,20.8,95.0,-1.0,-1.0,-1.0,-1.0,-1.0,XL,2012-10-20 19:30:00,8,41.34045,2.08022
-1.0,-1.0,17.5,96.0,-1.0,-1.0,-1.0,-1.0,-1.0,XO,2012-10-20 19:30:00,499,41.93497,2.23987
-1.0,-1.0,13.8,97.0,-1.0,0.1,324.0,-1.0,-1.0,XP,2012-10-20 19:30:00,349,41.06581,0.43006
3.2,91.0,16.8,92.0,933.8,-1.0,-1.0,-1.0,-1.0,XT,2012-10-20 19:30:00,691,41.98766,1.51165
1.0,101.0,21.0,91.0,1001.7,-1.0,-1.0,-1.0,-1.0,X8,2012-10-20 19:30:00,79,41.37919,2.1054
7.9,204.0,5.9,97.0,-1.0,-1.0,-1.0,-1.0,-1.0,ZB,2012-10-20 19:30:00,2451,42.51939,1.36597
7.7,212.0,6.1,99.0,-1.0,-1.0,-1.0,-1.0,-1.0,ZC,2012-10-20 19:30:00,2410,42.42117,2.24565
-1.0,-1.0,6.6,99.0,-1.0,-1.0,-1.0,5.9,133.0,Z1,2012-10-20 19:30:00,2266,42.64691,0.98486
-1.0,-1.0,5.4,98.0,-1.0,-1.0,-1.0,5.7,335.0,Z2,2012-10-20 19:30:00,2535,42.46602,0.88405
-1.0,-1.0,7.3,97.0,-1.0,-1.0,-1.0,1.7,138.0,Z3,2012-10-20 19:30:00,2230,42.46605,1.7785
-1.0,-1.0,6.2,100.0,-1.0,-1.0,-1.0,4.4,153.0,Z5,2012-10-20 19:30:00,2400,42.70029,1.27201
-1.0,-1.0,7.8,95.0,-1.0,-1.0,-1.0,4.2,69.0,Z6,2012-10-20 19:30:00,2228,42.77011,0.73198
5.5,259.0,5.5,98.0,-1.0,-1.0,-1.0,-1.0,-1.0,Z7,2012-10-20 19:30:00,2519,42.53412,1.05476
-1.0,-1.0,6.5,100.0,-1.0,-1.0,-1.0,11.1,139.0,Z8,2012-10-20 19:30:00,2316,42.18254,1.52407
2.5,37.0,7.6,97.0,-1.0,-1.0,-1.0,-1.0,-1.0,Z9,2012-10-20 19:30:00,2143,42.29265,1.71498
1.2,224.0,16.2,95.0,940.9,-1.0,-1.0,-1.0,-1.0,CC,2012-10-20 20:00:00,626,42.07398,2.20862
1.7,283.0,15.4,81.0,916.2,-1.0,-1.0,-1.0,-1.0,CD,2012-10-20 20:00:00,849,42.37083,1.43277
1.8,323.0,18.2,98.0,975.1,-1.0,-1.0,-1.0,-1.0,CE,2012-10-20 20:00:00,316,41.53109,1.80813
4.4,201.0,12.4,100.0,858.7,-1.0,-1.0,-1.0,-1.0,CG,2012-10-20 20:00:00,1405,42.37717,2.41456
0.2,40.0,14.6,96.0,916.8,-1.0,-1.0,-1.0,-1.0,CI,2012-10-20 20:00:00,852,42.25839,2.36429
2.3,215.0,19.5,70.0,947.9,-1.0,-1.0,-1.0,-1.0,CJ,2012-10-20 20:00:00,566.5,42.21624,1.33132
0.5,185.0,18.4,99.0,971.5,-1.0,-1.0,-1.0,-1.0,CL,2012-10-20 20:00:00,349,41.67399,1.76796
5.7,126.0,17.8,78.0,934.4,-1.0,-1.0,-1.0,-1.0,CP,2012-10-20 20:00:00,690,42.13924,1.03893
1.5,168.0,17.0,91.0,944.5,-1.0,-1.0,-1.0,-1.0,CQ,2012-10-20 20:00:00,594,41.99546,1.02569
0.6,58.0,15.0,99.0,915.1,-1.0,-1.0,-1.0,-1.0,CR,2012-10-20 20:00:00,873,42.08032,1.9624
1.3,131.0,15.8,83.0,918.6,-1.0,-1.0,-1.0,-1.0,CT,2012-10-20 20:00:00,823,42.39811,0.74362
0.7,25.0,11.3,94.0,896.8,-1.0,-1.0,-1.0,-1.0,CU,2012-10-20 20:00:00,1002,42.69856,0.79397
1.6,206.0,19.3,70.0,952.8,-1.0,-1.0,-1.0,-1.0,CV,2012-10-20 20:00:00,513.3,42.23939,0.96434
2.3,74.0,16.8,92.0,960.0,-1.0,-1.0,-1.0,-1.0,CW,2012-10-20 20:00:00,446,41.39241,1.09894
1.1,73.0,15.9,98.0,920.7,-1.0,-1.0,-1.0,-1.0,CY,2012-10-20 20:00:00,816,41.87813,2.17873
2.9,123.0,18.5,88.0,980.5,-1.0,-1.0,-1.0,-1.0,C6,2012-10-20 20:00:00,264,41.6566,0.95172
3.7,106.0,18.1,94.0,962.2,-1.0,-1.0,-1.0,-1.0,C7,2012-10-20 20:00:00,427,41.66695,1.16234
4.5,117.0,17.4,84.0,948.0,-1.0,-1.0,-1.0,-1.0,C8,2012-10-20 20:00:00,554,41.67555,1.29609
0.5,353.0,17.6,99.0,982.7,-1.0,-1.0,-1.0,-1.0,C9,2012-10-20 20:00:00,240,40.71825,0.39988
4.7,337.0,16.4,100.0,989.7,-1.0,-1.0,-1.0,-1.0,DB,2012-10-20 20:00:00,179,40.87287,0.71581
0.4,353.0,17.9,98.0,963.7,-1.0,-1.0,-1.0,-1.0,DC,2012-10-20 20:00:00,421.5,42.19144,2.48263
1.7,28.0,21.1,94.0,1006.2,-1.0,-1.0,-1.0,-1.0,DD,2012-10-20 20:00:00,44.5,41.51175,2.38674
0.5,109.0,21.2,96.0,1008.9,-1.0,-1.0,-1.0,-1.0,DF,2012-10-20 20:00:00,28.6,41.97751,3.03543
3.6,300.0,9.0,97.0,802.7,-1.0,-1.0,-1.0,-1.0,DG,2012-10-20 20:00:00,1971.4,42.39848,2.15517
2.0,26.0,17.4,95.0,964.2,-1.0,-1.0,-1.0,-1.0,DI,2012-10-20 20:00:00,415,41.43292,1.62386
1.2,322.0,19.4,100.0,991.9,-1.0,-1.0,-1.0,-1.0,DJ,2012-10-20 20:00:00,176,42.11653,2.78969
1.2,341.0,20.7,90.0,1010.6,-1.0,-1.0,-1.0,-1.0,DK,2012-10-20 20:00:00,2,41.14677,1.41846
0.4,273.0,20.2,91.0,1010.1,-1.0,-1.0,-1.0,-1.0,DL,2012-10-20 20:00:00,0.5,40.70719,0.83449
0.8,267.0,19.4,97.0,994.5,-1.0,-1.0,-1.0,-1.0,DN,2012-10-20 20:00:00,150,41.96095,2.63108
1.0,106.0,20.6,93.0,1010.4,-1.0,-1.0,-1.0,-1.0,DO,2012-10-20 20:00:00,14,41.80857,3.03241
3.5,195.0,15.8,66.0,890.2,-1.0,-1.0,-1.0,-1.0,DP,2012-10-20 20:00:00,1097,42.38605,1.8664
1.7,58.0,17.6,91.0,978.4,-1.0,-1.0,-1.0,-1.0,DQ,2012-10-20 20:00:00,287,41.30728,1.36259
-1.0,-1.0,13.8,98.0,964.7,-1.0,-1.0,-1.0,-1.0,D1,2012-10-20 20:00:00,404,41.28521,0.75383
-1.0,-1.0,19.3,93.0,972.0,-1.0,-1.0,-1.0,-1.0,D2,2012-10-20 20:00:00,343,41.59252,1.915
0.6,315.0,18.8,94.0,982.1,-1.0,-1.0,-1.0,-1.0,D3,2012-10-20 20:00:00,252,41.38197,1.93564
3.0,125.0,20.5,95.0,1009.5,-1.0,-1.0,-1.0,-1.0,D4,2012-10-20 20:00:00,24,42.27065,3.18165
0.9,111.0,18.5,94.0,964.6,-1.0,-1.0,-1.0,-1.0,D5,2012-10-20 20:00:00,411.2,41.41843,2.12388
8.0,164.0,18.9,99.0,989.5,-1.0,-1.0,-1.0,-1.0,D6,2012-10-20 20:00:00,196,42.43515,3.16622
1.0,19.0,15.7,94.0,1005.7,-1.0,-1.0,-1.0,-1.0,D7,2012-10-20 20:00:00,53,41.18499,0.59376
1.2,341.0,12.3,99.0,951.9,-1.0,-1.0,-1.0,-1.0,D8,2012-10-20 20:00:00,515,40.95134,0.30565
1.7,18.0,19.8,94.0,1004.2,-1.0,-1.0,-1.0,-1.0,D9,2012-10-20 20:00:00,59,41.21553,1.52121
0.7,16.0,17.7,100.0,973.4,-1.0,-1.0,-1.0,-1.0,H1,2012-10-20 20:00:00,333,41.58642,1.65306
1.2,25.0,19.0,88.0,987.1,-1.0,-1.0,-1.0,-1.0,R1,2012-10-20 20:00:00,210,41.70637,1.87276
-1.0,-1.0,18.2,95.0,-1.0,0.8,319.0,-1.0,-1.0,UA,2012-10-20 20:00:00,93,40.9091,0.76943
-1.0,-1.0,19.8,91.0,-1.0,0.8,132.0,-1.0,-1.0,UB,2012-10-20 20:00:00,15,42.05398,3.06195
-1.0,-1.0,20.0,91.0,-1.0,0.3,333.0,-1.0,-1.0,UC,2012-10-20 20:00:00,60,41.97726,2.99705
-1.0,-1.0,21.1,94.0,-1.0,-1.0,-1.0,-1.0,-1.0,UD,2012-10-20 20:00:00,12,42.02895,3.06227
-1.0,-1.0,20.8,94.0,-1.0,-1.0,-1.0,-1.0,-1.0,UE,2012-10-20 20:00:00,4,42.02306,3.15719
-1.0,-1.0,15.7,100.0,-1.0,0.7,84.0,-1.0,-1.0,UF,2012-10-20 20:00:00,573,41.28832,1.90775
-1.0,-1.0,20.6,96.0,-1.0,0.1,347.0,-1.0,-1.0,UG,2012-10-20 20:00:00,3,41.29928,2.03787
-1.0,-1.0,16.7,94.0,-1.0,0.1,27.0,0.1,69.0,UH,2012-10-20 20:00:00,545,41.34171,1.48769
-1.0,-1.0,12.3,99.0,-1.0,0.2,330.0,-1.0,-1.0,UI,2012-10-20 20:00:00,1386,42.26477,1.76218
-1.0,-1.0,15.3,90.0,-1.0,1.2,44.0,1.8,50.0,UJ,2012-10-20 20:00:00,709,41.52879,1.3683
-1.0,-1.0,18.7,92.0,-1.0,0.8,58.0,-1.0,-1.0,UK,2012-10-20 20:00:00,161,41.27861,1.80479
-1.0,-1.0,14.5,95.0,-1.0,0.7,306.0,-1.0,-1.0,UL,2012-10-20 20:00:00,228,41.52911,0.75303
-1.0,-1.0,12.6,97.0,-1.0,1.4,181.0,-1.0,-1.0,UM,2012-10-20 20:00:00,505,41.35991,0.66789
-1.0,-1.0,20.4,95.0,-1.0,0.1,90.0,-1.0,-1.0,UN,2012-10-20 20:00:00,171,41.87449,2.92694
-1.0,-1.0,20.0,93.0,-1.0,-1.0,-1.0,-1.0,-1.0,UO,2012-10-20 20:00:00,97,41.91461,2.82069
0.7,351.0,21.3,89.0,1001.9,-1.0,-1.0,-1.0,-1.0,UP,2012-10-20 20:00:00,81,41.51773,2.37702
-1.0,-1.0,18.1,92.0,-1.0,0.3,43.0,-1.0,-1.0,UQ,2012-10-20 20:00:00,460,41.61991,2.44532
-1.0,-1.0,18.5,98.0,-1.0,0.7,326.0,-1.0,-1.0,US,2012-10-20 20:00:00,24,40.55786,0.52329
1.3,4.0,19.1,95.0,1010.0,-1.0,-1.0,-1.0,-1.0,UU,2012-10-20 20:00:00,3,40.70776,0.6321
-1.0,-1.0,19.8,85.0,1010.4,0.9,322.0,-1.0,-1.0,UW,2012-10-20 20:00:00,0,40.62725,0.65922
-1.0,-1.0,17.1,100.0,-1.0,0.1,34.0,-1.0,-1.0,UX,2012-10-20 20:00:00,210,40.62652,0.37112
-1.0,-1.0,16.7,88.0,-1.0,1.5,92.0,3.2,98.0,UY,2012-10-20 20:00:00,576,41.87912,0.76103
-1.0,-1.0,20.0,97.0,-1.0,0.4,95.0,-1.0,-1.0,U1,2012-10-20 20:00:00,31,42.30648,2.95481
3.4,141.0,20.4,99.0,1011.9,-1.0,-1.0,-1.0,-1.0,U2,2012-10-20 20:00:00,4,42.17716,3.0968
-1.0,-1.0,17.7,94.0,-1.0,0.5,338.0,-1.0,-1.0,U3,2012-10-20 20:00:00,257,41.37491,1.63032
1.9,18.0,17.5,91.0,-1.0,0.8,40.0,-1.0,-1.0,U4,2012-10-20 20:00:00,507,41.83094,1.84699
-1.0,-1.0,13.5,94.0,-1.0,0.6,33.0,-1.0,-1.0,U5,2012-10-20 20:00:00,969,41.31349,0.99611
-1.0,-1.0,19.4,92.0,-1.0,0.8,9.0,-1.0,-1.0,U6,2012-10-20 20:00:00,29,41.08017,1.06661
-1.0,-1.0,16.2,90.0,-1.0,1.3,1.0,-1.0,-1.0,U7,2012-10-20 20:00:00,52,40.85936,0.50525
-1.0,-1.0,18.5,93.0,-1.0,0.2,345.0,-1.0,-1.0,U9,2012-10-20 20:00:00,62,40.76947,0.61635
-1.0,-1.0,14.2,95.0,-1.0,0.6,2.0,-1.0,-1.0,VA,2012-10-20 20:00:00,257,41.19645,0.51161
0.9,38.0,16.7,89.0,-1.0,-1.0,-1.0,-1.0,-1.0,VB,2012-10-20 20:00:00,32,41.06289,0.63517
-1.0,-1.0,15.5,90.0,-1.0,0.8,252.0,-1.0,-1.0,VC,2012-10-20 20:00:00,69,41.24415,0.43266
-1.0,-1.0,17.7,80.0,-1.0,1.1,113.0,-1.0,-1.0,VD,2012-10-20 20:00:00,429,41.68939,1.20381
-1.0,-1.0,15.1,94.0,-1.0,0.4,201.0,-1.0,-1.0,VE,2012-10-20 20:00:00,97,41.48692,0.46058
-1.0,-1.0,14.7,96.0,-1.0,0.1,223.0,-1.0,-1.0,VF,2012-10-20 20:00:00,122,41.56482,0.54999
-1.0,-1.0,14.1,97.0,-1.0,1.2,184.0,-1.0,-1.0,VH,2012-10-20 20:00:00,259,41.65814,0.39301
-1.0,-1.0,14.4,91.0,-1.0,1.0,246.0,-1.0,-1.0,VJ,2012-10-20 20:00:00,161,41.59957,0.6478
1.5,145.0,13.9,97.0,978.4,-1.0,-1.0,-1.0,-1.0,VK,2012-10-20 20:00:00,286,41.68328,0.4487
-1.0,-1.0,14.4,91.0,-1.0,0.4,222.0,-1.0,-1.0,VM,2012-10-20 20:00:00,222,41.7145,0.62839
-1.0,-1.0,19.8,93.0,-1.0,-1.0,-1.0,-1.0,-1.0,VN,2012-10-20 20:00:00,117,41.88244,2.74262
-1.0,-1.0,16.7,83.0,-1.0,1.2,57.0,-1.0,-1.0,VO,2012-10-20 20:00:00,785,42.08745,1.42792
-1.0,-1.0,16.4,96.0,-1.0,1.7,83.0,2.9,86.0,VP,2012-10-20 20:00:00,659,41.80483,1.53853
1.9,11.0,18.0,100.0,997.5,-1.0,-1.0,-1.0,-1.0,VQ,2012-10-20 20:00:00,112,41.1713,1.16774
-1.0,-1.0,18.2,85.0,-1.0,0.3,37.0,-1.0,-1.0,VR,2012-10-20 20:00:00,291,41.68994,1.04401
10.1,180.0,6.8,100.0,772.7,-1.0,-1.0,-1.0,-1.0,VS,2012-10-20 20:00:00,2247,42.63835,0.77889
-1.0,-1.0,20.5,90.0,-1.0,0.2,184.0,-1.0,-1.0,VT,2012-10-20 20:00:00,84,41.48401,2.12745
-1.0,-1.0,18.0,82.0,-1.0,0.5,112.0,-1.0,-1.0,VU,2012-10-20 20:00:00,421,41.63286,1.91718
0.2,225.0,17.5,98.0,-1.0,-1.0,-1.0,-1.0,-1.0,VV,2012-10-20 20:00:00,528,41.68129,2.02647
-1.0,-1.0,14.0,98.0,-1.0,1.5,178.0,-1.0,-1.0,VX,2012-10-20 20:00:00,1030,41.74761,2.30291
-1.0,-1.0,17.5,93.0,-1.0,-1.0,-1.0,-1.0,-1.0,VY,2012-10-20 20:00:00,240,41.25095,1.29863
-1.0,-1.0,20.1,96.0,-1.0,-1.0,-1.0,-1.0,-1.0,VZ,2012-10-20 20:00:00,83,42.38443,3.00736
-1.0,-1.0,16.1,88.0,-1.0,1.2,256.0,-1.0,-1.0,V1,2012-10-20 20:00:00,238,41.78487,0.82939
-1.0,-1.0,17.2,97.0,-1.0,0.4,308.0,-1.0,-1.0,V3,2012-10-20 20:00:00,509,41.95224,2.23271
-1.0,-1.0,15.6,94.0,935.8,-1.0,-1.0,0.4,317.0,V4,2012-10-20 20:00:00,684,42.11477,2.21483
-1.0,-1.0,15.9,95.0,-1.0,1.1,92.0,1.5,75.0,V5,2012-10-20 20:00:00,774,42.03947,2.11993
-1.0,-1.0,15.4,90.0,-1.0,0.9,277.0,-1.0,-1.0,V8,2012-10-20 20:00:00,223,41.67279,0.87741
-1.0,-1.0,17.9,86.0,-1.0,0.8,49.0,-1.0,-1.0,WA,2012-10-20 20:00:00,443,41.87694,1.1541
-1.0,-1.0,14.4,97.0,-1.0,1.1,292.0,-1.0,-1.0,WB,2012-10-20 20:00:00,267,41.76036,0.67022
-1.0,-1.0,15.8,89.0,-1.0,1.6,294.0,-1.0,-1.0,WC,2012-10-20 20:00:00,261,41.63642,0.92446
-1.0,-1.0,13.2,100.0,-1.0,0.8,342.0,-1.0,-1.0,WD,2012-10-20 20:00:00,382,41.08671,0.31884
-1.0,-1.0,19.6,88.0,-1.0,0.1,71.0,-1.0,-1.0,WE,2012-10-20 20:00:00,126,41.5444,2.30014
-1.0,-1.0,19.7,92.0,-1.0,-1.0,-1.0,-1.0,-1.0,WF,2012-10-20 20:00:00,108,41.95425,2.77578
-1.0,-1.0,14.8,93.0,-1.0,0.5,24.0,-1.0,-1.0,WG,2012-10-20 20:00:00,301,41.80104,0.64804
-1.0,-1.0,13.2,95.0,-1.0,1.6,206.0,-1.0,-1.0,WI,2012-10-20 20:00:00,350,41.35741,0.4809
-1.0,-1.0,15.5,100.0,-1.0,0.3,263.0,-1.0,-1.0,WJ,2012-10-20 20:00:00,141,41.1223,0.72182
-1.0,-1.0,15.4,91.0,-1.0,0.4,131.0,-1.0,-1.0,WK,2012-10-20 20:00:00,268,41.81949,0.57768
-1.0,-1.0,17.7,86.0,-1.0,2.5,127.0,-1.0,-1.0,WL,2012-10-20 20:00:00,413,41.57236,1.0882
1.7,280.0,13.9,94.0,-1.0,-1.0,-1.0,-1.0,-1.0,WM,2012-10-20 20:00:00,1167,42.10736,1.8267
-1.0,-1.0,14.8,100.0,-1.0,-1.0,-1.0,2.5,167.0,WN,2012-10-20 20:00:00,916,41.59539,1.83751
-1.0,-1.0,18.7,92.0,-1.0,-1.0,-1.0,-1.0,-1.0,WO,2012-10-20 20:00:00,185,41.27151,1.46717
-1.0,-1.0,17.2,98.0,-1.0,0.9,314.0,-1.0,-1.0,WP,2012-10-20 20:00:00,325,41.48518,1.69337
9.7,163.0,10.3,99.0,840.2,-1.0,-1.0,-1.0,-1.0,WQ,2012-10-20 20:00:00,1572,42.0513,0.72952
-1.0,-1.0,15.1,98.0,-1.0,0.3,290.0,-1.0,-1.0,WR,2012-10-20 20:00:00,300,41.2163,0.79748
0.8,123.0,15.1,96.0,905.6,-1.0,-1.0,-1.0,-1.0,WS,2012-10-20 20:00:00,953,41.84008,2.41877
1.5,41.0,21.4,98.0,1011.8,-1.0,-1.0,-1.0,-1.0,WT,2012-10-20 20:00:00,2,41.64707,2.75658
-1.0,-1.0,21.6,91.0,1006.5,-1.0,-1.0,1.2,50.0,WU,2012-10-20 20:00:00,42,41.45215,2.24757
0.5,216.0,15.4,98.0,925.0,-1.0,-1.0,-1.0,-1.0,WV,2012-10-20 20:00:00,788,42.23414,1.87485
-1.0,-1.0,18.2,94.0,-1.0,-1.0,-1.0,-1.0,-1.0,WW,2012-10-20 20:00:00,278,41.79423,1.9368
-1.0,-1.0,16.0,90.0,-1.0,2.8,101.0,-1.0,-1.0,WX,2012-10-20 20:00:00,668,41.9178,0.88175
-1.0,-1.0,18.9,93.0,-1.0,0.4,303.0,-1.0,-1.0,WY,2012-10-20 20:00:00,164,41.43386,1.79429
1.1,355.0,20.0,92.0,1009.1,-1.0,-1.0,-1.0,-1.0,WZ,2012-10-20 20:00:00,17,41.20187,1.63346
-1.0,-1.0,20.3,91.0,-1.0,-1.0,-1.0,-1.0,-1.0,W1,2012-10-20 20:00:00,2,42.24726,3.09021
-1.0,-1.0,20.5,98.0,-1.0,-1.0,-1.0,-1.0,-1.0,W2,2012-10-20 20:00:00,7,42.18259,3.05783
-1.0,-1.0,20.9,90.0,-1.0,-1.0,-1.0,-1.0,-1.0,W3,2012-10-20 20:00:00,4,42.15006,3.06494
-1.0,-1.0,18.3,91.0,-1.0,0.9,28.0,-1.0,-1.0,W4,2012-10-20 20:00:00,240,41.36619,1.72857
-1.0,-1.0,17.5,95.0,-1.0,0.4,86.0,-1.0,-1.0,W5,2012-10-20 20:00:00,490,42.07683,1.31489
-1.0,-1.0,18.3,92.0,-1.0,0.3,13.0,-1.0,-1.0,W6,2012-10-20 20:00:00,158,41.13738,1.0187
-1.0,-1.0,17.0,92.0,-1.0,-1.0,-1.0,-1.0,-1.0,W8,2012-10-20 20:00:00,438,41.44237,1.15998
-1.0,-1.0,17.6,98.0,-1.0,0.3,352.0,-1.0,-1.0,W9,2012-10-20 20:00:00,461,42.14557,2.45451
2.0,100.0,15.0,94.0,923.7,-1.0,-1.0,-1.0,-1.0,XA,2012-10-20 20:00:00,785,41.60257,1.4007
-1.0,-1.0,16.1,92.0,-1.0,-1.0,-1.0,-1.0,-1.0,XB,2012-10-20 20:00:00,584,41.4779,1.53529
1.6,97.0,20.8,89.0,994.9,-1.0,-1.0,-1.0,-1.0,XC,2012-10-20 20:00:00,147,41.47892,1.97546
2.1,118.0,15.8,86.0,933.2,-1.0,-1.0,-1.0,-1.0,XD,2012-10-20 20:00:00,687,41.32,0.8857
0.7,31.0,19.2,91.0,1010.0,-1.0,-1.0,-1.0,-1.0,XE,2012-10-20 20:00:00,5,41.10393,1.201
2.3,37.0,19.7,94.0,981.7,-1.0,-1.0,-1.0,-1.0,XF,2012-10-20 20:00:00,258,41.56568,2.06952
3.0,33.0,20.7,83.0,997.8,-1.0,-1.0,-1.0,-1.0,XG,2012-10-20 20:00:00,123,41.56734,2.22619
-1.0,-1.0,14.9,97.0,935.5,-1.0,-1.0,-1.0,-1.0,XH,2012-10-20 20:00:00,679,42.40533,1.12993
-1.0,-1.0,15.5,91.0,983.0,1.5,300.0,-1.0,-1.0,XI,2012-10-20 20:00:00,247,41.61817,0.87182
1.5,22.0,20.2,97.0,1003.7,-1.0,-1.0,-1.0,-1.0,XJ,2012-10-20 20:00:00,72,41.98223,2.80686
8.0,189.0,10.9,100.0,-1.0,-1.0,-1.0,-1.0,-1.0,XK,2012-10-20 20:00:00,1668,41.77362,2.43774
0.7,111.0,20.4,96.0,-1.0,-1.0,-1.0,-1.0,-1.0,XL,2012-10-20 20:00:00,8,41.34045,2.08022
-1.0,-1.0,14.2,93.0,-1.0,0.9,266.0,-1.0,-1.0,XM,2012-10-20 20:00:00,235,41.59522,0.73507
-1.0,-1.0,15.0,94.0,-1.0,0.7,238.0,-1.0,-1.0,XN,2012-10-20 20:00:00,89,41.46379,0.42765
-1.0,-1.0,17.4,97.0,-1.0,-1.0,-1.0,-1.0,-1.0,XO,2012-10-20 20:00:00,499,41.93497,2.23987
-1.0,-1.0,13.9,96.0,-1.0,0.1,68.0,-1.0,-1.0,XP,2012-10-20 20:00:00,349,41.06581,0.43006
2.7,82.0,16.8,91.0,933.8,-1.0,-1.0,-1.0,-1.0,XT,2012-10-20 20:00:00,691,41.98766,1.51165
0.6,218.0,15.3,99.0,970.5,-1.0,-1.0,-1.0,-1.0,X1,2012-10-20 20:00:00,359,41.15374,0.81953
-1.0,-1.0,21.7,94.0,-1.0,-1.0,-1.0,-1.0,-1.0,X2,2012-10-20 20:00:00,7,41.38943,2.18847
1.9,190.0,13.6,96.0,968.8,-1.0,-1.0,-1.0,-1.0,X3,2012-10-20 20:00:00,370,41.74281,0.5358
2.0,73.0,21.9,92.0,1007.3,-1.0,-1.0,-1.0,-1.0,X4,2012-10-20 20:00:00,33,41.3839,2.16775
1.0,48.0,11.8,95.0,892.8,-1.0,-1.0,-1.0,-1.0,X5,2012-10-20 20:00:00,1055,40.79705,0.31822
-1.0,-1.0,18.0,89.0,-1.0,1.3,24.0,-1.0,-1.0,X6,2012-10-20 20:00:00,366,41.92173,1.02901
-1.0,-1.0,14.3,95.0,-1.0,2.1,206.0,-1.0,-1.0,X7,2012-10-20 20:00:00,215,41.51909,0.55314
1.1,87.0,20.7,91.0,1001.9,-1.0,-1.0,-1.0,-1.0,X8,2012-10-20 20:00:00,79,41.37919,2.1054
0.7,342.0,19.5,90.0,991.8,-1.0,-1.0,-1.0,-1.0,X9,2012-10-20 20:00:00,176,41.61265,2.16836
5.3,324.0,5.6,97.0,-1.0,-1.0,-1.0,-1.0,-1.0,ZB,2012-10-20 20:00:00,2451,42.51939,1.36597
8.4,219.0,5.8,99.0,-1.0,-1.0,-1.0,-1.0,-1.0,ZC,2012-10-20 20:00:00,2410,42.42117,2.24565
-1.0,-1.0,6.9,97.0,-1.0,-1.0,-1.0,4.7,110.0,Z1,2012-10-20 20:00:00,2266,42.64691,0.98486
-1.0,-1.0,4.7,98.0,-1.0,-1.0,-1.0,3.7,2.0,Z2,2012-10-20 20:00:00,2535,42.46602,0.88405
-1.0,-1.0,7.3,97.0,-1.0,-1.0,-1.0,1.5,185.0,Z3,2012-10-20 20:00:00,2230,42.46605,1.7785
-1.0,-1.0,6.0,100.0,-1.0,-1.0,-1.0,3.5,166.0,Z5,2012-10-20 20:00:00,2400,42.70029,1.27201
-1.0,-1.0,8.1,91.0,-1.0,-1.0,-1.0,3.9,87.0,Z6,2012-10-20 20:00:00,2228,42.77011,0.73198
5.5,244.0,5.5,98.0,-1.0,-1.0,-1.0,-1.0,-1.0,Z7,2012-10-20 20:00:00,2519,42.53412,1.05476
-1.0,-1.0,6.1,100.0,-1.0,-1.0,-1.0,9.1,136.0,Z8,2012-10-20 20:00:00,2316,42.18254,1.52407
2.2,43.0,7.1,97.0,-1.0,-1.0,-1.0,-1.0,-1.0,Z9,2012-10-20 20:00:00,2143,42.29265,1.71498
0.4,43.0,16.2,95.0,941.0,-1.0,-1.0,-1.0,-1.0,CC,2012-10-20 20:30:00,626,42.07398,2.20862
2.0,296.0,15.5,80.0,916.3,-1.0,-1.0,-1.0,-1.0,CD,2012-10-20 20:30:00,849,42.37083,1.43277
1.8,331.0,17.9,99.0,975.2,-1.0,-1.0,-1.0,-1.0,CE,2012-10-20 20:30:00,316,41.53109,1.80813
3.1,199.0,12.4,100.0,858.8,-1.0,-1.0,-1.0,-1.0,CG,2012-10-20 20:30:00,1405,42.37717,2.41456
0.2,225.0,14.5,96.0,916.8,-1.0,-1.0,-1.0,-1.0,CI,2012-10-20 20:30:00,852,42.25839,2.36429
0.8,288.0,18.1,79.0,948.1,-1.0,-1.0,-1.0,-1.0,CJ,2012-10-20 20:30:00,566.5,42.21624,1.33132
0.4,117.0,18.2,99.0,971.5,-1.0,-1.0,-1.0,-1.0,CL,2012-10-20 20:30:00,349,41.67399,1.76796
4.5,123.0,17.7,77.0,934.6,-1.0,-1.0,-1.0,-1.0,CP,2012-10-20 20:30:00,690,42.13924,1.03893
1.3,196.0,17.1,92.0,944.6,-1.0,-1.0,-1.0,-1.0,CQ,2012-10-20 20:30:00,594,41.99546,1.02569
2.1,46.0,15.0,99.0,915.1,-1.0,-1.0,-1.0,-1.0,CR,2012-10-20 20:30:00,873,42.08032,1.9624
1.0,134.0,16.0,81.0,918.6,-1.0,-1.0,-1.0,-1.0,CT,2012-10-20 20:30:00,823,42.39811,0.74362
0.6,162.0,11.1,94.0,896.7,-1.0,-1.0,-1.0,-1.0,CU,2012-10-20 20:30:00,1002,42.69856,0.79397
1.3,200.0,19.3,68.0,953.0,-1.0,-1.0,-1.0,-1.0,CV,2012-10-20 20:30:00,513.3,42.23939,0.96434
1.8,43.0,16.8,93.0,960.1,-1.0,-1.0,-1.0,-1.0,CW,2012-10-20 20:30:00,446,41.39241,1.09894
1.2,56.0,15.8,99.0,920.8,-1.0,-1.0,-1.0,-1.0,CY,2012-10-20 20:30:00,816,41.87813,2.17873
2.6,286.0,16.4,97.0,980.8,-1.0,-1.0,-1.0,-1.0,C6,2012-10-20 20:30:00,264,41.6566,0.95172
2.4,68.0,17.8,96.0,962.3,-1.0,-1.0,-1.0,-1.0,C7,2012-10-20 20:30:00,427,41.66695,1.16234
3.6,103.0,17.4,84.0,948.1,-1.0,-1.0,-1.0,-1.0,C8,2012-10-20 20:30:00,554,41.67555,1.29609
1.6,16.0,17.3,100.0,982.9,-1.0,-1.0,-1.0,-1.0,C9,2012-10-20 20:30:00,240,40.71825,0.39988
6.4,330.0,15.5,95.0,989.9,-1.0,-1.0,-1.0,-1.0,DB,2012-10-20 20:30:00,179,40.87287,0.71581
0.5,35.0,17.8,98.0,963.9,-1.0,-1.0,-1.0,-1.0,DC,2012-10-20 20:30:00,421.5,42.19144,2.48263
0.7,45.0,21.0,93.0,1006.5,-1.0,-1.0,-1.0,-1.0,DD,2012-10-20 20:30:00,44.5,41.51175,2.38674
0.4,118.0,21.0,97.0,1008.8,-1.0,-1.0,-1.0,-1.0,DF,2012-10-20 20:30:00,28.6,41.97751,3.03543
2.9,278.0,8.8,97.0,802.9,-1.0,-1.0,-1.0,-1.0,DG,2012-10-20 20:30:00,1971.4,42.39848,2.15517
2.1,22.0,17.2,95.0,964.4,-1.0,-1.0,-1.0,-1.0,DI,2012-10-20 20:30:00,415,41.43292,1.62386
1.2,310.0,19.4,99.0,991.8,-1.0,-1.0,-1.0,-1.0,DJ,2012-10-20 20:30:00,176,42.11653,2.78969
1.4,353.0,20.3,92.0,1010.9,-1.0,-1.0,-1.0,-1.0,DK,2012-10-20 20:30:00,2,41.14677,1.41846
0.6,0.0,20.1,93.0,1010.3,-1.0,-1.0,-1.0,-1.0,DL,2012-10-20 20:30:00,0.5,40.70719,0.83449
0.9,268.0,19.4,97.0,994.5,-1.0,-1.0,-1.0,-1.0,DN,2012-10-20 20:30:00,150,41.96095,2.63108
1.0,69.0,20.6,93.0,1010.2,-1.0,-1.0,-1.0,-1.0,DO,2012-10-20 20:30:00,14,41.80857,3.03241
3.3,267.0,15.3,71.0,890.4,-1.0,-1.0,-1.0,-1.0,DP,2012-10-20 20:30:00,1097,42.38605,1.8664
1.7,49.0,17.4,90.0,978.6,-1.0,-1.0,-1.0,-1.0,DQ,2012-10-20 20:30:00,287,41.30728,1.36259
-1.0,-1.0,13.8,99.0,964.8,-1.0,-1.0,-1.0,-1.0,D1,2012-10-20 20:30:00,404,41.28521,0.75383
-1.0,-1.0,19.0,92.0,972.0,-1.0,-1.0,-1.0,-1.0,D2,2012-10-20 20:30:00,343,41.59252,1.915
1.0,249.0,18.2,95.0,982.4,-1.0,-1.0,-1.0,-1.0,D3,2012-10-20 20:30:00,252,41.38197,1.93564
2.8,113.0,20.8,94.0,1009.4,-1.0,-1.0,-1.0,-1.0,D4,2012-10-20 20:30:00,24,42.27065,3.18165
2.1,61.0,18.5,94.0,964.7,-1.0,-1.0,-1.0,-1.0,D5,2012-10-20 20:30:00,411.2,41.41843,2.12388
8.0,169.0,18.9,99.0,989.6,-1.0,-1.0,-1.0,-1.0,D6,2012-10-20 20:30:00,196,42.43515,3.16622
0.7,324.0,15.7,94.0,1005.9,-1.0,-1.0,-1.0,-1.0,D7,2012-10-20 20:30:00,53,41.18499,0.59376
1.3,357.0,12.3,99.0,952.1,-1.0,-1.0,-1.0,-1.0,D8,2012-10-20 20:30:00,515,40.95134,0.30565
1.7,26.0,19.5,95.0,1004.6,-1.0,-1.0,-1.0,-1.0,D9,2012-10-20 20:30:00,59,41.21553,1.52121
0.8,27.0,17.3,100.0,973.5,-1.0,-1.0,-1.0,-1.0,H1,2012-10-20 20:30:00,333,41.58642,1.65306
1.2,11.0,18.7,90.0,987.1,-1.0,-1.0,-1.0,-1.0,R1,2012-10-20 20:30:00,210,41.70637,1.87276
2.2,17.0,18.0,100.0,997.7,-1.0,-1.0,-1.0,-1.0,VQ,2012-10-20 20:30:00,112,41.1713,1.16774
19.3,197.0,6.0,100.0,772.0,-1.0,-1.0,-1.0,-1.0,VS,2012-10-20 20:30:00,2247,42.63835,0.77889
-1.0,-1.0,21.6,91.0,1006.7,-1.0,-1.0,1.2,59.0,WU,2012-10-20 20:30:00,42,41.45215,2.24757
0.7,39.0,19.8,93.0,1009.5,-1.0,-1.0,-1.0,-1.0,WZ,2012-10-20 20:30:00,17,41.20187,1.63346
2.2,79.0,14.8,95.0,923.8,-1.0,-1.0,-1.0,-1.0,XA,2012-10-20 20:30:00,785,41.60257,1.4007
1.8,84.0,20.7,91.0,995.0,-1.0,-1.0,-1.0,-1.0,XC,2012-10-20 20:30:00,147,41.47892,1.97546
1.0,92.0,15.5,87.0,933.3,-1.0,-1.0,-1.0,-1.0,XD,2012-10-20 20:30:00,687,41.32,0.8857
1.3,50.0,19.1,94.0,1010.3,-1.0,-1.0,-1.0,-1.0,XE,2012-10-20 20:30:00,5,41.10393,1.201
2.6,60.0,19.9,92.0,981.8,-1.0,-1.0,-1.0,-1.0,XF,2012-10-20 20:30:00,258,41.56568,2.06952
2.3,56.0,20.8,82.0,998.0,-1.0,-1.0,-1.0,-1.0,XG,2012-10-20 20:30:00,123,41.56734,2.22619
-1.0,-1.0,14.8,98.0,935.6,-1.0,-1.0,-1.0,-1.0,XH,2012-10-20 20:30:00,679,42.40533,1.12993
1.3,18.0,20.1,98.0,1003.6,-1.0,-1.0,-1.0,-1.0,XJ,2012-10-20 20:30:00,72,41.98223,2.80686
7.4,197.0,10.2,100.0,-1.0,-1.0,-1.0,-1.0,-1.0,XK,2012-10-20 20:30:00,1668,41.77362,2.43774
1.6,119.0,21.0,97.0,-1.0,-1.0,-1.0,-1.0,-1.0,XL,2012-10-20 20:30:00,8,41.34045,2.08022
-1.0,-1.0,17.2,98.0,-1.0,-1.0,-1.0,-1.0,-1.0,XO,2012-10-20 20:30:00,499,41.93497,2.23987
-1.0,-1.0,13.9,94.0,-1.0,0.4,308.0,-1.0,-1.0,XP,2012-10-20 20:30:00,349,41.06581,0.43006
1.5,37.0,16.7,92.0,933.9,-1.0,-1.0,-1.0,-1.0,XT,2012-10-20 20:30:00,691,41.98766,1.51165
0.8,69.0,20.6,91.0,1002.1,-1.0,-1.0,-1.0,-1.0,X8,2012-10-20 20:30:00,79,41.37919,2.1054
5.1,298.0,5.2,97.0,-1.0,-1.0,-1.0,-1.0,-1.0,ZB,2012-10-20 20:30:00,2451,42.51939,1.36597
5.3,180.0,5.8,99.0,-1.0,-1.0,-1.0,-1.0,-1.0,ZC,2012-10-20 20:30:00,2410,42.42117,2.24565
-1.0,-1.0,6.9,93.0,-1.0,-1.0,-1.0,3.6,56.0,Z1,2012-10-20 20:30:00,2266,42.64691,0.98486
-1.0,-1.0,4.4,98.0,-1.0,-1.0,-1.0,4.8,13.0,Z2,2012-10-20 20:30:00,2535,42.46602,0.88405
-1.0,-1.0,7.0,97.0,-1.0,-1.0,-1.0,1.7,156.0,Z3,2012-10-20 20:30:00,2230,42.46605,1.7785
-1.0,-1.0,5.7,100.0,-1.0,-1.0,-1.0,7.3,253.0,Z5,2012-10-20 20:30:00,2400,42.70029,1.27201
-1.0,-1.0,7.7,85.0,-1.0,-1.0,-1.0,4.4,67.0,Z6,2012-10-20 20:30:00,2228,42.77011,0.73198
5.9,233.0,4.9,98.0,-1.0,-1.0,-1.0,-1.0,-1.0,Z7,2012-10-20 20:30:00,2519,42.53412,1.05476
-1.0,-1.0,6.2,100.0,-1.0,-1.0,-1.0,8.0,135.0,Z8,2012-10-20 20:30:00,2316,42.18254,1.52407
2.9,100.0,6.9,97.0,-1.0,-1.0,-1.0,-1.0,-1.0,Z9,2012-10-20 20:30:00,2143,42.29265,1.71498
0.6,236.0,16.1,95.0,941.0,-1.0,-1.0,-1.0,-1.0,CC,2012-10-20 21:00:00,626,42.07398,2.20862
1.2,76.0,15.1,84.0,916.3,-1.0,-1.0,-1.0,-1.0,CD,2012-10-20 21:00:00,849,42.37083,1.43277
1.6,332.0,17.8,99.0,975.6,-1.0,-1.0,-1.0,-1.0,CE,2012-10-20 21:00:00,316,41.53109,1.80813
2.6,208.0,12.2,100.0,858.8,-1.0,-1.0,-1.0,-1.0,CG,2012-10-20 21:00:00,1405,42.37717,2.41456
0.4,215.0,14.3,96.0,916.8,-1.0,-1.0,-1.0,-1.0,CI,2012-10-20 21:00:00,852,42.25839,2.36429
1.2,11.0,17.2,86.0,948.1,-1.0,-1.0,-1.0,-1.0,CJ,2012-10-20 21:00:00,566.5,42.21624,1.33132
0.4,161.0,17.9,100.0,972.0,-1.0,-1.0,-1.0,-1.0,CL,2012-10-20 21:00:00,349,41.67399,1.76796
4.4,118.0,17.5,76.0,934.5,-1.0,-1.0,-1.0,-1.0,CP,2012-10-20 21:00:00,690,42.13924,1.03893
1.3,345.0,17.4,88.0,944.4,-1.0,-1.0,-1.0,-1.0,CQ,2012-10-20 21:00:00,594,41.99546,1.02569
2.7,53.0,15.0,99.0,915.0,-1.0,-1.0,-1.0,-1.0,CR,2012-10-20 21:00:00,873,42.08032,1.9624
0.5,351.0,14.5,94.0,918.8,-1.0,-1.0,-1.0,-1.0,CT,2012-10-20 21:00:00,823,42.39811,0.74362
0.7,240.0,10.9,94.0,896.8,-1.0,-1.0,-1.0,-1.0,CU,2012-10-20 21:00:00,1002,42.69856,0.79397
1.4,12.0,17.8,81.0,953.0,-1.0,-1.0,-1.0,-1.0,CV,2012-10-20 21:00:00,513.3,42.23939,0.96434
1.4,54.0,16.7,93.0,960.3,-1.0,-1.0,-1.0,-1.0,CW,2012-10-20 21:00:00,446,41.39241,1.09894
1.1,74.0,15.8,99.0,920.9,-1.0,-1.0,-1.0,-1.0,CY,2012-10-20 21:00:00,816,41.87813,2.17873
2.5,271.0,14.7,100.0,981.0,-1.0,-1.0,-1.0,-1.0,C6,2012-10-20 21:00:00,264,41.6566,0.95172
4.1,102.0,17.8,98.0,962.5,-1.0,-1.0,-1.0,-1.0,C7,2012-10-20 21:00:00,427,41.66695,1.16234
3.8,106.0,17.2,86.0,948.3,-1.0,-1.0,-1.0,-1.0,C8,2012-10-20 21:00:00,554,41.67555,1.29609
1.4,17.0,16.8,100.0,983.1,-1.0,-1.0,-1.0,-1.0,C9,2012-10-20 21:00:00,240,40.71825,0.39988
6.3,333.0,15.4,93.0,990.0,-1.0,-1.0,-1.0,-1.0,DB,2012-10-20 21:00:00,179,40.87287,0.71581
0.4,347.0,17.7,98.0,963.8,-1.0,-1.0,-1.0,-1.0,DC,2012-10-20 21:00:00,421.5,42.19144,2.48263
0.9,79.0,20.9,94.0,1006.9,-1.0,-1.0,-1.0,-1.0,DD,2012-10-20 21:00:00,44.5,41.51175,2.38674
1.0,269.0,20.9,97.0,1009.0,-1.0,-1.0,-1.0,-1.0,DF,2012-10-20 21:00:00,28.6,41.97751,3.03543
2.5,268.0,8.6,97.0,802.8,-1.0,-1.0,-1.0,-1.0,DG,2012-10-20 21:00:00,1971.4,42.39848,2.15517
2.8,26.0,17.2,95.0,964.4,-1.0,-1.0,-1.0,-1.0,DI,2012-10-20 21:00:00,415,41.43292,1.62386
1.6,328.0,19.4,99.0,991.9,-1.0,-1.0,-1.0,-1.0,DJ,2012-10-20 21:00:00,176,42.11653,2.78969
1.3,6.0,20.2,92.0,1010.7,-1.0,-1.0,-1.0,-1.0,DK,2012-10-20 21:00:00,2,41.14677,1.41846
1.3,7.0,20.0,93.0,1010.3,-1.0,-1.0,-1.0,-1.0,DL,2012-10-20 21:00:00,0.5,40.70719,0.83449
0.7,241.0,19.5,96.0,994.8,-1.0,-1.0,-1.0,-1.0,DN,2012-10-20 21:00:00,150,41.96095,2.63108
1.2,129.0,20.7,93.0,1010.7,-1.0,-1.0,-1.0,-1.0,DO,2012-10-20 21:00:00,14,41.80857,3.03241
3.4,269.0,14.9,71.0,890.4,-1.0,-1.0,-1.0,-1.0,DP,2012-10-20 21:00:00,1097,42.38605,1.8664
2.0,37.0,17.4,89.0,978.4,-1.0,-1.0,-1.0,-1.0,DQ,2012-10-20 21:00:00,287,41.30728,1.36259
-1.0,-1.0,13.8,99.0,964.9,-1.0,-1.0,-1.0,-1.0,D1,2012-10-20 21:00:00,404,41.28521,0.75383
-1.0,-1.0,19.0,93.0,972.4,-1.0,-1.0,-1.0,-1.0,D2,2012-10-20 21:00:00,343,41.59252,1.915
1.4,321.0,18.1,96.0,982.5,-1.0,-1.0,-1.0,-1.0,D3,2012-10-20 21:00:00,252,41.38197,1.93564
2.7,139.0,20.7,94.0,1009.4,-1.0,-1.0,-1.0,-1.0,D4,2012-10-20 21:00:00,24,42.27065,3.18165
2.4,64.0,18.8,94.0,965.0,-1.0,-1.0,-1.0,-1.0,D5,2012-10-20 21:00:00,411.2,41.41843,2.12388
7.3,166.0,19.0,99.0,989.5,-1.0,-1.0,-1.0,-1.0,D6,2012-10-20 21:00:00,196,42.43515,3.16622
0.5,20.0,15.8,94.0,1005.9,-1.0,-1.0,-1.0,-1.0,D7,2012-10-20 21:00:00,53,41.18499,0.59376
1.2,2.0,12.3,99.0,952.2,-1.0,-1.0,-1.0,-1.0,D8,2012-10-20 21:00:00,515,40.95134,0.30565
2.5,32.0,19.5,95.0,1004.3,-1.0,-1.0,-1.0,-1.0,D9,2012-10-20 21:00:00,59,41.21553,1.52121
0.4,24.0,17.1,100.0,973.8,-1.0,-1.0,-1.0,-1.0,H1,2012-10-20 21:00:00,333,41.58642,1.65306
0.9,110.0,18.5,90.0,987.6,-1.0,-1.0,-1.0,-1.0,R1,2012-10-20 21:00:00,210,41.70637,1.87276
-1.0,-1.0,16.6,92.0,-1.0,1.2,314.0,-1.0,-1.0,UA,2012-10-20 21:00:00,93,40.9091,0.76943
-1.0,-1.0,19.9,91.0,-1.0,0.6,124.0,-1.0,-1.0,UB,2012-10-20 21:00:00,15,42.05398,3.06195
-1.0,-1.0,19.7,92.0,-1.0,0.4,295.0,-1.0,-1.0,UC,2012-10-20 21:00:00,60,41.97726,2.99705
-1.0,-1.0,20.8,96.0,-1.0,-1.0,-1.0,-1.0,-1.0,UD,2012-10-20 21:00:00,12,42.02895,3.06227
-1.0,-1.0,20.8,94.0,-1.0,-1.0,-1.0,-1.0,-1.0,UE,2012-10-20 21:00:00,4,42.02306,3.15719
-1.0,-1.0,15.8,100.0,-1.0,2.2,62.0,-1.0,-1.0,UF,2012-10-20 21:00:00,573,41.28832,1.90775
-1.0,-1.0,20.6,96.0,-1.0,0.4,49.0,-1.0,-1.0,UG,2012-10-20 21:00:00,3,41.29928,2.03787
-1.0,-1.0,16.7,94.0,-1.0,0.7,38.0,0.5,46.0,UH,2012-10-20 21:00:00,545,41.34171,1.48769
-1.0,-1.0,12.1,99.0,-1.0,0.2,270.0,-1.0,-1.0,UI,2012-10-20 21:00:00,1386,42.26477,1.76218
-1.0,-1.0,15.3,91.0,-1.0,2.4,53.0,3.0,56.0,UJ,2012-10-20 21:00:00,709,41.52879,1.3683
-1.0,-1.0,18.3,91.0,-1.0,0.5,10.0,-1.0,-1.0,UK,2012-10-20 21:00:00,161,41.27861,1.80479
-1.0,-1.0,14.1,96.0,-1.0,0.4,354.0,-1.0,-1.0,UL,2012-10-20 21:00:00,228,41.52911,0.75303
-1.0,-1.0,12.5,98.0,-1.0,0.7,177.0,-1.0,-1.0,UM,2012-10-20 21:00:00,505,41.35991,0.66789
-1.0,-1.0,20.3,97.0,-1.0,0.2,170.0,-1.0,-1.0,UN,2012-10-20 21:00:00,171,41.87449,2.92694
-1.0,-1.0,20.0,94.0,-1.0,-1.0,-1.0,-1.0,-1.0,UO,2012-10-20 21:00:00,97,41.91461,2.82069
0.9,65.0,20.8,91.0,1002.6,-1.0,-1.0,-1.0,-1.0,UP,2012-10-20 21:00:00,81,41.51773,2.37702
-1.0,-1.0,18.0,89.0,-1.0,0.7,49.0,-1.0,-1.0,UQ,2012-10-20 21:00:00,460,41.61991,2.44532
-1.0,-1.0,18.6,98.0,-1.0,0.3,354.0,-1.0,-1.0,US,2012-10-20 21:00:00,24,40.55786,0.52329
1.9,291.0,17.9,95.0,1010.2,-1.0,-1.0,-1.0,-1.0,UU,2012-10-20 21:00:00,3,40.70776,0.6321
-1.0,-1.0,18.5,90.0,1010.7,2.0,345.0,-1.0,-1.0,UW,2012-10-20 21:00:00,0,40.62725,0.65922
-1.0,-1.0,17.1,100.0,-1.0,0.6,54.0,-1.0,-1.0,UX,2012-10-20 21:00:00,210,40.62652,0.37112
-1.0,-1.0,16.8,87.0,-1.0,0.9,70.0,2.2,81.0,UY,2012-10-20 21:00:00,576,41.87912,0.76103
-1.0,-1.0,20.1,97.0,-1.0,0.4,112.0,-1.0,-1.0,U1,2012-10-20 21:00:00,31,42.30648,2.95481
3.0,132.0,20.4,100.0,1012.1,-1.0,-1.0,-1.0,-1.0,U2,2012-10-20 21:00:00,4,42.17716,3.0968
-1.0,-1.0,17.5,94.0,-1.0,0.6,344.0,-1.0,-1.0,U3,2012-10-20 21:00:00,257,41.37491,1.63032
1.7,33.0,17.4,91.0,-1.0,0.9,46.0,-1.0,-1.0,U4,2012-10-20 21:00:00,507,41.83094,1.84699
-1.0,-1.0,13.2,94.0,-1.0,0.4,54.0,-1.0,-1.0,U5,2012-10-20 21:00:00,969,41.31349,0.99611
-1.0,-1.0,19.4,93.0,-1.0,1.4,39.0,-1.0,-1.0,U6,2012-10-20 21:00:00,29,41.08017,1.06661
-1.0,-1.0,16.8,84.0,-1.0,1.8,3.0,-1.0,-1.0,U7,2012-10-20 21:00:00,52,40.85936,0.50525
-1.0,-1.0,18.1,93.0,-1.0,0.7,10.0,-1.0,-1.0,U9,2012-10-20 21:00:00,62,40.76947,0.61635
-1.0,-1.0,14.2,95.0,-1.0,0.4,51.0,-1.0,-1.0,VA,2012-10-20 21:00:00,257,41.19645,0.51161
1.2,2.0,16.6,87.0,-1.0,-1.0,-1.0,-1.0,-1.0,VB,2012-10-20 21:00:00,32,41.06289,0.63517
-1.0,-1.0,15.7,87.0,-1.0,1.0,246.0,-1.0,-1.0,VC,2012-10-20 21:00:00,69,41.24415,0.43266
-1.0,-1.0,17.6,80.0,-1.0,1.0,100.0,-1.0,-1.0,VD,2012-10-20 21:00:00,429,41.68939,1.20381
-1.0,-1.0,15.1,94.0,-1.0,0.4,193.0,-1.0,-1.0,VE,2012-10-20 21:00:00,97,41.48692,0.46058
-1.0,-1.0,14.7,97.0,-1.0,0.0,229.0,-1.0,-1.0,VF,2012-10-20 21:00:00,122,41.56482,0.54999
-1.0,-1.0,13.8,97.0,-1.0,0.5,252.0,-1.0,-1.0,VH,2012-10-20 21:00:00,259,41.65814,0.39301
-1.0,-1.0,14.4,91.0,-1.0,0.6,253.0,-1.0,-1.0,VJ,2012-10-20 21:00:00,161,41.59957,0.6478
0.7,261.0,13.8,97.0,978.6,-1.0,-1.0,-1.0,-1.0,VK,2012-10-20 21:00:00,286,41.68328,0.4487
-1.0,-1.0,14.5,91.0,-1.0,0.4,208.0,-1.0,-1.0,VM,2012-10-20 21:00:00,222,41.7145,0.62839
-1.0,-1.0,19.9,93.0,-1.0,-1.0,-1.0,-1.0,-1.0,VN,2012-10-20 21:00:00,117,41.88244,2.74262
-1.0,-1.0,16.7,80.0,-1.0,0.9,100.0,-1.0,-1.0,VO,2012-10-20 21:00:00,785,42.08745,1.42792
-1.0,-1.0,16.1,97.0,-1.0,1.5,88.0,2.6,90.0,VP,2012-10-20 21:00:00,659,41.80483,1.53853
2.3,7.0,18.1,100.0,997.7,-1.0,-1.0,-1.0,-1.0,VQ,2012-10-20 21:00:00,112,41.1713,1.16774
-1.0,-1.0,16.7,89.0,-1.0,0.2,248.0,-1.0,-1.0,VR,2012-10-20 21:00:00,291,41.68994,1.04401
20.2,198.0,5.9,100.0,771.3,-1.0,-1.0,-1.0,-1.0,VS,2012-10-20 21:00:00,2247,42.63835,0.77889
-1.0,-1.0,20.2,91.0,-1.0,0.4,124.0,-1.0,-1.0,VT,2012-10-20 21:00:00,84,41.48401,2.12745
-1.0,-1.0,17.2,87.0,-1.0,0.4,60.0,-1.0,-1.0,VU,2012-10-20 21:00:00,421,41.63286,1.91718
0.2,36.0,17.1,99.0,-1.0,-1.0,-1.0,-1.0,-1.0,VV,2012-10-20 21:00:00,528,41.68129,2.02647
-1.0,-1.0,14.5,86.0,-1.0,1.1,156.0,-1.0,-1.0,VX,2012-10-20 21:00:00,1030,41.74761,2.30291
-1.0,-1.0,17.3,94.0,-1.0,-1.0,-1.0,-1.0,-1.0,VY,2012-10-20 21:00:00,240,41.25095,1.29863
-1.0,-1.0,20.2,95.0,-1.0,-1.0,-1.0,-1.0,-1.0,VZ,2012-10-20 21:00:00,83,42.38443,3.00736
-1.0,-1.0,15.0,92.0,-1.0,0.5,174.0,-1.0,-1.0,V1,2012-10-20 21:00:00,238,41.78487,0.82939
-1.0,-1.0,16.8,99.0,-1.0,0.4,208.0,-1.0,-1.0,V3,2012-10-20 21:00:00,509,41.95224,2.23271
-1.0,-1.0,15.6,94.0,935.9,-1.0,-1.0,0.3,295.0,V4,2012-10-20 21:00:00,684,42.11477,2.21483
-1.0,-1.0,15.9,94.0,-1.0,1.1,104.0,1.4,90.0,V5,2012-10-20 21:00:00,774,42.03947,2.11993
-1.0,-1.0,14.4,91.0,-1.0,0.4,259.0,-1.0,-1.0,V8,2012-10-20 21:00:00,223,41.67279,0.87741
-1.0,-1.0,17.4,90.0,-1.0,0.7,59.0,-1.0,-1.0,WA,2012-10-20 21:00:00,443,41.87694,1.1541
-1.0,-1.0,14.5,98.0,-1.0,0.5,264.0,-1.0,-1.0,WB,2012-10-20 21:00:00,267,41.76036,0.67022
-1.0,-1.0,13.9,92.0,-1.0,1.1,287.0,-1.0,-1.0,WC,2012-10-20 21:00:00,261,41.63642,0.92446
-1.0,-1.0,13.1,100.0,-1.0,0.4,351.0,-1.0,-1.0,WD,2012-10-20 21:00:00,382,41.08671,0.31884
-1.0,-1.0,19.3,91.0,-1.0,0.2,69.0,-1.0,-1.0,WE,2012-10-20 21:00:00,126,41.5444,2.30014
-1.0,-1.0,19.7,92.0,-1.0,-1.0,-1.0,-1.0,-1.0,WF,2012-10-20 21:00:00,108,41.95425,2.77578
-1.0,-1.0,15.1,93.0,-1.0,0.6,257.0,-1.0,-1.0,WG,2012-10-20 21:00:00,301,41.80104,0.64804
-1.0,-1.0,13.3,94.0,-1.0,0.7,247.0,-1.0,-1.0,WI,2012-10-20 21:00:00,350,41.35741,0.4809
-1.0,-1.0,15.3,100.0,-1.0,0.4,254.0,-1.0,-1.0,WJ,2012-10-20 21:00:00,141,41.1223,0.72182
-1.0,-1.0,15.2,91.0,-1.0,0.0,74.0,-1.0,-1.0,WK,2012-10-20 21:00:00,268,41.81949,0.57768
-1.0,-1.0,17.4,85.0,-1.0,1.9,150.0,-1.0,-1.0,WL,2012-10-20 21:00:00,413,41.57236,1.0882
2.6,42.0,13.6,94.0,-1.0,-1.0,-1.0,-1.0,-1.0,WM,2012-10-20 21:00:00,1167,42.10736,1.8267
-1.0,-1.0,15.4,100.0,-1.0,-1.0,-1.0,2.6,122.0,WN,2012-10-20 21:00:00,916,41.59539,1.83751
-1.0,-1.0,18.7,92.0,-1.0,-1.0,-1.0,-1.0,-1.0,WO,2012-10-20 21:00:00,185,41.27151,1.46717
-1.0,-1.0,17.2,99.0,-1.0,0.5,354.0,-1.0,-1.0,WP,2012-10-20 21:00:00,325,41.48518,1.69337
8.4,145.0,9.9,99.0,840.5,-1.0,-1.0,-1.0,-1.0,WQ,2012-10-20 21:00:00,1572,42.0513,0.72952
-1.0,-1.0,14.8,98.0,-1.0,0.3,287.0,-1.0,-1.0,WR,2012-10-20 21:00:00,300,41.2163,0.79748
0.6,127.0,14.9,96.0,906.0,-1.0,-1.0,-1.0,-1.0,WS,2012-10-20 21:00:00,953,41.84008,2.41877
1.2,346.0,21.0,97.0,1012.6,-1.0,-1.0,-1.0,-1.0,WT,2012-10-20 21:00:00,2,41.64707,2.75658
-1.0,-1.0,21.5,92.0,1007.1,-1.0,-1.0,1.5,61.0,WU,2012-10-20 21:00:00,42,41.45215,2.24757
0.6,229.0,15.1,99.0,925.0,-1.0,-1.0,-1.0,-1.0,WV,2012-10-20 21:00:00,788,42.23414,1.87485
-1.0,-1.0,18.2,94.0,-1.0,-1.0,-1.0,-1.0,-1.0,WW,2012-10-20 21:00:00,278,41.79423,1.9368
-1.0,-1.0,16.3,88.0,-1.0,2.8,95.0,-1.0,-1.0,WX,2012-10-20 21:00:00,668,41.9178,0.88175
-1.0,-1.0,18.4,95.0,-1.0,0.3,11.0,-1.0,-1.0,WY,2012-10-20 21:00:00,164,41.43386,1.79429
1.5,36.0,20.0,93.0,1009.2,-1.0,-1.0,-1.0,-1.0,WZ,2012-10-20 21:00:00,17,41.20187,1.63346
-1.0,-1.0,20.4,91.0,-1.0,-1.0,-1.0,-1.0,-1.0,W1,2012-10-20 21:00:00,2,42.24726,3.09021
-1.0,-1.0,20.5,98.0,-1.0,-1.0,-1.0,-1.0,-1.0,W2,2012-10-20 21:00:00,7,42.18259,3.05783
-1.0,-1.0,20.8,90.0,-1.0,-1.0,-1.0,-1.0,-1.0,W3,2012-10-20 21:00:00,4,42.15006,3.06494
-1.0,-1.0,17.9,92.0,-1.0,1.4,62.0,-1.0,-1.0,W4,2012-10-20 21:00:00,240,41.36619,1.72857
-1.0,-1.0,16.9,98.0,-1.0,0.5,71.0,-1.0,-1.0,W5,2012-10-20 21:00:00,490,42.07683,1.31489
-1.0,-1.0,18.2,93.0,-1.0,0.5,35.0,-1.0,-1.0,W6,2012-10-20 21:00:00,158,41.13738,1.0187
-1.0,-1.0,16.8,92.0,-1.0,-1.0,-1.0,-1.0,-1.0,W8,2012-10-20 21:00:00,438,41.44237,1.15998
-1.0,-1.0,17.3,98.0,-1.0,0.3,261.0,-1.0,-1.0,W9,2012-10-20 21:00:00,461,42.14557,2.45451
2.9,88.0,14.9,96.0,924.1,-1.0,-1.0,-1.0,-1.0,XA,2012-10-20 21:00:00,785,41.60257,1.4007
-1.0,-1.0,15.9,93.0,-1.0,-1.0,-1.0,-1.0,-1.0,XB,2012-10-20 21:00:00,584,41.4779,1.53529
1.0,100.0,20.4,94.0,995.3,-1.0,-1.0,-1.0,-1.0,XC,2012-10-20 21:00:00,147,41.47892,1.97546
1.7,88.0,15.2,87.0,933.5,-1.0,-1.0,-1.0,-1.0,XD,2012-10-20 21:00:00,687,41.32,0.8857
1.0,6.0,19.7,91.0,1010.3,-1.0,-1.0,-1.0,-1.0,XE,2012-10-20 21:00:00,5,41.10393,1.201
1.0,67.0,19.7,93.0,982.2,-1.0,-1.0,-1.0,-1.0,XF,2012-10-20 21:00:00,258,41.56568,2.06952
1.8,64.0,20.7,84.0,998.3,-1.0,-1.0,-1.0,-1.0,XG,2012-10-20 21:00:00,123,41.56734,2.22619
-1.0,-1.0,14.8,98.0,935.8,-1.0,-1.0,-1.0,-1.0,XH,2012-10-20 21:00:00,679,42.40533,1.12993
-1.0,-1.0,14.4,93.0,983.3,0.7,299.0,-1.0,-1.0,XI,2012-10-20 21:00:00,247,41.61817,0.87182
0.2,310.0,20.0,98.0,1003.9,-1.0,-1.0,-1.0,-1.0,XJ,2012-10-20 21:00:00,72,41.98223,2.80686
7.8,199.0,10.2,100.0,-1.0,-1.0,-1.0,-1.0,-1.0,XK,2012-10-20 21:00:00,1668,41.77362,2.43774
2.0,90.0,21.2,97.0,-1.0,-1.0,-1.0,-1.0,-1.0,XL,2012-10-20 21:00:00,8,41.34045,2.08022
-1.0,-1.0,13.9,94.0,-1.0,0.5,275.0,-1.0,-1.0,XM,2012-10-20 21:00:00,235,41.59522,0.73507
-1.0,-1.0,14.9,94.0,-1.0,0.7,233.0,-1.0,-1.0,XN,2012-10-20 21:00:00,89,41.46379,0.42765
-1.0,-1.0,17.2,98.0,-1.0,-1.0,-1.0,-1.0,-1.0,XO,2012-10-20 21:00:00,499,41.93497,2.23987
-1.0,-1.0,13.7,94.0,-1.0,0.3,315.0,-1.0,-1.0,XP,2012-10-20 21:00:00,349,41.06581,0.43006
1.3,69.0,16.9,89.0,933.8,-1.0,-1.0,-1.0,-1.0,XT,2012-10-20 21:00:00,691,41.98766,1.51165
0.8,251.0,15.2,100.0,970.7,-1.0,-1.0,-1.0,-1.0,X1,2012-10-20 21:00:00,359,41.15374,0.81953
-1.0,-1.0,21.5,95.0,-1.0,-1.0,-1.0,-1.0,-1.0,X2,2012-10-20 21:00:00,7,41.38943,2.18847
1.4,289.0,13.8,96.0,968.9,-1.0,-1.0,-1.0,-1.0,X3,2012-10-20 21:00:00,370,41.74281,0.5358
2.5,82.0,21.6,94.0,1007.9,-1.0,-1.0,-1.0,-1.0,X4,2012-10-20 21:00:00,33,41.3839,2.16775
2.6,31.0,11.7,94.0,892.9,-1.0,-1.0,-1.0,-1.0,X5,2012-10-20 21:00:00,1055,40.79705,0.31822
-1.0,-1.0,18.2,88.0,-1.0,1.6,28.0,-1.0,-1.0,X6,2012-10-20 21:00:00,366,41.92173,1.02901
-1.0,-1.0,14.2,95.0,-1.0,1.1,247.0,-1.0,-1.0,X7,2012-10-20 21:00:00,215,41.51909,0.55314
1.6,101.0,20.6,92.0,1002.3,-1.0,-1.0,-1.0,-1.0,X8,2012-10-20 21:00:00,79,41.37919,2.1054
0.8,15.0,19.2,92.0,992.3,-1.0,-1.0,-1.0,-1.0,X9,2012-10-20 21:00:00,176,41.61265,2.16836
5.1,280.0,5.1,97.0,-1.0,-1.0,-1.0,-1.0,-1.0,ZB,2012-10-20 21:00:00,2451,42.51939,1.36597
8.7,200.0,5.9,99.0,-1.0,-1.0,-1.0,-1.0,-1.0,ZC,2012-10-20 21:00:00,2410,42.42117,2.24565
-1.0,-1.0,6.8,91.0,-1.0,-1.0,-1.0,4.1,73.0,Z1,2012-10-20 21:00:00,2266,42.64691,0.98486
-1.0,-1.0,4.4,98.0,-1.0,-1.0,-1.0,3.2,4.0,Z2,2012-10-20 21:00:00,2535,42.46602,0.88405
-1.0,-1.0,6.6,97.0,-1.0,-1.0,-1.0,1.3,196.0,Z3,2012-10-20 21:00:00,2230,42.46605,1.7785
-1.0,-1.0,5.5,100.0,-1.0,-1.0,-1.0,5.7,233.0,Z5,2012-10-20 21:00:00,2400,42.70029,1.27201
-1.0,-1.0,7.6,79.0,-1.0,-1.0,-1.0,3.6,103.0,Z6,2012-10-20 21:00:00,2228,42.77011,0.73198
5.3,245.0,4.7,98.0,-1.0,-1.0,-1.0,-1.0,-1.0,Z7,2012-10-20 21:00:00,2519,42.53412,1.05476
-1.0,-1.0,5.7,100.0,-1.0,-1.0,-1.0,6.9,131.0,Z8,2012-10-20 21:00:00,2316,42.18254,1.52407
1.6,24.0,6.7,95.0,-1.0,-1.0,-1.0,-1.0,-1.0,Z9,2012-10-20 21:00:00,2143,42.29265,1.71498
0.9,284.0,16.3,95.0,941.2,-1.0,-1.0,-1.0,-1.0,CC,2012-10-20 21:30:00,626,42.07398,2.20862
1.3,38.0,14.5,89.0,916.2,-1.0,-1.0,-1.0,-1.0,CD,2012-10-20 21:30:00,849,42.37083,1.43277
1.1,25.0,17.8,99.0,975.4,-1.0,-1.0,-1.0,-1.0,CE,2012-10-20 21:30:00,316,41.53109,1.80813
2.6,218.0,11.9,100.0,858.8,-1.0,-1.0,-1.0,-1.0,CG,2012-10-20 21:30:00,1405,42.37717,2.41456
0.8,226.0,14.1,96.0,916.8,-1.0,-1.0,-1.0,-1.0,CI,2012-10-20 21:30:00,852,42.25839,2.36429
1.0,0.0,16.5,90.0,947.9,-1.0,-1.0,-1.0,-1.0,CJ,2012-10-20 21:30:00,566.5,42.21624,1.33132
1.0,345.0,17.9,100.0,971.8,-1.0,-1.0,-1.0,-1.0,CL,2012-10-20 21:30:00,349,41.67399,1.76796
4.9,109.0,17.5,76.0,934.3,-1.0,-1.0,-1.0,-1.0,CP,2012-10-20 21:30:00,690,42.13924,1.03893
2.2,341.0,17.8,84.0,944.2,-1.0,-1.0,-1.0,-1.0,CQ,2012-10-20 21:30:00,594,41.99546,1.02569
2.9,57.0,15.1,99.0,915.2,-1.0,-1.0,-1.0,-1.0,CR,2012-10-20 21:30:00,873,42.08032,1.9624
0.2,39.0,14.1,97.0,918.7,-1.0,-1.0,-1.0,-1.0,CT,2012-10-20 21:30:00,823,42.39811,0.74362
1.8,192.0,11.0,95.0,896.7,-1.0,-1.0,-1.0,-1.0,CU,2012-10-20 21:30:00,1002,42.69856,0.79397
1.5,7.0,17.2,85.0,952.8,-1.0,-1.0,-1.0,-1.0,CV,2012-10-20 21:30:00,513.3,42.23939,0.96434
0.7,58.0,16.6,93.0,960.0,-1.0,-1.0,-1.0,-1.0,CW,2012-10-20 21:30:00,446,41.39241,1.09894
0.9,78.0,15.8,98.0,921.1,-1.0,-1.0,-1.0,-1.0,CY,2012-10-20 21:30:00,816,41.87813,2.17873
1.7,260.0,14.4,100.0,980.9,-1.0,-1.0,-1.0,-1.0,C6,2012-10-20 21:30:00,264,41.6566,0.95172
3.9,97.0,17.8,97.0,962.2,-1.0,-1.0,-1.0,-1.0,C7,2012-10-20 21:30:00,427,41.66695,1.16234
3.4,96.0,17.4,83.0,947.9,-1.0,-1.0,-1.0,-1.0,C8,2012-10-20 21:30:00,554,41.67555,1.29609
1.6,358.0,16.3,99.0,983.0,-1.0,-1.0,-1.0,-1.0,C9,2012-10-20 21:30:00,240,40.71825,0.39988
6.3,333.0,15.2,94.0,990.0,-1.0,-1.0,-1.0,-1.0,DB,2012-10-20 21:30:00,179,40.87287,0.71581
0.3,200.0,17.5,98.0,964.0,-1.0,-1.0,-1.0,-1.0,DC,2012-10-20 21:30:00,421.5,42.19144,2.48263
2.2,57.0,20.8,95.0,1007.2,-1.0,-1.0,-1.0,-1.0,DD,2012-10-20 21:30:00,44.5,41.51175,2.38674
1.2,276.0,20.6,98.0,1009.3,-1.0,-1.0,-1.0,-1.0,DF,2012-10-20 21:30:00,28.6,41.97751,3.03543
2.2,245.0,8.3,97.0,802.9,-1.0,-1.0,-1.0,-1.0,DG,2012-10-20 21:30:00,1971.4,42.39848,2.15517
3.0,45.0,17.3,95.0,964.3,-1.0,-1.0,-1.0,-1.0,DI,2012-10-20 21:30:00,415,41.43292,1.62386
0.4,217.0,19.5,99.0,992.2,-1.0,-1.0,-1.0,-1.0,DJ,2012-10-20 21:30:00,176,42.11653,2.78969
2.2,37.0,20.2,93.0,1011.3,-1.0,-1.0,-1.0,-1.0,DK,2012-10-20 21:30:00,2,41.14677,1.41846
1.6,2.0,18.9,93.0,1010.6,-1.0,-1.0,-1.0,-1.0,DL,2012-10-20 21:30:00,0.5,40.70719,0.83449
0.2,269.0,19.4,96.0,995.1,-1.0,-1.0,-1.0,-1.0,DN,2012-10-20 21:30:00,150,41.96095,2.63108
1.3,113.0,20.5,94.0,1011.1,-1.0,-1.0,-1.0,-1.0,DO,2012-10-20 21:30:00,14,41.80857,3.03241
2.1,227.0,14.3,76.0,890.4,-1.0,-1.0,-1.0,-1.0,DP,2012-10-20 21:30:00,1097,42.38605,1.8664
0.9,77.0,17.6,87.0,978.7,-1.0,-1.0,-1.0,-1.0,DQ,2012-10-20 21:30:00,287,41.30728,1.36259
-1.0,-1.0,13.8,99.0,964.8,-1.0,-1.0,-1.0,-1.0,D1,2012-10-20 21:30:00,404,41.28521,0.75383
-1.0,-1.0,18.5,95.0,972.4,-1.0,-1.0,-1.0,-1.0,D2,2012-10-20 21:30:00,343,41.59252,1.915
0.6,287.0,18.0,97.0,982.6,-1.0,-1.0,-1.0,-1.0,D3,2012-10-20 21:30:00,252,41.38197,1.93564
3.5,123.0,20.5,95.0,1009.6,-1.0,-1.0,-1.0,-1.0,D4,2012-10-20 21:30:00,24,42.27065,3.18165
3.4,87.0,19.0,94.0,965.2,-1.0,-1.0,-1.0,-1.0,D5,2012-10-20 21:30:00,411.2,41.41843,2.12388
6.8,171.0,18.8,99.0,989.6,-1.0,-1.0,-1.0,-1.0,D6,2012-10-20 21:30:00,196,42.43515,3.16622
0.4,4.0,15.9,94.0,1005.8,-1.0,-1.0,-1.0,-1.0,D7,2012-10-20 21:30:00,53,41.18499,0.59376
0.8,357.0,12.3,99.0,952.2,-1.0,-1.0,-1.0,-1.0,D8,2012-10-20 21:30:00,515,40.95134,0.30565
1.6,35.0,19.4,95.0,1004.9,-1.0,-1.0,-1.0,-1.0,D9,2012-10-20 21:30:00,59,41.21553,1.52121
1.1,54.0,17.1,100.0,973.4,-1.0,-1.0,-1.0,-1.0,H1,2012-10-20 21:30:00,333,41.58642,1.65306
1.0,86.0,18.1,92.0,987.5,-1.0,-1.0,-1.0,-1.0,R1,2012-10-20 21:30:00,210,41.70637,1.87276
1.9,58.0,18.3,100.0,997.9,-1.0,-1.0,-1.0,-1.0,VQ,2012-10-20 21:30:00,112,41.1713,1.16774
18.1,194.0,6.0,100.0,771.8,-1.0,-1.0,-1.0,-1.0,VS,2012-10-20 21:30:00,2247,42.63835,0.77889
-1.0,-1.0,21.3,93.0,1007.4,-1.0,-1.0,3.1,52.0,WU,2012-10-20 21:30:00,42,41.45215,2.24757
0.3,78.0,19.8,94.0,1009.8,-1.0,-1.0,-1.0,-1.0,WZ,2012-10-20 21:30:00,17,41.20187,1.63346
3.4,85.0,14.8,96.0,923.6,-1.0,-1.0,-1.0,-1.0,XA,2012-10-20 21:30:00,785,41.60257,1.4007
2.0,95.0,20.0,95.0,995.4,-1.0,-1.0,-1.0,-1.0,XC,2012-10-20 21:30:00,147,41.47892,1.97546
1.9,80.0,15.2,85.0,933.4,-1.0,-1.0,-1.0,-1.0,XD,2012-10-20 21:30:00,687,41.32,0.8857
1.4,33.0,19.6,92.0,1010.6,-1.0,-1.0,-1.0,-1.0,XE,2012-10-20 21:30:00,5,41.10393,1.201
2.7,63.0,19.3,95.0,982.3,-1.0,-1.0,-1.0,-1.0,XF,2012-10-20 21:30:00,258,41.56568,2.06952
2.4,69.0,20.5,85.0,998.6,-1.0,-1.0,-1.0,-1.0,XG,2012-10-20 21:30:00,123,41.56734,2.22619
-1.0,-1.0,14.6,98.0,935.6,-1.0,-1.0,-1.0,-1.0,XH,2012-10-20 21:30:00,679,42.40533,1.12993
0.2,297.0,19.9,98.0,1004.2,-1.0,-1.0,-1.0,-1.0,XJ,2012-10-20 21:30:00,72,41.98223,2.80686
6.7,173.0,10.3,100.0,-1.0,-1.0,-1.0,-1.0,-1.0,XK,2012-10-20 21:30:00,1668,41.77362,2.43774
2.8,90.0,21.3,96.0,-1.0,-1.0,-1.0,-1.0,-1.0,XL,2012-10-20 21:30:00,8,41.34045,2.08022
-1.0,-1.0,17.1,98.0,-1.0,-1.0,-1.0,-1.0,-1.0,XO,2012-10-20 21:30:00,499,41.93497,2.23987
-1.0,-1.0,13.6,94.0,-1.0,0.5,289.0,-1.0,-1.0,XP,2012-10-20 21:30:00,349,41.06581,0.43006
1.1,141.0,16.4,92.0,934.0,-1.0,-1.0,-1.0,-1.0,XT,2012-10-20 21:30:00,691,41.98766,1.51165
3.2,92.0,20.6,93.0,1002.6,-1.0,-1.0,-1.0,-1.0,X8,2012-10-20 21:30:00,79,41.37919,2.1054
5.8,208.0,4.8,97.0,-1.0,-1.0,-1.0,-1.0,-1.0,ZB,2012-10-20 21:30:00,2451,42.51939,1.36597
7.5,203.0,5.9,99.0,-1.0,-1.0,-1.0,-1.0,-1.0,ZC,2012-10-20 21:30:00,2410,42.42117,2.24565
-1.0,-1.0,6.6,91.0,-1.0,-1.0,-1.0,4.3,79.0,Z1,2012-10-20 21:30:00,2266,42.64691,0.98486
-1.0,-1.0,4.1,98.0,-1.0,-1.0,-1.0,3.1,2.0,Z2,2012-10-20 21:30:00,2535,42.46602,0.88405
-1.0,-1.0,6.2,97.0,-1.0,-1.0,-1.0,2.1,228.0,Z3,2012-10-20 21:30:00,2230,42.46605,1.7785
-1.0,-1.0,5.4,100.0,-1.0,-1.0,-1.0,8.2,257.0,Z5,2012-10-20 21:30:00,2400,42.70029,1.27201
-1.0,-1.0,7.7,79.0,-1.0,-1.0,-1.0,3.9,94.0,Z6,2012-10-20 21:30:00,2228,42.77011,0.73198
4.9,227.0,4.3,98.0,-1.0,-1.0,-1.0,-1.0,-1.0,Z7,2012-10-20 21:30:00,2519,42.53412,1.05476
-1.0,-1.0,5.2,100.0,-1.0,-1.0,-1.0,7.0,136.0,Z8,2012-10-20 21:30:00,2316,42.18254,1.52407
1.7,60.0,6.7,93.0,-1.0,-1.0,-1.0,-1.0,-1.0,Z9,2012-10-20 21:30:00,2143,42.29265,1.71498
0.7,268.0,16.1,95.0,941.3,-1.0,-1.0,-1.0,-1.0,CC,2012-10-20 22:00:00,626,42.07398,2.20862
1.3,82.0,14.4,89.0,916.5,-1.0,-1.0,-1.0,-1.0,CD,2012-10-20 22:00:00,849,42.37083,1.43277
1.1,73.0,18.4,99.0,975.5,-1.0,-1.0,-1.0,-1.0,CE,2012-10-20 22:00:00,316,41.53109,1.80813
2.7,209.0,11.9,100.0,859.0,-1.0,-1.0,-1.0,-1.0,CG,2012-10-20 22:00:00,1405,42.37717,2.41456
0.9,230.0,14.1,96.0,917.0,-1.0,-1.0,-1.0,-1.0,CI,2012-10-20 22:00:00,852,42.25839,2.36429
1.5,3.0,16.1,92.0,948.1,-1.0,-1.0,-1.0,-1.0,CJ,2012-10-20 22:00:00,566.5,42.21624,1.33132
0.4,304.0,17.7,100.0,971.9,-1.0,-1.0,-1.0,-1.0,CL,2012-10-20 22:00:00,349,41.67399,1.76796
4.7,102.0,17.8,73.0,934.1,-1.0,-1.0,-1.0,-1.0,CP,2012-10-20 22:00:00,690,42.13924,1.03893
2.8,338.0,17.9,83.0,943.9,-1.0,-1.0,-1.0,-1.0,CQ,2012-10-20 22:00:00,594,41.99546,1.02569
1.0,44.0,14.9,99.0,915.3,-1.0,-1.0,-1.0,-1.0,CR,2012-10-20 22:00:00,873,42.08032,1.9624
0.4,17.0,13.7,98.0,918.6,-1.0,-1.0,-1.0,-1.0,CT,2012-10-20 22:00:00,823,42.39811,0.74362
1.0,218.0,11.4,94.0,896.6,-1.0,-1.0,-1.0,-1.0,CU,2012-10-20 22:00:00,1002,42.69856,0.79397
2.2,12.0,17.0,86.0,952.7,-1.0,-1.0,-1.0,-1.0,CV,2012-10-20 22:00:00,513.3,42.23939,0.96434
1.6,60.0,16.5,93.0,960.2,-1.0,-1.0,-1.0,-1.0,CW,2012-10-20 22:00:00,446,41.39241,1.09894
1.2,86.0,15.7,99.0,921.0,-1.0,-1.0,-1.0,-1.0,CY,2012-10-20 22:00:00,816,41.87813,2.17873
2.3,235.0,14.3,100.0,980.8,-1.0,-1.0,-1.0,-1.0,C6,2012-10-20 22:00:00,264,41.6566,0.95172
2.2,74.0,17.7,97.0,962.3,-1.0,-1.0,-1.0,-1.0,C7,2012-10-20 22:00:00,427,41.66695,1.16234
3.9,99.0,17.4,85.0,948.1,-1.0,-1.0,-1.0,-1.0,C8,2012-10-20 22:00:00,554,41.67555,1.29609
1.6,358.0,16.3,98.0,982.9,-1.0,-1.0,-1.0,-1.0,C9,2012-10-20 22:00:00,240,40.71825,0.39988
6.2,334.0,15.0,95.0,989.9,-1.0,-1.0,-1.0,-1.0,DB,2012-10-20 22:00:00,179,40.87287,0.71581
0.7,243.0,17.5,98.0,964.0,-1.0,-1.0,-1.0,-1.0,DC,2012-10-20 22:00:00,421.5,42.19144,2.48263
1.3,28.0,20.6,96.0,1006.9,-1.0,-1.0,-1.0,-1.0,DD,2012-10-20 22:00:00,44.5,41.51175,2.38674
0.2,357.0,20.4,98.0,1009.0,-1.0,-1.0,-1.0,-1.0,DF,2012-10-20 22:00:00,28.6,41.97751,3.03543
2.1,236.0,7.9,97.0,802.9,-1.0,-1.0,-1.0,-1.0,DG,2012-10-20 22:00:00,1971.4,42.39848,2.15517
1.8,21.0,17.3,95.0,964.5,-1.0,-1.0,-1.0,-1.0,DI,2012-10-20 22:00:00,415,41.43292,1.62386
0.9,283.0,19.5,99.0,991.9,-1.0,-1.0,-1.0,-1.0,DJ,2012-10-20 22:00:00,176,42.11653,2.78969
3.9,65.0,20.4,95.0,1011.3,-1.0,-1.0,-1.0,-1.0,DK,2012-10-20 22:00:00,2,41.14677,1.41846
0.6,16.0,18.8,94.0,1010.5,-1.0,-1.0,-1.0,-1.0,DL,2012-10-20 22:00:00,0.5,40.70719,0.83449
0.5,290.0,19.1,97.0,994.8,-1.0,-1.0,-1.0,-1.0,DN,2012-10-20 22:00:00,150,41.96095,2.63108
1.0,213.0,20.4,94.0,1010.7,-1.0,-1.0,-1.0,-1.0,DO,2012-10-20 22:00:00,14,41.80857,3.03241
0.8,65.0,13.7,80.0,890.8,-1.0,-1.0,-1.0,-1.0,DP,2012-10-20 22:00:00,1097,42.38605,1.8664
2.0,103.0,17.7,89.0,978.9,-1.0,-1.0,-1.0,-1.0,DQ,2012-10-20 22:00:00,287,41.30728,1.36259
-1.0,-1.0,13.6,99.0,964.9,-1.0,-1.0,-1.0,-1.0,D1,2012-10-20 22:00:00,404,41.28521,0.75383
-1.0,-1.0,18.6,96.0,972.4,-1.0,-1.0,-1.0,-1.0,D2,2012-10-20 22:00:00,343,41.59252,1.915
1.1,284.0,18.0,98.0,982.5,-1.0,-1.0,-1.0,-1.0,D3,2012-10-20 22:00:00,252,41.38197,1.93564
5.3,107.0,20.4,96.0,1009.2,-1.0,-1.0,-1.0,-1.0,D4,2012-10-20 22:00:00,24,42.27065,3.18165
4.1,74.0,18.9,94.0,964.9,-1.0,-1.0,-1.0,-1.0,D5,2012-10-20 22:00:00,411.2,41.41843,2.12388
7.9,162.0,18.8,99.0,989.3,-1.0,-1.0,-1.0,-1.0,D6,2012-10-20 22:00:00,196,42.43515,3.16622
0.9,12.0,15.8,94.0,1005.9,-1.0,-1.0,-1.0,-1.0,D7,2012-10-20 22:00:00,53,41.18499,0.59376
0.7,343.0,12.3,99.0,952.2,-1.0,-1.0,-1.0,-1.0,D8,2012-10-20 22:00:00,515,40.95134,0.30565
1.8,20.0,19.3,96.0,1004.9,-1.0,-1.0,-1.0,-1.0,D9,2012-10-20 22:00:00,59,41.21553,1.52121
1.1,88.0,17.4,100.0,973.7,-1.0,-1.0,-1.0,-1.0,H1,2012-10-20 22:00:00,333,41.58642,1.65306
0.6,31.0,18.1,93.0,987.6,-1.0,-1.0,-1.0,-1.0,R1,2012-10-20 22:00:00,210,41.70637,1.87276
-1.0,-1.0,16.0,93.0,-1.0,1.3,291.0,-1.0,-1.0,UA,2012-10-20 22:00:00,93,40.9091,0.76943
-1.0,-1.0,19.7,92.0,-1.0,0.3,196.0,-1.0,-1.0,UB,2012-10-20 22:00:00,15,42.05398,3.06195
-1.0,-1.0,19.5,93.0,-1.0,0.2,283.0,-1.0,-1.0,UC,2012-10-20 22:00:00,60,41.97726,2.99705
-1.0,-1.0,20.5,97.0,-1.0,-1.0,-1.0,-1.0,-1.0,UD,2012-10-20 22:00:00,12,42.02895,3.06227
-1.0,-1.0,20.7,95.0,-1.0,-1.0,-1.0,-1.0,-1.0,UE,2012-10-20 22:00:00,4,42.02306,3.15719
-1.0,-1.0,16.3,100.0,-1.0,1.6,74.0,-1.0,-1.0,UF,2012-10-20 22:00:00,573,41.28832,1.90775
-1.0,-1.0,21.1,96.0,-1.0,0.7,95.0,-1.0,-1.0,UG,2012-10-20 22:00:00,3,41.29928,2.03787
-1.0,-1.0,16.6,94.0,-1.0,0.6,43.0,0.6,57.0,UH,2012-10-20 22:00:00,545,41.34171,1.48769
-1.0,-1.0,12.0,99.0,-1.0,0.1,70.0,-1.0,-1.0,UI,2012-10-20 22:00:00,1386,42.26477,1.76218
-1.0,-1.0,15.4,92.0,-1.0,1.5,81.0,2.2,87.0,UJ,2012-10-20 22:00:00,709,41.52879,1.3683
-1.0,-1.0,18.2,92.0,-1.0,0.4,355.0,-1.0,-1.0,UK,2012-10-20 22:00:00,161,41.27861,1.80479
-1.0,-1.0,14.1,96.0,-1.0,0.4,278.0,-1.0,-1.0,UL,2012-10-20 22:00:00,228,41.52911,0.75303
-1.0,-1.0,12.5,98.0,-1.0,0.4,283.0,-1.0,-1.0,UM,2012-10-20 22:00:00,505,41.35991,0.66789
-1.0,-1.0,19.8,99.0,-1.0,0.3,350.0,-1.0,-1.0,UN,2012-10-20 22:00:00,171,41.87449,2.92694
-1.0,-1.0,19.8,94.0,-1.0,-1.0,-1.0,-1.0,-1.0,UO,2012-10-20 22:00:00,97,41.91461,2.82069
0.6,34.0,20.5,93.0,1002.2,-1.0,-1.0,-1.0,-1.0,UP,2012-10-20 22:00:00,81,41.51773,2.37702
-1.0,-1.0,17.3,87.0,-1.0,0.7,43.0,-1.0,-1.0,UQ,2012-10-20 22:00:00,460,41.61991,2.44532
-1.0,-1.0,18.5,98.0,-1.0,1.7,39.0,-1.0,-1.0,US,2012-10-20 22:00:00,24,40.55786,0.52329
1.0,274.0,17.1,97.0,1010.0,-1.0,-1.0,-1.0,-1.0,UU,2012-10-20 22:00:00,3,40.70776,0.6321
-1.0,-1.0,17.1,93.0,1010.4,2.1,351.0,-1.0,-1.0,UW,2012-10-20 22:00:00,0,40.62725,0.65922
-1.0,-1.0,15.7,100.0,-1.0,0.6,64.0,-1.0,-1.0,UX,2012-10-20 22:00:00,210,40.62652,0.37112
-1.0,-1.0,17.1,87.0,-1.0,1.3,87.0,3.1,94.0,UY,2012-10-20 22:00:00,576,41.87912,0.76103
-1.0,-1.0,19.7,98.0,-1.0,0.6,88.0,-1.0,-1.0,U1,2012-10-20 22:00:00,31,42.30648,2.95481
5.2,138.0,20.3,100.0,1011.6,-1.0,-1.0,-1.0,-1.0,U2,2012-10-20 22:00:00,4,42.17716,3.0968
-1.0,-1.0,17.5,94.0,-1.0,0.6,1.0,-1.0,-1.0,U3,2012-10-20 22:00:00,257,41.37491,1.63032
1.9,22.0,17.1,93.0,-1.0,0.8,44.0,-1.0,-1.0,U4,2012-10-20 22:00:00,507,41.83094,1.84699
-1.0,-1.0,13.4,94.0,-1.0,0.8,61.0,-1.0,-1.0,U5,2012-10-20 22:00:00,969,41.31349,0.99611
-1.0,-1.0,19.0,94.0,-1.0,2.1,58.0,-1.0,-1.0,U6,2012-10-20 22:00:00,29,41.08017,1.06661
-1.0,-1.0,16.0,89.0,-1.0,1.9,8.0,-1.0,-1.0,U7,2012-10-20 22:00:00,52,40.85936,0.50525
-1.0,-1.0,17.3,93.0,-1.0,1.1,11.0,-1.0,-1.0,U9,2012-10-20 22:00:00,62,40.76947,0.61635
-1.0,-1.0,14.2,96.0,-1.0,0.6,66.0,-1.0,-1.0,VA,2012-10-20 22:00:00,257,41.19645,0.51161
0.7,61.0,16.3,90.0,-1.0,-1.0,-1.0,-1.0,-1.0,VB,2012-10-20 22:00:00,32,41.06289,0.63517
-1.0,-1.0,15.5,87.0,-1.0,1.3,245.0,-1.0,-1.0,VC,2012-10-20 22:00:00,69,41.24415,0.43266
-1.0,-1.0,17.6,81.0,-1.0,1.1,102.0,-1.0,-1.0,VD,2012-10-20 22:00:00,429,41.68939,1.20381
-1.0,-1.0,15.1,94.0,-1.0,0.1,196.0,-1.0,-1.0,VE,2012-10-20 22:00:00,97,41.48692,0.46058
-1.0,-1.0,14.8,97.0,-1.0,0.0,230.0,-1.0,-1.0,VF,2012-10-20 22:00:00,122,41.56482,0.54999
-1.0,-1.0,13.8,97.0,-1.0,0.8,231.0,-1.0,-1.0,VH,2012-10-20 22:00:00,259,41.65814,0.39301
-1.0,-1.0,14.4,92.0,-1.0,0.6,210.0,-1.0,-1.0,VJ,2012-10-20 22:00:00,161,41.59957,0.6478
1.4,244.0,13.9,97.0,978.4,-1.0,-1.0,-1.0,-1.0,VK,2012-10-20 22:00:00,286,41.68328,0.4487
-1.0,-1.0,14.3,91.0,-1.0,0.7,209.0,-1.0,-1.0,VM,2012-10-20 22:00:00,222,41.7145,0.62839
-1.0,-1.0,19.6,93.0,-1.0,-1.0,-1.0,-1.0,-1.0,VN,2012-10-20 22:00:00,117,41.88244,2.74262
-1.0,-1.0,16.0,82.0,-1.0,1.3,63.0,-1.0,-1.0,VO,2012-10-20 22:00:00,785,42.08745,1.42792
-1.0,-1.0,16.0,97.0,-1.0,1.8,86.0,3.2,87.0,VP,2012-10-20 22:00:00,659,41.80483,1.53853
2.2,54.0,18.5,100.0,998.0,-1.0,-1.0,-1.0,-1.0,VQ,2012-10-20 22:00:00,112,41.1713,1.16774
-1.0,-1.0,14.7,94.0,-1.0,0.2,229.0,-1.0,-1.0,VR,2012-10-20 22:00:00,291,41.68994,1.04401
18.0,194.0,6.0,100.0,771.9,-1.0,-1.0,-1.0,-1.0,VS,2012-10-20 22:00:00,2247,42.63835,0.77889
-1.0,-1.0,20.0,92.0,-1.0,0.4,102.0,-1.0,-1.0,VT,2012-10-20 22:00:00,84,41.48401,2.12745
-1.0,-1.0,16.5,87.0,-1.0,0.7,54.0,-1.0,-1.0,VU,2012-10-20 22:00:00,421,41.63286,1.91718
0.2,341.0,17.1,100.0,-1.0,-1.0,-1.0,-1.0,-1.0,VV,2012-10-20 22:00:00,528,41.68129,2.02647
-1.0,-1.0,14.1,85.0,-1.0,2.1,134.0,-1.0,-1.0,VX,2012-10-20 22:00:00,1030,41.74761,2.30291
-1.0,-1.0,17.8,94.0,-1.0,-1.0,-1.0,-1.0,-1.0,VY,2012-10-20 22:00:00,240,41.25095,1.29863
-1.0,-1.0,20.0,96.0,-1.0,-1.0,-1.0,-1.0,-1.0,VZ,2012-10-20 22:00:00,83,42.38443,3.00736
-1.0,-1.0,14.8,93.0,-1.0,0.7,190.0,-1.0,-1.0,V1,2012-10-20 22:00:00,238,41.78487,0.82939
-1.0,-1.0,16.4,100.0,-1.0,0.3,303.0,-1.0,-1.0,V3,2012-10-20 22:00:00,509,41.95224,2.23271
-1.0,-1.0,15.4,94.0,935.8,-1.0,-1.0,0.4,322.0,V4,2012-10-20 22:00:00,684,42.11477,2.21483
-1.0,-1.0,15.8,95.0,-1.0,1.2,98.0,1.5,84.0,V5,2012-10-20 22:00:00,774,42.03947,2.11993
-1.0,-1.0,14.3,91.0,-1.0,0.3,226.0,-1.0,-1.0,V8,2012-10-20 22:00:00,223,41.67279,0.87741
-1.0,-1.0,17.5,89.0,-1.0,1.3,71.0,-1.0,-1.0,WA,2012-10-20 22:00:00,443,41.87694,1.1541
-1.0,-1.0,14.4,98.0,-1.0,0.9,209.0,-1.0,-1.0,WB,2012-10-20 22:00:00,267,41.76036,0.67022
-1.0,-1.0,13.7,92.0,-1.0,1.2,248.0,-1.0,-1.0,WC,2012-10-20 22:00:00,261,41.63642,0.92446
-1.0,-1.0,12.9,100.0,-1.0,0.5,355.0,-1.0,-1.0,WD,2012-10-20 22:00:00,382,41.08671,0.31884
-1.0,-1.0,19.1,91.0,-1.0,0.0,30.0,-1.0,-1.0,WE,2012-10-20 22:00:00,126,41.5444,2.30014
-1.0,-1.0,19.5,92.0,-1.0,-1.0,-1.0,-1.0,-1.0,WF,2012-10-20 22:00:00,108,41.95425,2.77578
-1.0,-1.0,15.2,93.0,-1.0,0.6,241.0,-1.0,-1.0,WG,2012-10-20 22:00:00,301,41.80104,0.64804
-1.0,-1.0,13.0,94.0,-1.0,0.9,270.0,-1.0,-1.0,WI,2012-10-20 22:00:00,350,41.35741,0.4809
-1.0,-1.0,15.2,100.0,-1.0,0.3,277.0,-1.0,-1.0,WJ,2012-10-20 22:00:00,141,41.1223,0.72182
-1.0,-1.0,15.1,92.0,-1.0,0.3,225.0,-1.0,-1.0,WK,2012-10-20 22:00:00,268,41.81949,0.57768
-1.0,-1.0,14.4,96.0,-1.0,0.7,242.0,-1.0,-1.0,WL,2012-10-20 22:00:00,413,41.57236,1.0882
2.1,48.0,13.5,94.0,-1.0,-1.0,-1.0,-1.0,-1.0,WM,2012-10-20 22:00:00,1167,42.10736,1.8267
-1.0,-1.0,15.5,100.0,-1.0,-1.0,-1.0,2.9,109.0,WN,2012-10-20 22:00:00,916,41.59539,1.83751
-1.0,-1.0,18.6,91.0,-1.0,-1.0,-1.0,-1.0,-1.0,WO,2012-10-20 22:00:00,185,41.27151,1.46717
-1.0,-1.0,17.5,100.0,-1.0,0.5,348.0,-1.0,-1.0,WP,2012-10-20 22:00:00,325,41.48518,1.69337
8.4,136.0,9.7,99.0,840.3,-1.0,-1.0,-1.0,-1.0,WQ,2012-10-20 22:00:00,1572,42.0513,0.72952
-1.0,-1.0,14.7,98.0,-1.0,0.2,281.0,-1.0,-1.0,WR,2012-10-20 22:00:00,300,41.2163,0.79748
0.7,157.0,14.6,96.0,905.5,-1.0,-1.0,-1.0,-1.0,WS,2012-10-20 22:00:00,953,41.84008,2.41877
2.7,338.0,20.4,99.0,1011.8,-1.0,-1.0,-1.0,-1.0,WT,2012-10-20 22:00:00,2,41.64707,2.75658
-1.0,-1.0,20.9,94.0,1007.2,-1.0,-1.0,3.2,49.0,WU,2012-10-20 22:00:00,42,41.45215,2.24757
0.7,277.0,15.1,97.0,925.3,-1.0,-1.0,-1.0,-1.0,WV,2012-10-20 22:00:00,788,42.23414,1.87485
-1.0,-1.0,17.9,95.0,-1.0,-1.0,-1.0,-1.0,-1.0,WW,2012-10-20 22:00:00,278,41.79423,1.9368
-1.0,-1.0,16.5,90.0,-1.0,2.8,95.0,-1.0,-1.0,WX,2012-10-20 22:00:00,668,41.9178,0.88175
-1.0,-1.0,18.2,96.0,-1.0,0.3,312.0,-1.0,-1.0,WY,2012-10-20 22:00:00,164,41.43386,1.79429
0.5,29.0,19.7,95.0,1009.8,-1.0,-1.0,-1.0,-1.0,WZ,2012-10-20 22:00:00,17,41.20187,1.63346
-1.0,-1.0,20.0,92.0,-1.0,-1.0,-1.0,-1.0,-1.0,W1,2012-10-20 22:00:00,2,42.24726,3.09021
-1.0,-1.0,20.4,99.0,-1.0,-1.0,-1.0,-1.0,-1.0,W2,2012-10-20 22:00:00,7,42.18259,3.05783
-1.0,-1.0,20.9,91.0,-1.0,-1.0,-1.0,-1.0,-1.0,W3,2012-10-20 22:00:00,4,42.15006,3.06494
-1.0,-1.0,17.9,92.0,-1.0,0.7,21.0,-1.0,-1.0,W4,2012-10-20 22:00:00,240,41.36619,1.72857
-1.0,-1.0,16.5,99.0,-1.0,0.3,20.0,-1.0,-1.0,W5,2012-10-20 22:00:00,490,42.07683,1.31489
-1.0,-1.0,18.3,93.0,-1.0,0.7,81.0,-1.0,-1.0,W6,2012-10-20 22:00:00,158,41.13738,1.0187
-1.0,-1.0,17.2,89.0,-1.0,-1.0,-1.0,-1.0,-1.0,W8,2012-10-20 22:00:00,438,41.44237,1.15998
-1.0,-1.0,17.1,98.0,-1.0,0.6,283.0,-1.0,-1.0,W9,2012-10-20 22:00:00,461,42.14557,2.45451
3.9,97.0,14.8,96.0,923.9,-1.0,-1.0,-1.0,-1.0,XA,2012-10-20 22:00:00,785,41.60257,1.4007
-1.0,-1.0,15.9,94.0,-1.0,-1.0,-1.0,-1.0,-1.0,XB,2012-10-20 22:00:00,584,41.4779,1.53529
2.5,64.0,19.8,95.0,995.2,-1.0,-1.0,-1.0,-1.0,XC,2012-10-20 22:00:00,147,41.47892,1.97546
1.9,101.0,15.2,85.0,933.4,-1.0,-1.0,-1.0,-1.0,XD,2012-10-20 22:00:00,687,41.32,0.8857
2.2,71.0,20.0,92.0,1010.5,-1.0,-1.0,-1.0,-1.0,XE,2012-10-20 22:00:00,5,41.10393,1.201
2.9,63.0,19.0,98.0,982.3,-1.0,-1.0,-1.0,-1.0,XF,2012-10-20 22:00:00,258,41.56568,2.06952
1.7,57.0,20.2,87.0,998.5,-1.0,-1.0,-1.0,-1.0,XG,2012-10-20 22:00:00,123,41.56734,2.22619
-1.0,-1.0,14.4,99.0,935.6,-1.0,-1.0,-1.0,-1.0,XH,2012-10-20 22:00:00,679,42.40533,1.12993
-1.0,-1.0,14.3,92.0,983.2,0.9,254.0,-1.0,-1.0,XI,2012-10-20 22:00:00,247,41.61817,0.87182
0.8,303.0,19.8,99.0,1003.9,-1.0,-1.0,-1.0,-1.0,XJ,2012-10-20 22:00:00,72,41.98223,2.80686
6.9,160.0,9.6,100.0,-1.0,-1.0,-1.0,-1.0,-1.0,XK,2012-10-20 22:00:00,1668,41.77362,2.43774
2.8,92.0,21.3,97.0,-1.0,-1.0,-1.0,-1.0,-1.0,XL,2012-10-20 22:00:00,8,41.34045,2.08022
-1.0,-1.0,13.9,94.0,-1.0,0.8,233.0,-1.0,-1.0,XM,2012-10-20 22:00:00,235,41.59522,0.73507
-1.0,-1.0,14.9,95.0,-1.0,0.1,238.0,-1.0,-1.0,XN,2012-10-20 22:00:00,89,41.46379,0.42765
-1.0,-1.0,16.8,99.0,-1.0,-1.0,-1.0,-1.0,-1.0,XO,2012-10-20 22:00:00,499,41.93497,2.23987
-1.0,-1.0,13.5,94.0,-1.0,0.4,274.0,-1.0,-1.0,XP,2012-10-20 22:00:00,349,41.06581,0.43006
0.6,39.0,16.2,94.0,933.8,-1.0,-1.0,-1.0,-1.0,XT,2012-10-20 22:00:00,691,41.98766,1.51165
1.2,248.0,14.6,100.0,970.5,-1.0,-1.0,-1.0,-1.0,X1,2012-10-20 22:00:00,359,41.15374,0.81953
-1.0,-1.0,21.4,97.0,-1.0,-1.0,-1.0,-1.0,-1.0,X2,2012-10-20 22:00:00,7,41.38943,2.18847
1.7,251.0,13.6,96.0,968.7,-1.0,-1.0,-1.0,-1.0,X3,2012-10-20 22:00:00,370,41.74281,0.5358
2.8,74.0,21.4,96.0,1007.5,-1.0,-1.0,-1.0,-1.0,X4,2012-10-20 22:00:00,33,41.3839,2.16775
3.1,40.0,11.7,94.0,892.5,-1.0,-1.0,-1.0,-1.0,X5,2012-10-20 22:00:00,1055,40.79705,0.31822
-1.0,-1.0,18.3,87.0,-1.0,1.5,35.0,-1.0,-1.0,X6,2012-10-20 22:00:00,366,41.92173,1.02901
-1.0,-1.0,14.0,95.0,-1.0,1.0,265.0,-1.0,-1.0,X7,2012-10-20 22:00:00,215,41.51909,0.55314
2.5,82.0,20.4,95.0,1002.3,-1.0,-1.0,-1.0,-1.0,X8,2012-10-20 22:00:00,79,41.37919,2.1054
1.4,55.0,19.3,94.0,992.1,-1.0,-1.0,-1.0,-1.0,X9,2012-10-20 22:00:00,176,41.61265,2.16836
6.4,230.0,4.6,97.0,-1.0,-1.0,-1.0,-1.0,-1.0,ZB,2012-10-20 22:00:00,2451,42.51939,1.36597
4.8,158.0,5.7,99.0,-1.0,-1.0,-1.0,-1.0,-1.0,ZC,2012-10-20 22:00:00,2410,42.42117,2.24565
-1.0,-1.0,6.9,86.0,-1.0,-1.0,-1.0,4.5,79.0,Z1,2012-10-20 22:00:00,2266,42.64691,0.98486
-1.0,-1.0,3.9,98.0,-1.0,-1.0,-1.0,2.2,352.0,Z2,2012-10-20 22:00:00,2535,42.46602,0.88405
-1.0,-1.0,6.0,97.0,-1.0,-1.0,-1.0,1.4,190.0,Z3,2012-10-20 22:00:00,2230,42.46605,1.7785
-1.0,-1.0,5.1,100.0,-1.0,-1.0,-1.0,7.3,257.0,Z5,2012-10-20 22:00:00,2400,42.70029,1.27201
-1.0,-1.0,7.8,76.0,-1.0,-1.0,-1.0,4.2,106.0,Z6,2012-10-20 22:00:00,2228,42.77011,0.73198
4.0,209.0,4.0,98.0,-1.0,-1.0,-1.0,-1.0,-1.0,Z7,2012-10-20 22:00:00,2519,42.53412,1.05476
-1.0,-1.0,5.2,100.0,-1.0,-1.0,-1.0,7.5,133.0,Z8,2012-10-20 22:00:00,2316,42.18254,1.52407
2.9,116.0,6.7,94.0,-1.0,-1.0,-1.0,-1.0,-1.0,Z9,2012-10-20 22:00:00,2143,42.29265,1.71498
0.8,251.0,15.9,95.0,940.7,-1.0,-1.0,-1.0,-1.0,CC,2012-10-20 22:30:00,626,42.07398,2.20862
2.1,19.0,14.5,88.0,916.4,-1.0,-1.0,-1.0,-1.0,CD,2012-10-20 22:30:00,849,42.37083,1.43277
1.1,67.0,18.4,99.0,975.1,-1.0,-1.0,-1.0,-1.0,CE,2012-10-20 22:30:00,316,41.53109,1.80813
3.5,219.0,11.4,100.0,858.6,-1.0,-1.0,-1.0,-1.0,CG,2012-10-20 22:30:00,1405,42.37717,2.41456
1.2,241.0,14.0,96.0,916.6,-1.0,-1.0,-1.0,-1.0,CI,2012-10-20 22:30:00,852,42.25839,2.36429
2.1,347.0,16.1,92.0,948.0,-1.0,-1.0,-1.0,-1.0,CJ,2012-10-20 22:30:00,566.5,42.21624,1.33132
0.6,313.0,17.6,100.0,971.6,-1.0,-1.0,-1.0,-1.0,CL,2012-10-20 22:30:00,349,41.67399,1.76796
3.0,113.0,17.3,76.0,934.0,-1.0,-1.0,-1.0,-1.0,CP,2012-10-20 22:30:00,690,42.13924,1.03893
1.7,346.0,17.8,83.0,944.0,-1.0,-1.0,-1.0,-1.0,CQ,2012-10-20 22:30:00,594,41.99546,1.02569
0.6,27.0,14.4,99.0,915.0,-1.0,-1.0,-1.0,-1.0,CR,2012-10-20 22:30:00,873,42.08032,1.9624
0.3,39.0,13.2,98.0,918.4,-1.0,-1.0,-1.0,-1.0,CT,2012-10-20 22:30:00,823,42.39811,0.74362
0.9,176.0,11.3,94.0,896.7,-1.0,-1.0,-1.0,-1.0,CU,2012-10-20 22:30:00,1002,42.69856,0.79397
2.6,14.0,16.9,85.0,952.5,-1.0,-1.0,-1.0,-1.0,CV,2012-10-20 22:30:00,513.3,42.23939,0.96434
1.9,67.0,16.4,93.0,959.9,-1.0,-1.0,-1.0,-1.0,CW,2012-10-20 22:30:00,446,41.39241,1.09894
1.0,77.0,15.6,99.0,920.7,-1.0,-1.0,-1.0,-1.0,CY,2012-10-20 22:30:00,816,41.87813,2.17873
2.3,222.0,14.3,100.0,980.9,-1.0,-1.0,-1.0,-1.0,C6,2012-10-20 22:30:00,264,41.6566,0.95172
5.1,113.0,18.1,95.0,962.1,-1.0,-1.0,-1.0,-1.0,C7,2012-10-20 22:30:00,427,41.66695,1.16234
3.8,96.0,17.4,87.0,948.0,-1.0,-1.0,-1.0,-1.0,C8,2012-10-20 22:30:00,554,41.67555,1.29609
2.5,13.0,16.0,97.0,982.4,-1.0,-1.0,-1.0,-1.0,C9,2012-10-20 22:30:00,240,40.71825,0.39988
4.0,2.0,14.7,97.0,989.6,-1.0,-1.0,-1.0,-1.0,DB,2012-10-20 22:30:00,179,40.87287,0.71581
0.9,197.0,17.3,98.0,963.4,-1.0,-1.0,-1.0,-1.0,DC,2012-10-20 22:30:00,421.5,42.19144,2.48263
0.8,59.0,20.4,96.0,1006.5,-1.0,-1.0,-1.0,-1.0,DD,2012-10-20 22:30:00,44.5,41.51175,2.38674
0.1,28.0,20.3,99.0,1008.7,-1.0,-1.0,-1.0,-1.0,DF,2012-10-20 22:30:00,28.6,41.97751,3.03543
2.1,292.0,7.9,96.0,802.7,-1.0,-1.0,-1.0,-1.0,DG,2012-10-20 22:30:00,1971.4,42.39848,2.15517
1.8,23.0,17.4,94.0,964.2,-1.0,-1.0,-1.0,-1.0,DI,2012-10-20 22:30:00,415,41.43292,1.62386
1.5,277.0,19.3,99.0,991.4,-1.0,-1.0,-1.0,-1.0,DJ,2012-10-20 22:30:00,176,42.11653,2.78969
5.6,85.0,20.7,94.0,1010.9,-1.0,-1.0,-1.0,-1.0,DK,2012-10-20 22:30:00,2,41.14677,1.41846
2.0,73.0,19.3,95.0,1009.9,-1.0,-1.0,-1.0,-1.0,DL,2012-10-20 22:30:00,0.5,40.70719,0.83449
0.7,286.0,19.1,97.0,994.1,-1.0,-1.0,-1.0,-1.0,DN,2012-10-20 22:30:00,150,41.96095,2.63108
0.7,64.0,20.4,95.0,1010.1,-1.0,-1.0,-1.0,-1.0,DO,2012-10-20 22:30:00,14,41.80857,3.03241
2.4,12.0,13.0,83.0,890.8,-1.0,-1.0,-1.0,-1.0,DP,2012-10-20 22:30:00,1097,42.38605,1.8664
1.9,91.0,17.4,91.0,978.5,-1.0,-1.0,-1.0,-1.0,DQ,2012-10-20 22:30:00,287,41.30728,1.36259
-1.0,-1.0,13.5,99.0,964.6,-1.0,-1.0,-1.0,-1.0,D1,2012-10-20 22:30:00,404,41.28521,0.75383
-1.0,-1.0,18.8,92.0,971.9,-1.0,-1.0,-1.0,-1.0,D2,2012-10-20 22:30:00,343,41.59252,1.915
1.6,143.0,18.8,97.0,982.2,-1.0,-1.0,-1.0,-1.0,D3,2012-10-20 22:30:00,252,41.38197,1.93564
5.2,112.0,20.5,96.0,1008.8,-1.0,-1.0,-1.0,-1.0,D4,2012-10-20 22:30:00,24,42.27065,3.18165
3.8,75.0,18.6,94.0,964.5,-1.0,-1.0,-1.0,-1.0,D5,2012-10-20 22:30:00,411.2,41.41843,2.12388
9.7,164.0,18.6,99.0,988.8,-1.0,-1.0,-1.0,-1.0,D6,2012-10-20 22:30:00,196,42.43515,3.16622
1.6,19.0,15.4,94.0,1005.6,-1.0,-1.0,-1.0,-1.0,D7,2012-10-20 22:30:00,53,41.18499,0.59376
1.4,341.0,12.2,99.0,951.7,-1.0,-1.0,-1.0,-1.0,D8,2012-10-20 22:30:00,515,40.95134,0.30565
1.2,20.0,19.1,97.0,1004.6,-1.0,-1.0,-1.0,-1.0,D9,2012-10-20 22:30:00,59,41.21553,1.52121
0.9,28.0,17.6,100.0,973.3,-1.0,-1.0,-1.0,-1.0,H1,2012-10-20 22:30:00,333,41.58642,1.65306
1.1,3.0,18.1,94.0,987.1,-1.0,-1.0,-1.0,-1.0,R1,2012-10-20 22:30:00,210,41.70637,1.87276
2.7,70.0,18.7,100.0,997.7,-1.0,-1.0,-1.0,-1.0,VQ,2012-10-20 22:30:00,112,41.1713,1.16774
16.9,197.0,5.9,100.0,772.2,-1.0,-1.0,-1.0,-1.0,VS,2012-10-20 22:30:00,2247,42.63835,0.77889
-1.0,-1.0,20.8,95.0,1006.6,-1.0,-1.0,2.6,42.0,WU,2012-10-20 22:30:00,42,41.45215,2.24757
0.8,33.0,19.5,95.0,1009.5,-1.0,-1.0,-1.0,-1.0,WZ,2012-10-20 22:30:00,17,41.20187,1.63346
3.4,92.0,14.9,96.0,923.6,-1.0,-1.0,-1.0,-1.0,XA,2012-10-20 22:30:00,785,41.60257,1.4007
2.1,80.0,19.8,96.0,994.9,-1.0,-1.0,-1.0,-1.0,XC,2012-10-20 22:30:00,147,41.47892,1.97546
2.2,85.0,15.3,84.0,933.1,-1.0,-1.0,-1.0,-1.0,XD,2012-10-20 22:30:00,687,41.32,0.8857
2.2,83.0,20.1,95.0,1010.3,-1.0,-1.0,-1.0,-1.0,XE,2012-10-20 22:30:00,5,41.10393,1.201
3.2,52.0,18.9,99.0,981.7,-1.0,-1.0,-1.0,-1.0,XF,2012-10-20 22:30:00,258,41.56568,2.06952
2.6,30.0,19.9,89.0,997.9,-1.0,-1.0,-1.0,-1.0,XG,2012-10-20 22:30:00,123,41.56734,2.22619
-1.0,-1.0,14.3,99.0,935.7,-1.0,-1.0,-1.0,-1.0,XH,2012-10-20 22:30:00,679,42.40533,1.12993
0.7,56.0,19.5,100.0,1003.4,-1.0,-1.0,-1.0,-1.0,XJ,2012-10-20 22:30:00,72,41.98223,2.80686
7.5,174.0,8.9,100.0,-1.0,-1.0,-1.0,-1.0,-1.0,XK,2012-10-20 22:30:00,1668,41.77362,2.43774
2.6,96.0,21.3,97.0,-1.0,-1.0,-1.0,-1.0,-1.0,XL,2012-10-20 22:30:00,8,41.34045,2.08022
-1.0,-1.0,16.7,100.0,-1.0,-1.0,-1.0,-1.0,-1.0,XO,2012-10-20 22:30:00,499,41.93497,2.23987
-1.0,-1.0,13.4,95.0,-1.0,0.7,285.0,-1.0,-1.0,XP,2012-10-20 22:30:00,349,41.06581,0.43006
1.2,97.0,16.0,95.0,933.9,-1.0,-1.0,-1.0,-1.0,XT,2012-10-20 22:30:00,691,41.98766,1.51165
2.3,87.0,20.2,95.0,1002.0,-1.0,-1.0,-1.0,-1.0,X8,2012-10-20 22:30:00,79,41.37919,2.1054
8.5,180.0,4.2,98.0,-1.0,-1.0,-1.0,-1.0,-1.0,ZB,2012-10-20 22:30:00,2451,42.51939,1.36597
5.6,196.0,5.5,99.0,-1.0,-1.0,-1.0,-1.0,-1.0,ZC,2012-10-20 22:30:00,2410,42.42117,2.24565
-1.0,-1.0,6.0,94.0,-1.0,-1.0,-1.0,5.8,94.0,Z1,2012-10-20 22:30:00,2266,42.64691,0.98486
-1.0,-1.0,3.4,98.0,-1.0,-1.0,-1.0,3.8,25.0,Z2,2012-10-20 22:30:00,2535,42.46602,0.88405
-1.0,-1.0,5.7,97.0,-1.0,-1.0,-1.0,2.3,222.0,Z3,2012-10-20 22:30:00,2230,42.46605,1.7785
-1.0,-1.0,5.0,100.0,-1.0,-1.0,-1.0,5.4,238.0,Z5,2012-10-20 22:30:00,2400,42.70029,1.27201
-1.0,-1.0,7.7,76.0,-1.0,-1.0,-1.0,4.8,101.0,Z6,2012-10-20 22:30:00,2228,42.77011,0.73198
4.0,258.0,4.1,98.0,-1.0,-1.0,-1.0,-1.0,-1.0,Z7,2012-10-20 22:30:00,2519,42.53412,1.05476
-1.0,-1.0,5.5,100.0,-1.0,-1.0,-1.0,8.5,129.0,Z8,2012-10-20 22:30:00,2316,42.18254,1.52407
1.7,56.0,6.3,94.0,-1.0,-1.0,-1.0,-1.0,-1.0,Z9,2012-10-20 22:30:00,2143,42.29265,1.71498
0.7,192.0,16.0,95.0,940.4,-1.0,-1.0,-1.0,-1.0,CC,2012-10-20 23:00:00,626,42.07398,2.20862
0.5,208.0,14.0,91.0,916.3,-1.0,-1.0,-1.0,-1.0,CD,2012-10-20 23:00:00,849,42.37083,1.43277
1.6,102.0,18.4,100.0,975.1,-1.0,-1.0,-1.0,-1.0,CE,2012-10-20 23:00:00,316,41.53109,1.80813
3.1,232.0,10.7,98.0,858.1,-1.0,-1.0,-1.0,-1.0,CG,2012-10-20 23:00:00,1405,42.37717,2.41456
0.9,230.0,13.8,96.0,916.0,-1.0,-1.0,-1.0,-1.0,CI,2012-10-20 23:00:00,852,42.25839,2.36429
2.3,17.0,15.9,93.0,948.1,-1.0,-1.0,-1.0,-1.0,CJ,2012-10-20 23:00:00,566.5,42.21624,1.33132
0.1,288.0,17.5,100.0,971.4,-1.0,-1.0,-1.0,-1.0,CL,2012-10-20 23:00:00,349,41.67399,1.76796
6.2,93.0,17.4,74.0,934.0,-1.0,-1.0,-1.0,-1.0,CP,2012-10-20 23:00:00,690,42.13924,1.03893
2.9,337.0,17.5,84.0,943.8,-1.0,-1.0,-1.0,-1.0,CQ,2012-10-20 23:00:00,594,41.99546,1.02569
0.9,0.0,13.8,99.0,914.6,-1.0,-1.0,-1.0,-1.0,CR,2012-10-20 23:00:00,873,42.08032,1.9624
0.5,350.0,13.1,99.0,918.3,-1.0,-1.0,-1.0,-1.0,CT,2012-10-20 23:00:00,823,42.39811,0.74362
1.0,164.0,11.4,94.0,897.0,-1.0,-1.0,-1.0,-1.0,CU,2012-10-20 23:00:00,1002,42.69856,0.79397
1.9,6.0,16.7,85.0,952.6,-1.0,-1.0,-1.0,-1.0,CV,2012-10-20 23:00:00,513.3,42.23939,0.96434
2.2,79.0,16.4,93.0,959.7,-1.0,-1.0,-1.0,-1.0,CW,2012-10-20 23:00:00,446,41.39241,1.09894
1.2,78.0,15.5,99.0,920.2,-1.0,-1.0,-1.0,-1.0,CY,2012-10-20 23:00:00,816,41.87813,2.17873
2.1,243.0,14.2,100.0,980.8,-1.0,-1.0,-1.0,-1.0,C6,2012-10-20 23:00:00,264,41.6566,0.95172
4.2,115.0,18.1,97.0,962.1,-1.0,-1.0,-1.0,-1.0,C7,2012-10-20 23:00:00,427,41.66695,1.16234
4.2,89.0,17.2,90.0,947.8,-1.0,-1.0,-1.0,-1.0,C8,2012-10-20 23:00:00,554,41.67555,1.29609
2.8,6.0,15.5,99.0,982.3,-1.0,-1.0,-1.0,-1.0,C9,2012-10-20 23:00:00,240,40.71825,0.39988
4.1,351.0,14.6,98.0,989.5,-1.0,-1.0,-1.0,-1.0,DB,2012-10-20 23:00:00,179,40.87287,0.71581
0.8,139.0,17.3,98.0,962.9,-1.0,-1.0,-1.0,-1.0,DC,2012-10-20 23:00:00,421.5,42.19144,2.48263
1.2,73.0,20.3,97.0,1006.6,-1.0,-1.0,-1.0,-1.0,DD,2012-10-20 23:00:00,44.5,41.51175,2.38674
1.2,36.0,20.0,99.0,1008.4,-1.0,-1.0,-1.0,-1.0,DF,2012-10-20 23:00:00,28.6,41.97751,3.03543
2.1,298.0,8.0,96.0,802.4,-1.0,-1.0,-1.0,-1.0,DG,2012-10-20 23:00:00,1971.4,42.39848,2.15517
2.1,62.0,17.8,95.0,964.1,-1.0,-1.0,-1.0,-1.0,DI,2012-10-20 23:00:00,415,41.43292,1.62386
1.0,23.0,19.1,99.0,991.0,-1.0,-1.0,-1.0,-1.0,DJ,2012-10-20 23:00:00,176,42.11653,2.78969
6.2,88.0,20.6,94.0,1010.8,-1.0,-1.0,-1.0,-1.0,DK,2012-10-20 23:00:00,2,41.14677,1.41846
5.5,116.0,20.0,90.0,1009.7,-1.0,-1.0,-1.0,-1.0,DL,2012-10-20 23:00:00,0.5,40.70719,0.83449
0.5,269.0,18.9,98.0,993.9,-1.0,-1.0,-1.0,-1.0,DN,2012-10-20 23:00:00,150,41.96095,2.63108
1.2,84.0,20.2,95.0,1010.0,-1.0,-1.0,-1.0,-1.0,DO,2012-10-20 23:00:00,14,41.80857,3.03241
2.0,123.0,12.5,88.0,890.5,-1.0,-1.0,-1.0,-1.0,DP,2012-10-20 23:00:00,1097,42.38605,1.8664
1.5,79.0,17.2,91.0,978.4,-1.0,-1.0,-1.0,-1.0,DQ,2012-10-20 23:00:00,287,41.30728,1.36259
-1.0,-1.0,13.5,99.0,964.3,-1.0,-1.0,-1.0,-1.0,D1,2012-10-20 23:00:00,404,41.28521,0.75383
-1.0,-1.0,18.2,95.0,971.9,-1.0,-1.0,-1.0,-1.0,D2,2012-10-20 23:00:00,343,41.59252,1.915
1.9,164.0,18.7,97.0,982.2,-1.0,-1.0,-1.0,-1.0,D3,2012-10-20 23:00:00,252,41.38197,1.93564
4.8,113.0,20.5,96.0,1008.8,-1.0,-1.0,-1.0,-1.0,D4,2012-10-20 23:00:00,24,42.27065,3.18165
2.5,87.0,18.4,94.0,964.6,-1.0,-1.0,-1.0,-1.0,D5,2012-10-20 23:00:00,411.2,41.41843,2.12388
9.3,156.0,18.7,100.0,988.7,-1.0,-1.0,-1.0,-1.0,D6,2012-10-20 23:00:00,196,42.43515,3.16622
1.8,1.0,14.8,96.0,1005.2,-1.0,-1.0,-1.0,-1.0,D7,2012-10-20 23:00:00,53,41.18499,0.59376
1.1,339.0,12.0,99.0,951.5,-1.0,-1.0,-1.0,-1.0,D8,2012-10-20 23:00:00,515,40.95134,0.30565
1.9,39.0,19.0,97.0,1004.5,-1.0,-1.0,-1.0,-1.0,D9,2012-10-20 23:00:00,59,41.21553,1.52121
2.3,70.0,17.8,100.0,973.2,-1.0,-1.0,-1.0,-1.0,H1,2012-10-20 23:00:00,333,41.58642,1.65306
0.3,347.0,17.9,94.0,987.0,-1.0,-1.0,-1.0,-1.0,R1,2012-10-20 23:00:00,210,41.70637,1.87276
-1.0,-1.0,15.9,96.0,-1.0,1.2,280.0,-1.0,-1.0,UA,2012-10-20 23:00:00,93,40.9091,0.76943
-1.0,-1.0,19.6,93.0,-1.0,0.2,123.0,-1.0,-1.0,UB,2012-10-20 23:00:00,15,42.05398,3.06195
-1.0,-1.0,19.3,93.0,-1.0,0.4,27.0,-1.0,-1.0,UC,2012-10-20 23:00:00,60,41.97726,2.99705
-1.0,-1.0,20.6,97.0,-1.0,-1.0,-1.0,-1.0,-1.0,UD,2012-10-20 23:00:00,12,42.02895,3.06227
-1.0,-1.0,20.5,96.0,-1.0,-1.0,-1.0,-1.0,-1.0,UE,2012-10-20 23:00:00,4,42.02306,3.15719
-1.0,-1.0,15.7,100.0,-1.0,1.2,72.0,-1.0,-1.0,UF,2012-10-20 23:00:00,573,41.28832,1.90775
-1.0,-1.0,20.3,93.0,-1.0,0.8,117.0,-1.0,-1.0,UG,2012-10-20 23:00:00,3,41.29928,2.03787
-1.0,-1.0,16.5,94.0,-1.0,0.7,56.0,1.0,66.0,UH,2012-10-20 23:00:00,545,41.34171,1.48769
-1.0,-1.0,11.1,99.0,-1.0,0.0,289.0,-1.0,-1.0,UI,2012-10-20 23:00:00,1386,42.26477,1.76218
-1.0,-1.0,15.4,92.0,-1.0,2.2,79.0,3.1,88.0,UJ,2012-10-20 23:00:00,709,41.52879,1.3683
-1.0,-1.0,18.7,93.0,-1.0,0.6,305.0,-1.0,-1.0,UK,2012-10-20 23:00:00,161,41.27861,1.80479
-1.0,-1.0,14.0,96.0,-1.0,0.3,343.0,-1.0,-1.0,UL,2012-10-20 23:00:00,228,41.52911,0.75303
-1.0,-1.0,12.7,98.0,-1.0,1.2,2.0,-1.0,-1.0,UM,2012-10-20 23:00:00,505,41.35991,0.66789
-1.0,-1.0,19.7,99.0,-1.0,0.0,33.0,-1.0,-1.0,UN,2012-10-20 23:00:00,171,41.87449,2.92694
-1.0,-1.0,19.7,95.0,-1.0,-1.0,-1.0,-1.0,-1.0,UO,2012-10-20 23:00:00,97,41.91461,2.82069
0.9,107.0,19.9,94.0,1002.4,-1.0,-1.0,-1.0,-1.0,UP,2012-10-20 23:00:00,81,41.51773,2.37702
-1.0,-1.0,16.5,89.0,-1.0,0.9,85.0,-1.0,-1.0,UQ,2012-10-20 23:00:00,460,41.61991,2.44532
-1.0,-1.0,18.3,97.0,-1.0,2.3,39.0,-1.0,-1.0,US,2012-10-20 23:00:00,24,40.55786,0.52329
1.4,268.0,16.7,98.0,1009.4,-1.0,-1.0,-1.0,-1.0,UU,2012-10-20 23:00:00,3,40.70776,0.6321
-1.0,-1.0,16.8,94.0,1009.8,1.9,352.0,-1.0,-1.0,UW,2012-10-20 23:00:00,0,40.62725,0.65922
-1.0,-1.0,15.3,100.0,-1.0,1.0,52.0,-1.0,-1.0,UX,2012-10-20 23:00:00,210,40.62652,0.37112
-1.0,-1.0,17.0,91.0,-1.0,1.4,94.0,2.9,99.0,UY,2012-10-20 23:00:00,576,41.87912,0.76103
-1.0,-1.0,19.0,100.0,-1.0,0.4,82.0,-1.0,-1.0,U1,2012-10-20 23:00:00,31,42.30648,2.95481
3.5,138.0,20.2,100.0,1011.4,-1.0,-1.0,-1.0,-1.0,U2,2012-10-20 23:00:00,4,42.17716,3.0968
-1.0,-1.0,17.3,94.0,-1.0,0.4,12.0,-1.0,-1.0,U3,2012-10-20 23:00:00,257,41.37491,1.63032
1.7,12.0,16.9,94.0,-1.0,0.4,29.0,-1.0,-1.0,U4,2012-10-20 23:00:00,507,41.83094,1.84699
-1.0,-1.0,13.2,93.0,-1.0,1.2,64.0,-1.0,-1.0,U5,2012-10-20 23:00:00,969,41.31349,0.99611
-1.0,-1.0,19.2,94.0,-1.0,2.3,75.0,-1.0,-1.0,U6,2012-10-20 23:00:00,29,41.08017,1.06661
-1.0,-1.0,15.3,93.0,-1.0,1.9,3.0,-1.0,-1.0,U7,2012-10-20 23:00:00,52,40.85936,0.50525
-1.0,-1.0,17.5,93.0,-1.0,0.9,33.0,-1.0,-1.0,U9,2012-10-20 23:00:00,62,40.76947,0.61635
-1.0,-1.0,13.7,96.0,-1.0,1.4,3.0,-1.0,-1.0,VA,2012-10-20 23:00:00,257,41.19645,0.51161
0.8,270.0,15.6,95.0,-1.0,-1.0,-1.0,-1.0,-1.0,VB,2012-10-20 23:00:00,32,41.06289,0.63517
-1.0,-1.0,14.9,90.0,-1.0,0.8,234.0,-1.0,-1.0,VC,2012-10-20 23:00:00,69,41.24415,0.43266
-1.0,-1.0,17.7,83.0,-1.0,1.0,107.0,-1.0,-1.0,VD,2012-10-20 23:00:00,429,41.68939,1.20381
-1.0,-1.0,15.1,94.0,-1.0,0.0,181.0,-1.0,-1.0,VE,2012-10-20 23:00:00,97,41.48692,0.46058
-1.0,-1.0,14.8,97.0,-1.0,0.0,38.0,-1.0,-1.0,VF,2012-10-20 23:00:00,122,41.56482,0.54999
-1.0,-1.0,13.7,97.0,-1.0,0.1,327.0,-1.0,-1.0,VH,2012-10-20 23:00:00,259,41.65814,0.39301
-1.0,-1.0,14.3,92.0,-1.0,0.4,186.0,-1.0,-1.0,VJ,2012-10-20 23:00:00,161,41.59957,0.6478
0.4,264.0,13.8,97.0,977.9,-1.0,-1.0,-1.0,-1.0,VK,2012-10-20 23:00:00,286,41.68328,0.4487
-1.0,-1.0,14.2,92.0,-1.0,0.5,142.0,-1.0,-1.0,VM,2012-10-20 23:00:00,222,41.7145,0.62839
-1.0,-1.0,19.5,94.0,-1.0,-1.0,-1.0,-1.0,-1.0,VN,2012-10-20 23:00:00,117,41.88244,2.74262
-1.0,-1.0,16.1,77.0,-1.0,1.5,66.0,-1.0,-1.0,VO,2012-10-20 23:00:00,785,42.08745,1.42792
-1.0,-1.0,15.9,98.0,-1.0,2.1,82.0,3.3,86.0,VP,2012-10-20 23:00:00,659,41.80483,1.53853
2.9,73.0,18.6,100.0,997.5,-1.0,-1.0,-1.0,-1.0,VQ,2012-10-20 23:00:00,112,41.1713,1.16774
-1.0,-1.0,14.2,95.0,-1.0,0.4,303.0,-1.0,-1.0,VR,2012-10-20 23:00:00,291,41.68994,1.04401
15.3,194.0,5.8,100.0,772.8,-1.0,-1.0,-1.0,-1.0,VS,2012-10-20 23:00:00,2247,42.63835,0.77889
-1.0,-1.0,19.9,93.0,-1.0,0.6,94.0,-1.0,-1.0,VT,2012-10-20 23:00:00,84,41.48401,2.12745
-1.0,-1.0,16.1,89.0,-1.0,0.4,36.0,-1.0,-1.0,VU,2012-10-20 23:00:00,421,41.63286,1.91718
0.2,77.0,16.7,100.0,-1.0,-1.0,-1.0,-1.0,-1.0,VV,2012-10-20 23:00:00,528,41.68129,2.02647
-1.0,-1.0,13.2,88.0,-1.0,1.7,168.0,-1.0,-1.0,VX,2012-10-20 23:00:00,1030,41.74761,2.30291
-1.0,-1.0,17.6,94.0,-1.0,-1.0,-1.0,-1.0,-1.0,VY,2012-10-20 23:00:00,240,41.25095,1.29863
-1.0,-1.0,19.3,96.0,-1.0,-1.0,-1.0,-1.0,-1.0,VZ,2012-10-20 23:00:00,83,42.38443,3.00736
-1.0,-1.0,14.4,93.0,-1.0,0.4,189.0,-1.0,-1.0,V1,2012-10-20 23:00:00,238,41.78487,0.82939
-1.0,-1.0,16.3,100.0,-1.0,0.2,37.0,-1.0,-1.0,V3,2012-10-20 23:00:00,509,41.95224,2.23271
-1.0,-1.0,15.3,94.0,935.2,-1.0,-1.0,0.3,293.0,V4,2012-10-20 23:00:00,684,42.11477,2.21483
-1.0,-1.0,15.4,96.0,-1.0,1.2,106.0,1.5,92.0,V5,2012-10-20 23:00:00,774,42.03947,2.11993
-1.0,-1.0,14.2,92.0,-1.0,0.1,226.0,-1.0,-1.0,V8,2012-10-20 23:00:00,223,41.67279,0.87741
-1.0,-1.0,17.8,86.0,-1.0,1.6,83.0,-1.0,-1.0,WA,2012-10-20 23:00:00,443,41.87694,1.1541
-1.0,-1.0,14.0,99.0,-1.0,0.6,176.0,-1.0,-1.0,WB,2012-10-20 23:00:00,267,41.76036,0.67022
-1.0,-1.0,13.7,92.0,-1.0,0.6,283.0,-1.0,-1.0,WC,2012-10-20 23:00:00,261,41.63642,0.92446
-1.0,-1.0,12.9,100.0,-1.0,0.5,347.0,-1.0,-1.0,WD,2012-10-20 23:00:00,382,41.08671,0.31884
-1.0,-1.0,18.7,92.0,-1.0,0.4,82.0,-1.0,-1.0,WE,2012-10-20 23:00:00,126,41.5444,2.30014
-1.0,-1.0,19.2,93.0,-1.0,-1.0,-1.0,-1.0,-1.0,WF,2012-10-20 23:00:00,108,41.95425,2.77578
-1.0,-1.0,14.6,93.0,-1.0,0.3,122.0,-1.0,-1.0,WG,2012-10-20 23:00:00,301,41.80104,0.64804
-1.0,-1.0,12.9,95.0,-1.0,0.8,333.0,-1.0,-1.0,WI,2012-10-20 23:00:00,350,41.35741,0.4809
-1.0,-1.0,14.9,100.0,-1.0,1.3,293.0,-1.0,-1.0,WJ,2012-10-20 23:00:00,141,41.1223,0.72182
-1.0,-1.0,14.8,93.0,-1.0,0.0,345.0,-1.0,-1.0,WK,2012-10-20 23:00:00,268,41.81949,0.57768
-1.0,-1.0,14.1,97.0,-1.0,0.8,298.0,-1.0,-1.0,WL,2012-10-20 23:00:00,413,41.57236,1.0882
3.4,339.0,12.2,89.0,-1.0,-1.0,-1.0,-1.0,-1.0,WM,2012-10-20 23:00:00,1167,42.10736,1.8267
-1.0,-1.0,14.9,100.0,-1.0,-1.0,-1.0,3.6,121.0,WN,2012-10-20 23:00:00,916,41.59539,1.83751
-1.0,-1.0,18.2,93.0,-1.0,-1.0,-1.0,-1.0,-1.0,WO,2012-10-20 23:00:00,185,41.27151,1.46717
-1.0,-1.0,17.8,100.0,-1.0,0.5,68.0,-1.0,-1.0,WP,2012-10-20 23:00:00,325,41.48518,1.69337
8.2,129.0,9.7,99.0,840.1,-1.0,-1.0,-1.0,-1.0,WQ,2012-10-20 23:00:00,1572,42.0513,0.72952
-1.0,-1.0,14.6,99.0,-1.0,0.3,324.0,-1.0,-1.0,WR,2012-10-20 23:00:00,300,41.2163,0.79748
1.2,132.0,12.9,96.0,905.3,-1.0,-1.0,-1.0,-1.0,WS,2012-10-20 23:00:00,953,41.84008,2.41877
1.5,277.0,20.5,100.0,1012.0,-1.0,-1.0,-1.0,-1.0,WT,2012-10-20 23:00:00,2,41.64707,2.75658
-1.0,-1.0,20.8,94.0,1006.8,-1.0,-1.0,2.3,70.0,WU,2012-10-20 23:00:00,42,41.45215,2.24757
0.6,324.0,14.5,97.0,924.8,-1.0,-1.0,-1.0,-1.0,WV,2012-10-20 23:00:00,788,42.23414,1.87485
-1.0,-1.0,17.7,96.0,-1.0,-1.0,-1.0,-1.0,-1.0,WW,2012-10-20 23:00:00,278,41.79423,1.9368
-1.0,-1.0,16.1,92.0,-1.0,2.6,101.0,-1.0,-1.0,WX,2012-10-20 23:00:00,668,41.9178,0.88175
-1.0,-1.0,18.2,96.0,-1.0,0.6,245.0,-1.0,-1.0,WY,2012-10-20 23:00:00,164,41.43386,1.79429
0.5,53.0,19.5,95.0,1009.4,-1.0,-1.0,-1.0,-1.0,WZ,2012-10-20 23:00:00,17,41.20187,1.63346
-1.0,-1.0,19.7,93.0,-1.0,-1.0,-1.0,-1.0,-1.0,W1,2012-10-20 23:00:00,2,42.24726,3.09021
-1.0,-1.0,20.5,99.0,-1.0,-1.0,-1.0,-1.0,-1.0,W2,2012-10-20 23:00:00,7,42.18259,3.05783
-1.0,-1.0,20.7,92.0,-1.0,-1.0,-1.0,-1.0,-1.0,W3,2012-10-20 23:00:00,4,42.15006,3.06494
-1.0,-1.0,17.7,93.0,-1.0,0.8,88.0,-1.0,-1.0,W4,2012-10-20 23:00:00,240,41.36619,1.72857
-1.0,-1.0,16.0,100.0,-1.0,0.5,42.0,-1.0,-1.0,W5,2012-10-20 23:00:00,490,42.07683,1.31489
-1.0,-1.0,18.6,93.0,-1.0,1.0,74.0,-1.0,-1.0,W6,2012-10-20 23:00:00,158,41.13738,1.0187
-1.0,-1.0,16.8,92.0,-1.0,-1.0,-1.0,-1.0,-1.0,W8,2012-10-20 23:00:00,438,41.44237,1.15998
-1.0,-1.0,16.9,98.0,-1.0,0.2,227.0,-1.0,-1.0,W9,2012-10-20 23:00:00,461,42.14557,2.45451
3.9,96.0,15.2,96.0,923.4,-1.0,-1.0,-1.0,-1.0,XA,2012-10-20 23:00:00,785,41.60257,1.4007
-1.0,-1.0,16.2,95.0,-1.0,-1.0,-1.0,-1.0,-1.0,XB,2012-10-20 23:00:00,584,41.4779,1.53529
0.9,142.0,19.7,97.0,995.0,-1.0,-1.0,-1.0,-1.0,XC,2012-10-20 23:00:00,147,41.47892,1.97546
1.5,86.0,15.1,87.0,932.8,-1.0,-1.0,-1.0,-1.0,XD,2012-10-20 23:00:00,687,41.32,0.8857
2.8,93.0,19.8,93.0,1010.0,-1.0,-1.0,-1.0,-1.0,XE,2012-10-20 23:00:00,5,41.10393,1.201
2.2,49.0,18.9,98.0,981.6,-1.0,-1.0,-1.0,-1.0,XF,2012-10-20 23:00:00,258,41.56568,2.06952
1.7,69.0,19.9,89.0,997.8,-1.0,-1.0,-1.0,-1.0,XG,2012-10-20 23:00:00,123,41.56734,2.22619
-1.0,-1.0,14.3,99.0,935.6,-1.0,-1.0,-1.0,-1.0,XH,2012-10-20 23:00:00,679,42.40533,1.12993
-1.0,-1.0,14.2,92.0,982.8,0.5,269.0,-1.0,-1.0,XI,2012-10-20 23:00:00,247,41.61817,0.87182
0.5,323.0,19.4,100.0,1003.0,-1.0,-1.0,-1.0,-1.0,XJ,2012-10-20 23:00:00,72,41.98223,2.80686
8.4,182.0,9.1,99.0,-1.0,-1.0,-1.0,-1.0,-1.0,XK,2012-10-20 23:00:00,1668,41.77362,2.43774
2.1,120.0,21.0,97.0,-1.0,-1.0,-1.0,-1.0,-1.0,XL,2012-10-20 23:00:00,8,41.34045,2.08022
-1.0,-1.0,13.9,94.0,-1.0,0.3,230.0,-1.0,-1.0,XM,2012-10-20 23:00:00,235,41.59522,0.73507
-1.0,-1.0,14.9,96.0,-1.0,0.2,130.0,-1.0,-1.0,XN,2012-10-20 23:00:00,89,41.46379,0.42765
-1.0,-1.0,16.7,100.0,-1.0,-1.0,-1.0,-1.0,-1.0,XO,2012-10-20 23:00:00,499,41.93497,2.23987
-1.0,-1.0,13.2,96.0,-1.0,0.3,250.0,-1.0,-1.0,XP,2012-10-20 23:00:00,349,41.06581,0.43006
0.6,30.0,16.0,95.0,933.6,-1.0,-1.0,-1.0,-1.0,XT,2012-10-20 23:00:00,691,41.98766,1.51165
1.7,237.0,14.8,100.0,969.6,-1.0,-1.0,-1.0,-1.0,X1,2012-10-20 23:00:00,359,41.15374,0.81953
-1.0,-1.0,20.8,96.0,-1.0,-1.0,-1.0,-1.0,-1.0,X2,2012-10-20 23:00:00,7,41.38943,2.18847
0.9,315.0,13.5,96.0,968.3,-1.0,-1.0,-1.0,-1.0,X3,2012-10-20 23:00:00,370,41.74281,0.5358
2.3,96.0,21.1,93.0,1007.5,-1.0,-1.0,-1.0,-1.0,X4,2012-10-20 23:00:00,33,41.3839,2.16775
4.0,45.0,11.7,95.0,891.8,-1.0,-1.0,-1.0,-1.0,X5,2012-10-20 23:00:00,1055,40.79705,0.31822
-1.0,-1.0,18.1,88.0,-1.0,1.8,27.0,-1.0,-1.0,X6,2012-10-20 23:00:00,366,41.92173,1.02901
-1.0,-1.0,14.0,95.0,-1.0,0.4,236.0,-1.0,-1.0,X7,2012-10-20 23:00:00,215,41.51909,0.55314
2.2,107.0,20.2,94.0,1002.1,-1.0,-1.0,-1.0,-1.0,X8,2012-10-20 23:00:00,79,41.37919,2.1054
1.2,17.0,18.7,96.0,991.9,-1.0,-1.0,-1.0,-1.0,X9,2012-10-20 23:00:00,176,41.61265,2.16836
6.8,194.0,3.9,98.0,-1.0,-1.0,-1.0,-1.0,-1.0,ZB,2012-10-20 23:00:00,2451,42.51939,1.36597
8.1,216.0,5.8,93.0,-1.0,-1.0,-1.0,-1.0,-1.0,ZC,2012-10-20 23:00:00,2410,42.42117,2.24565
-1.0,-1.0,5.6,96.0,-1.0,-1.0,-1.0,5.2,96.0,Z1,2012-10-20 23:00:00,2266,42.64691,0.98486
-1.0,-1.0,3.4,98.0,-1.0,-1.0,-1.0,3.3,12.0,Z2,2012-10-20 23:00:00,2535,42.46602,0.88405
-1.0,-1.0,6.0,97.0,-1.0,-1.0,-1.0,2.3,227.0,Z3,2012-10-20 23:00:00,2230,42.46605,1.7785
-1.0,-1.0,4.8,100.0,-1.0,-1.0,-1.0,4.8,244.0,Z5,2012-10-20 23:00:00,2400,42.70029,1.27201
-1.0,-1.0,7.7,76.0,-1.0,-1.0,-1.0,3.4,77.0,Z6,2012-10-20 23:00:00,2228,42.77011,0.73198
4.7,211.0,3.8,98.0,-1.0,-1.0,-1.0,-1.0,-1.0,Z7,2012-10-20 23:00:00,2519,42.53412,1.05476
-1.0,-1.0,5.2,100.0,-1.0,-1.0,-1.0,9.4,125.0,Z8,2012-10-20 23:00:00,2316,42.18254,1.52407
2.3,332.0,6.7,95.0,-1.0,-1.0,-1.0,-1.0,-1.0,Z9,2012-10-20 23:00:00,2143,42.29265,1.71498
0.6,63.0,15.8,95.0,940.3,-1.0,-1.0,-1.0,-1.0,CC,2012-10-20 23:30:00,626,42.07398,2.20862
0.9,326.0,13.9,92.0,915.9,-1.0,-1.0,-1.0,-1.0,CD,2012-10-20 23:30:00,849,42.37083,1.43277
1.7,97.0,18.4,100.0,975.0,-1.0,-1.0,-1.0,-1.0,CE,2012-10-20 23:30:00,316,41.53109,1.80813
1.9,227.0,10.7,96.0,858.4,-1.0,-1.0,-1.0,-1.0,CG,2012-10-20 23:30:00,1405,42.37717,2.41456
0.7,217.0,13.5,96.0,916.1,-1.0,-1.0,-1.0,-1.0,CI,2012-10-20 23:30:00,852,42.25839,2.36429
2.0,335.0,15.8,93.0,947.7,-1.0,-1.0,-1.0,-1.0,CJ,2012-10-20 23:30:00,566.5,42.21624,1.33132
0.1,139.0,17.4,100.0,971.3,-1.0,-1.0,-1.0,-1.0,CL,2012-10-20 23:30:00,349,41.67399,1.76796
5.8,79.0,17.1,73.0,933.7,-1.0,-1.0,-1.0,-1.0,CP,2012-10-20 23:30:00,690,42.13924,1.03893
3.7,343.0,17.4,83.0,943.6,-1.0,-1.0,-1.0,-1.0,CQ,2012-10-20 23:30:00,594,41.99546,1.02569
0.9,4.0,13.4,99.0,914.3,-1.0,-1.0,-1.0,-1.0,CR,2012-10-20 23:30:00,873,42.08032,1.9624
0.3,26.0,13.2,99.0,918.3,-1.0,-1.0,-1.0,-1.0,CT,2012-10-20 23:30:00,823,42.39811,0.74362
0.6,75.0,11.3,94.0,896.7,-1.0,-1.0,-1.0,-1.0,CU,2012-10-20 23:30:00,1002,42.69856,0.79397
1.3,19.0,16.7,85.0,952.5,-1.0,-1.0,-1.0,-1.0,CV,2012-10-20 23:30:00,513.3,42.23939,0.96434
2.2,74.0,16.1,93.0,959.1,-1.0,-1.0,-1.0,-1.0,CW,2012-10-20 23:30:00,446,41.39241,1.09894
1.4,98.0,15.3,100.0,920.4,-1.0,-1.0,-1.0,-1.0,CY,2012-10-20 23:30:00,816,41.87813,2.17873
0.6,336.0,14.1,100.0,980.3,-1.0,-1.0,-1.0,-1.0,C6,2012-10-20 23:30:00,264,41.6566,0.95172
2.5,95.0,17.6,100.0,961.9,-1.0,-1.0,-1.0,-1.0,C7,2012-10-20 23:30:00,427,41.66695,1.16234
4.6,83.0,17.1,91.0,947.6,-1.0,-1.0,-1.0,-1.0,C8,2012-10-20 23:30:00,554,41.67555,1.29609
2.1,356.0,15.7,100.0,981.9,-1.0,-1.0,-1.0,-1.0,C9,2012-10-20 23:30:00,240,40.71825,0.39988
3.6,6.0,14.6,99.0,989.1,-1.0,-1.0,-1.0,-1.0,DB,2012-10-20 23:30:00,179,40.87287,0.71581
0.4,225.0,17.1,98.0,963.0,-1.0,-1.0,-1.0,-1.0,DC,2012-10-20 23:30:00,421.5,42.19144,2.48263
1.9,79.0,20.0,97.0,1007.0,-1.0,-1.0,-1.0,-1.0,DD,2012-10-20 23:30:00,44.5,41.51175,2.38674
0.7,284.0,20.0,100.0,1008.5,-1.0,-1.0,-1.0,-1.0,DF,2012-10-20 23:30:00,28.6,41.97751,3.03543
2.4,327.0,8.1,93.0,802.2,-1.0,-1.0,-1.0,-1.0,DG,2012-10-20 23:30:00,1971.4,42.39848,2.15517
3.2,85.0,17.8,96.0,963.8,-1.0,-1.0,-1.0,-1.0,DI,2012-10-20 23:30:00,415,41.43292,1.62386
0.3,85.0,18.9,99.0,991.3,-1.0,-1.0,-1.0,-1.0,DJ,2012-10-20 23:30:00,176,42.11653,2.78969
6.5,69.0,20.3,87.0,1009.9,-1.0,-1.0,-1.0,-1.0,DK,2012-10-20 23:30:00,2,41.14677,1.41846
4.8,114.0,19.5,89.0,1009.4,-1.0,-1.0,-1.0,-1.0,DL,2012-10-20 23:30:00,0.5,40.70719,0.83449
0.4,46.0,18.8,98.0,994.3,-1.0,-1.0,-1.0,-1.0,DN,2012-10-20 23:30:00,150,41.96095,2.63108
0.4,185.0,20.2,95.0,1010.3,-1.0,-1.0,-1.0,-1.0,DO,2012-10-20 23:30:00,14,41.80857,3.03241
1.1,152.0,12.1,90.0,890.2,-1.0,-1.0,-1.0,-1.0,DP,2012-10-20 23:30:00,1097,42.38605,1.8664
2.2,75.0,17.0,91.0,977.6,-1.0,-1.0,-1.0,-1.0,DQ,2012-10-20 23:30:00,287,41.30728,1.36259
-1.0,-1.0,13.4,99.0,963.6,-1.0,-1.0,-1.0,-1.0,D1,2012-10-20 23:30:00,404,41.28521,0.75383
-1.0,-1.0,18.0,97.0,971.9,-1.0,-1.0,-1.0,-1.0,D2,2012-10-20 23:30:00,343,41.59252,1.915
3.2,136.0,18.0,96.0,982.0,-1.0,-1.0,-1.0,-1.0,D3,2012-10-20 23:30:00,252,41.38197,1.93564
4.5,114.0,20.4,97.0,1008.8,-1.0,-1.0,-1.0,-1.0,D4,2012-10-20 23:30:00,24,42.27065,3.18165
4.1,100.0,18.4,94.0,964.6,-1.0,-1.0,-1.0,-1.0,D5,2012-10-20 23:30:00,411.2,41.41843,2.12388
8.4,157.0,18.8,100.0,988.8,-1.0,-1.0,-1.0,-1.0,D6,2012-10-20 23:30:00,196,42.43515,3.16622
0.6,291.0,14.8,96.0,1005.0,-1.0,-1.0,-1.0,-1.0,D7,2012-10-20 23:30:00,53,41.18499,0.59376
1.4,357.0,12.0,99.0,951.1,-1.0,-1.0,-1.0,-1.0,D8,2012-10-20 23:30:00,515,40.95134,0.30565
2.2,35.0,18.8,98.0,1003.6,-1.0,-1.0,-1.0,-1.0,D9,2012-10-20 23:30:00,59,41.21553,1.52121
0.7,86.0,17.7,100.0,973.1,-1.0,-1.0,-1.0,-1.0,H1,2012-10-20 23:30:00,333,41.58642,1.65306
0.8,132.0,17.7,94.0,987.1,-1.0,-1.0,-1.0,-1.0,R1,2012-10-20 23:30:00,210,41.70637,1.87276
3.2,83.0,18.6,100.0,996.8,-1.0,-1.0,-1.0,-1.0,VQ,2012-10-20 23:30:00,112,41.1713,1.16774
15.4,191.0,5.8,100.0,772.5,-1.0,-1.0,-1.0,-1.0,VS,2012-10-20 23:30:00,2247,42.63835,0.77889
-1.0,-1.0,20.5,93.0,1007.1,-1.0,-1.0,4.1,79.0,WU,2012-10-20 23:30:00,42,41.45215,2.24757
1.2,42.0,19.5,96.0,1008.5,-1.0,-1.0,-1.0,-1.0,WZ,2012-10-20 23:30:00,17,41.20187,1.63346
4.3,95.0,15.3,96.0,923.1,-1.0,-1.0,-1.0,-1.0,XA,2012-10-20 23:30:00,785,41.60257,1.4007
1.7,103.0,19.7,97.0,994.9,-1.0,-1.0,-1.0,-1.0,XC,2012-10-20 23:30:00,147,41.47892,1.97546
1.8,106.0,15.2,85.0,932.2,-1.0,-1.0,-1.0,-1.0,XD,2012-10-20 23:30:00,687,41.32,0.8857
2.3,89.0,18.9,91.0,1009.3,-1.0,-1.0,-1.0,-1.0,XE,2012-10-20 23:30:00,5,41.10393,1.201
2.5,67.0,18.8,98.0,981.9,-1.0,-1.0,-1.0,-1.0,XF,2012-10-20 23:30:00,258,41.56568,2.06952
1.9,86.0,19.8,90.0,998.4,-1.0,-1.0,-1.0,-1.0,XG,2012-10-20 23:30:00,123,41.56734,2.22619
-1.0,-1.0,14.1,99.0,935.5,-1.0,-1.0,-1.0,-1.0,XH,2012-10-20 23:30:00,679,42.40533,1.12993
0.4,218.0,19.4,100.0,1003.4,-1.0,-1.0,-1.0,-1.0,XJ,2012-10-20 23:30:00,72,41.98223,2.80686
9.2,179.0,9.0,100.0,-1.0,-1.0,-1.0,-1.0,-1.0,XK,2012-10-20 23:30:00,1668,41.77362,2.43774
3.4,99.0,20.6,94.0,-1.0,-1.0,-1.0,-1.0,-1.0,XL,2012-10-20 23:30:00,8,41.34045,2.08022
-1.0,-1.0,16.7,100.0,-1.0,-1.0,-1.0,-1.0,-1.0,XO,2012-10-20 23:30:00,499,41.93497,2.23987
-1.0,-1.0,13.1,97.0,-1.0,0.6,295.0,-1.0,-1.0,XP,2012-10-20 23:30:00,349,41.06581,0.43006
0.3,166.0,15.9,96.0,933.3,-1.0,-1.0,-1.0,-1.0,XT,2012-10-20 23:30:00,691,41.98766,1.51165
2.7,103.0,19.7,93.0,1002.0,-1.0,-1.0,-1.0,-1.0,X8,2012-10-20 23:30:00,79,41.37919,2.1054
5.5,302.0,4.4,97.0,-1.0,-1.0,-1.0,-1.0,-1.0,ZB,2012-10-20 23:30:00,2451,42.51939,1.36597
3.8,162.0,5.9,92.0,-1.0,-1.0,-1.0,-1.0,-1.0,ZC,2012-10-20 23:30:00,2410,42.42117,2.24565
-1.0,-1.0,5.6,97.0,-1.0,-1.0,-1.0,4.7,88.0,Z1,2012-10-20 23:30:00,2266,42.64691,0.98486
-1.0,-1.0,3.4,98.0,-1.0,-1.0,-1.0,1.7,323.0,Z2,2012-10-20 23:30:00,2535,42.46602,0.88405
-1.0,-1.0,5.9,97.0,-1.0,-1.0,-1.0,2.8,239.0,Z3,2012-10-20 23:30:00,2230,42.46605,1.7785
-1.0,-1.0,4.8,100.0,-1.0,-1.0,-1.0,3.3,196.0,Z5,2012-10-20 23:30:00,2400,42.70029,1.27201
-1.0,-1.0,7.7,77.0,-1.0,-1.0,-1.0,3.0,100.0,Z6,2012-10-20 23:30:00,2228,42.77011,0.73198
4.6,210.0,3.9,98.0,-1.0,-1.0,-1.0,-1.0,-1.0,Z7,2012-10-20 23:30:00,2519,42.53412,1.05476
-1.0,-1.0,5.5,100.0,-1.0,-1.0,-1.0,10.1,126.0,Z8,2012-10-20 23:30:00,2316,42.18254,1.52407
2.2,32.0,6.9,95.0,-1.0,-1.0,-1.0,-1.0,-1.0,Z9,2012-10-20 23:30:00,2143,42.29265,1.71498
